0 0.20182 0.35938 0.20182 0.41992 0.2487 0.41992 0.2487 0.35938
0 0.20182 0.47754 0.20182 0.53809 0.2474 0.53809 0.2474 0.47754
0 0.32552 0.36133 0.32552 0.42188 0.36328 0.42188 0.36328 0.36133
0 0.38281 0.3623 0.38281 0.42188 0.42318 0.42188 0.42318 0.3623
0 0.32422 0.47949 0.32422 0.53906 0.36328 0.53906 0.36328 0.47949
0 0.38151 0.48047 0.38151 0.54004 0.42188 0.54004 0.42188 0.48047
0 0.4987 0.36328 0.4987 0.42285 0.53646 0.42285 0.53646 0.36328
0 0.55599 0.36426 0.55599 0.4248 0.59375 0.4248 0.59375 0.36426
0 0.4974 0.48145 0.4974 0.54004 0.53385 0.54004 0.53385 0.48145
0 0.55339 0.48145 0.55339 0.54004 0.59245 0.54004 0.59245 0.48145
0 0.67057 0.36621 0.67057 0.4248 0.71224 0.4248 0.71224 0.36621
0 0.66667 0.48242 0.66667 0.54102 0.70964 0.54102 0.70964 0.48242
0 0.66797 0.59863 0.66797 0.66406 0.71224 0.66406 0.71224 0.59863
0 0.50911 0.59863 0.50911 0.66406 0.57682 0.66406 0.57682 0.59863
0 0.33724 0.59863 0.33724 0.66406 0.40755 0.66406 0.40755 0.59863
0 0.20312 0.5957 0.20312 0.66309 0.2487 0.66309 0.2487 0.5957
0 0.20312 0.71875 0.20312 0.78613 0.2474 0.78613 0.2474 0.71875
0 0.32422 0.71875 0.32422 0.78516 0.36198 0.78516 0.36198 0.71875
0 0.38151 0.71875 0.38151 0.78516 0.42057 0.78516 0.42057 0.71875
0 0.49479 0.71875 0.49479 0.78418 0.53385 0.78418 0.53385 0.71875
0 0.55208 0.71875 0.55208 0.78418 0.59115 0.78418 0.59115 0.71875
0 0.66406 0.71875 0.66406 0.78418 0.70833 0.78418 0.70833 0.71875
0 0.66406 0.84082 0.66406 0.90039 0.70833 0.90039 0.70833 0.84082
0 0.55599 0.83984 0.55599 0.90137 0.59375 0.90137 0.59375 0.83984
0 0.49609 0.84082 0.49609 0.90137 0.53255 0.90137 0.53255 0.84082
1 0.3724 0.87207 0.3724 0.98926 0.43099 0.98926 0.43099 0.87207
0 0.26823 0.84277 0.26823 0.90332 0.30729 0.90332 0.30729 0.84277
0 0.20573 0.84277 0.20573 0.9043 0.24479 0.9043 0.24479 0.84277
1 0.65755 0.92285 0.65755 0.99512 0.72266 0.99512 0.72266 0.92285
0 0.5599 0.94922 0.5599 0.99316 0.59635 0.99316 0.59635 0.94922
0 0.4987 0.94922 0.4987 0.99316 0.53385 0.99316 0.53385 0.94922
0 0.20703 0.95215 0.20703 0.99512 0.24609 0.99512 0.24609 0.95215
0 0.26953 0.95117 0.26953 0.99512 0.30729 0.99512 0.30729 0.95117
0 0.80339 0.43848 0.80339 0.50293 0.84896 0.50293 0.84896 0.43848
0 0.80469 0.55957 0.80469 0.62891 0.85156 0.62891 0.85156 0.55957
0 0.80729 0.68945 0.80729 0.75684 0.85417 0.75684 0.85417 0.68945
0 0.048177 0.46094 0.048177 0.52344 0.095052 0.52344 0.095052 0.46094
0 0.049479 0.58008 0.049479 0.64648 0.097656 0.64648 0.097656 0.58008
