0 0.34349 0.044922 0.34349 0.074219 0.37056 0.074219 0.37056 0.044922
0 0.3824 0.044922 0.3824 0.074219 0.40948 0.074219 0.40948 0.044922
0 0.24027 0.045898 0.24027 0.076172 0.26734 0.076172 0.26734 0.045898
0 0.20305 0.045898 0.20305 0.076172 0.23012 0.076172 0.23012 0.045898
0 0.062606 0.047852 0.062606 0.077148 0.089679 0.077148 0.089679 0.047852
0 0.48562 0.043945 0.48562 0.073242 0.51269 0.073242 0.51269 0.043945
0 0.52453 0.044922 0.52453 0.074219 0.55161 0.074219 0.55161 0.044922
0 0.62437 0.044922 0.62437 0.075195 0.65144 0.075195 0.65144 0.044922
0 0.66328 0.045898 0.66328 0.075195 0.69036 0.075195 0.69036 0.045898
0 0.80372 0.046875 0.80372 0.076172 0.8308 0.076172 0.8308 0.046875
0 0.76481 0.045898 0.76481 0.076172 0.79188 0.076172 0.79188 0.045898
0 0.90355 0.047852 0.90355 0.077148 0.93063 0.077148 0.93063 0.047852
0 0.94247 0.047852 0.94247 0.077148 0.96954 0.077148 0.96954 0.047852
0 0.054146 0.1416 0.054146 0.19141 0.12014 0.19141 0.12014 0.1416
0 0.19628 0.14062 0.19628 0.19043 0.26227 0.19043 0.26227 0.14062
0 0.3401 0.14062 0.3401 0.18945 0.40609 0.18945 0.40609 0.14062
0 0.48393 0.13867 0.48393 0.18848 0.54992 0.18848 0.54992 0.13867
0 0.62267 0.1416 0.62267 0.19141 0.68866 0.19141 0.68866 0.1416
0 0.76311 0.13965 0.76311 0.18945 0.8291 0.18945 0.8291 0.13965
0 0.90186 0.1416 0.90186 0.19141 0.96785 0.19141 0.96785 0.1416
0 0.90355 0.22754 0.90355 0.27734 0.96954 0.27734 0.96954 0.22754
0 0.7665 0.22461 0.7665 0.27441 0.83249 0.27441 0.83249 0.22461
0 0.62098 0.22461 0.62098 0.27441 0.68697 0.27441 0.68697 0.22461
0 0.47885 0.22363 0.47885 0.27344 0.54484 0.27344 0.54484 0.22363
0 0.33672 0.22461 0.33672 0.27441 0.40271 0.27441 0.40271 0.22461
0 0.19459 0.22949 0.19459 0.27832 0.26058 0.27832 0.26058 0.22949
0 0.052453 0.22949 0.052453 0.27832 0.11844 0.27832 0.11844 0.22949
0 0.049069 0.31738 0.049069 0.36719 0.11506 0.36719 0.11506 0.31738
0 0.19289 0.31445 0.19289 0.36426 0.25888 0.36426 0.25888 0.31445
0 0.33333 0.3125 0.33333 0.3623 0.39932 0.3623 0.39932 0.3125
0 0.47716 0.31152 0.47716 0.36133 0.54315 0.36133 0.54315 0.31152
0 0.62267 0.31152 0.62267 0.36133 0.68866 0.36133 0.68866 0.31152
0 0.76142 0.31348 0.76142 0.36328 0.82741 0.36328 0.82741 0.31348
0 0.90863 0.31445 0.90863 0.36426 0.97462 0.36426 0.97462 0.31445
0 0.90863 0.40137 0.90863 0.45117 0.97462 0.45117 0.97462 0.40137
0 0.76311 0.40039 0.76311 0.44922 0.8291 0.44922 0.8291 0.40039
0 0.62267 0.40137 0.62267 0.45117 0.68866 0.45117 0.68866 0.40137
0 0.47716 0.40234 0.47716 0.45215 0.54315 0.45215 0.54315 0.40234
0 0.33503 0.40137 0.33503 0.45117 0.40102 0.45117 0.40102 0.40137
0 0.18951 0.40332 0.18951 0.45312 0.2555 0.45312 0.2555 0.40332
0 0.052453 0.40527 0.052453 0.45508 0.11844 0.45508 0.11844 0.40527
0 0.90525 0.4873 0.90525 0.53711 0.97124 0.53711 0.97124 0.4873
0 0.76481 0.4873 0.76481 0.53711 0.8308 0.53711 0.8308 0.4873
0 0.62267 0.48926 0.62267 0.53906 0.68866 0.53906 0.68866 0.48926
0 0.47208 0.49023 0.47208 0.54004 0.53807 0.54004 0.53807 0.49023
0 0.33164 0.49121 0.33164 0.54102 0.39763 0.54102 0.39763 0.49121
0 0.18782 0.49316 0.18782 0.54199 0.25381 0.54199 0.25381 0.49316
0 0.045685 0.49414 0.045685 0.54297 0.11168 0.54297 0.11168 0.49414
0 0.90525 0.57812 0.90525 0.62793 0.97124 0.62793 0.97124 0.57812
0 0.76311 0.57715 0.76311 0.62695 0.8291 0.62695 0.8291 0.57715
0 0.62267 0.5791 0.62267 0.62891 0.68866 0.62891 0.68866 0.5791
0 0.47885 0.58008 0.47885 0.62988 0.54484 0.62988 0.54484 0.58008
0 0.32826 0.58008 0.32826 0.62988 0.39425 0.62988 0.39425 0.58008
0 0.18613 0.58203 0.18613 0.63184 0.25212 0.63184 0.25212 0.58203
0 0.045685 0.58301 0.045685 0.63281 0.11168 0.63281 0.11168 0.58301
0 0.90355 0.66309 0.90355 0.71289 0.96277 0.71289 0.96277 0.66309
0 0.76311 0.66602 0.76311 0.71484 0.82234 0.71484 0.82234 0.66602
0 0.61929 0.66504 0.61929 0.71484 0.67851 0.71484 0.67851 0.66504
0 0.47547 0.66699 0.47547 0.7168 0.53469 0.7168 0.53469 0.66699
0 0.32995 0.66797 0.32995 0.71777 0.38917 0.71777 0.38917 0.66797
0 0.18782 0.66895 0.18782 0.71875 0.24704 0.71875 0.24704 0.66895
0 0.047377 0.66797 0.047377 0.71777 0.1066 0.71777 0.1066 0.66797
0 0.33333 0.75879 0.33333 0.80762 0.39255 0.80762 0.39255 0.75879
0 0.47377 0.75488 0.47377 0.80469 0.53299 0.80469 0.53299 0.75488
0 0.6176 0.75586 0.6176 0.80566 0.67682 0.80566 0.67682 0.75586
0 0.75973 0.75391 0.75973 0.80371 0.81895 0.80371 0.81895 0.75391
0 0.90017 0.75488 0.90017 0.80371 0.95939 0.80371 0.95939 0.75488
0 0.052453 0.75586 0.052453 0.80566 0.11168 0.80566 0.11168 0.75586
0 0.3198 0.84277 0.3198 0.91992 0.40271 0.91992 0.40271 0.84277
0 0.18443 0.84277 0.18443 0.91895 0.26058 0.91895 0.26058 0.84277
0 0.043993 0.8418 0.043993 0.91895 0.1269 0.91895 0.1269 0.8418
0 0.46193 0.84473 0.46193 0.9209 0.53807 0.9209 0.53807 0.84473
0 0.60068 0.84277 0.60068 0.91895 0.68359 0.91895 0.68359 0.84277
0 0.74281 0.84375 0.74281 0.91992 0.82572 0.91992 0.82572 0.84375
0 0.87986 0.83887 0.87986 0.91504 0.96447 0.91504 0.96447 0.83887
0 0.90017 0.96094 0.90017 0.99707 0.94078 0.99707 0.94078 0.96094
0 0.76311 0.96289 0.76311 0.99902 0.80372 0.99902 0.80372 0.96289
0 0.34518 0.96387 0.34518 1 0.38579 1 0.38579 0.96387
0 0.20812 0.96387 0.20812 0.99902 0.24873 0.99902 0.24873 0.96387
0 0.072758 0.96289 0.072758 0.99805 0.11337 0.99805 0.11337 0.96289
