0 0.35229 0.069721 0.35229 0.16932 0.40222 0.16932 0.40222 0.069721
0 0.23024 0.075697 0.23024 0.17331 0.28017 0.17331 0.28017 0.075697
0 0.10818 0.079681 0.10818 0.17928 0.15811 0.17928 0.15811 0.079681
0 0.1068 0.25697 0.1068 0.35657 0.15673 0.35657 0.15673 0.25697
0 0.22746 0.25299 0.22746 0.35259 0.27739 0.35259 0.27739 0.25299
0 0.3509 0.251 0.3509 0.34861 0.40083 0.34861 0.40083 0.251
0 0.10541 0.44622 0.10541 0.54382 0.15534 0.54382 0.15534 0.44622
0 0.22885 0.44422 0.22885 0.54382 0.27878 0.54382 0.27878 0.44422
0 0.35229 0.44024 0.35229 0.54183 0.40222 0.54183 0.40222 0.44024
0 0.10541 0.63147 0.10541 0.73108 0.15534 0.73108 0.15534 0.63147
0 0.23024 0.63347 0.23024 0.73307 0.28017 0.73307 0.28017 0.63347
0 0.35506 0.63347 0.35506 0.73307 0.40499 0.73307 0.40499 0.63347
0 0.7337 0.061753 0.7337 0.16932 0.78225 0.16932 0.78225 0.061753
0 0.85021 0.065737 0.85021 0.17131 0.89875 0.17131 0.89875 0.065737
0 0.73509 0.25498 0.73509 0.3506 0.78502 0.3506 0.78502 0.25498
0 0.85714 0.25896 0.85714 0.34861 0.90291 0.34861 0.90291 0.25896
0 0.73648 0.43227 0.73648 0.53386 0.78779 0.53386 0.78779 0.43227
0 0.85576 0.43426 0.85576 0.53586 0.90707 0.53586 0.90707 0.43426
0 0.73648 0.62151 0.73648 0.7251 0.78641 0.7251 0.78641 0.62151
0 0.85576 0.61952 0.85576 0.72112 0.90707 0.72112 0.90707 0.61952
0 0.85714 0.7988 0.85714 0.90837 0.90846 0.90837 0.90846 0.7988
0 0.57282 0.061753 0.57282 0.16135 0.60333 0.16135 0.60333 0.061753
0 0.53121 0.065737 0.53121 0.15737 0.56172 0.15737 0.56172 0.065737
0 0.53121 0.24701 0.53121 0.33865 0.56172 0.33865 0.56172 0.24701
0 0.57559 0.249 0.57559 0.34064 0.6061 0.34064 0.6061 0.249
0 0.53121 0.43426 0.53121 0.53785 0.56588 0.53785 0.56588 0.43426
0 0.57698 0.43426 0.57698 0.53386 0.61026 0.53386 0.61026 0.43426
1 0.73925 0.81076 0.73925 0.96414 0.78779 0.96414 0.78779 0.81076
1 0.22885 0.85458 0.22885 0.99402 0.27878 0.99402 0.27878 0.85458
0 0.23717 0.82072 0.23717 0.84661 0.27184 0.84661 0.27184 0.82072
