0 0.24316 0.55706 0.24316 0.65465 0.27539 0.65465 0.27539 0.55706
0 0.31836 0.55706 0.31836 0.65465 0.35059 0.65465 0.35059 0.55706
0 0.39355 0.55556 0.39355 0.65465 0.42578 0.65465 0.42578 0.55556
0 0.46777 0.55706 0.46777 0.65465 0.5 0.65465 0.5 0.55706
0 0.54297 0.55706 0.54297 0.65465 0.5752 0.65465 0.5752 0.55706
0 0.77051 0.55856 0.77051 0.65766 0.80273 0.65766 0.80273 0.55856
0 0.69434 0.55856 0.69434 0.65616 0.72656 0.65616 0.72656 0.55856
0 0.61914 0.55856 0.61914 0.65616 0.65137 0.65616 0.65137 0.55856
0 0.25098 0.72673 0.25098 0.75676 0.26855 0.75676 0.26855 0.72673
0 0.32812 0.72673 0.32812 0.75676 0.3457 0.75676 0.3457 0.72673
0 0.40332 0.72673 0.40332 0.75676 0.4209 0.75676 0.4209 0.72673
0 0.55566 0.72823 0.55566 0.75826 0.57324 0.75826 0.57324 0.72823
0 0.47949 0.72673 0.47949 0.75676 0.49609 0.75676 0.49609 0.72673
0 0.25098 0.7988 0.25098 0.84384 0.26758 0.84384 0.26758 0.7988
0 0.32617 0.7988 0.32617 0.84234 0.34375 0.84234 0.34375 0.7988
0 0.47852 0.7988 0.47852 0.84234 0.49512 0.84234 0.49512 0.7988
0 0.55566 0.8003 0.55566 0.84384 0.57227 0.84384 0.57227 0.8003
0 0.70898 0.8003 0.70898 0.84535 0.72559 0.84535 0.72559 0.8003
0 0.10254 0.44745 0.10254 0.62613 0.15039 0.62613 0.15039 0.44745
0 0.25 0.44745 0.25 0.47447 0.26953 0.47447 0.26953 0.44745
0 0.3252 0.44745 0.3252 0.47598 0.34473 0.47598 0.34473 0.44745
0 0.40137 0.44745 0.40137 0.47598 0.41992 0.47598 0.41992 0.44745
0 0.47559 0.44745 0.47559 0.47598 0.49414 0.47598 0.49414 0.44745
0 0.55176 0.44895 0.55176 0.47598 0.57031 0.47598 0.57031 0.44895
0 0.62695 0.44895 0.62695 0.47598 0.64648 0.47598 0.64648 0.44895
0 0.7041 0.44745 0.7041 0.47598 0.72363 0.47598 0.72363 0.44745
0 0.78027 0.44895 0.78027 0.47598 0.79883 0.47598 0.79883 0.44895
0 0.27148 0.14414 0.27148 0.18168 0.29688 0.18168 0.29688 0.14414
0 0.37598 0.14565 0.37598 0.18318 0.40137 0.18318 0.40137 0.14565
0 0.48047 0.14565 0.48047 0.18318 0.50586 0.18318 0.50586 0.14565
0 0.58496 0.14565 0.58496 0.18318 0.61035 0.18318 0.61035 0.14565
0 0.69043 0.14414 0.69043 0.18168 0.71582 0.18168 0.71582 0.14414
0 0.11621 0.33333 0.11621 0.34685 0.13672 0.34685 0.13672 0.33333
0 0.32812 0.3964 0.32812 0.41141 0.3457 0.41141 0.3457 0.3964
0 0.25195 0.3964 0.25195 0.41141 0.27051 0.41141 0.27051 0.3964
0 0.40332 0.3979 0.40332 0.41141 0.42188 0.41141 0.42188 0.3979
0 0.47852 0.3979 0.47852 0.41141 0.49707 0.41141 0.49707 0.3979
0 0.55469 0.3979 0.55469 0.41141 0.57324 0.41141 0.57324 0.3979
0 0.63086 0.3979 0.63086 0.41141 0.64941 0.41141 0.64941 0.3979
0 0.70898 0.3964 0.70898 0.41141 0.72656 0.41141 0.72656 0.3964
0 0.78516 0.3979 0.78516 0.41141 0.80371 0.41141 0.80371 0.3979
1 0.10059 0.71922 0.10059 0.9009 0.14746 0.9009 0.14746 0.71922
1 0.39453 0.8018 0.39453 0.8979 0.43262 0.8979 0.43262 0.8018
1 0.62305 0.8018 0.62305 0.9009 0.66309 0.9009 0.66309 0.8018
