0 0.14911 0.049805 0.14911 0.088867 0.28827 0.088867 0.28827 0.049805
0 0.42545 0.048828 0.42545 0.088867 0.56461 0.088867 0.56461 0.048828
0 0.70179 0.049805 0.70179 0.088867 0.84095 0.088867 0.84095 0.049805
0 0.70378 0.11719 0.70378 0.1543 0.84294 0.1543 0.84294 0.11719
0 0.42545 0.11621 0.42545 0.14648 0.56461 0.14648 0.56461 0.11621
0 0.14712 0.11914 0.14712 0.14941 0.29026 0.14941 0.29026 0.11914
0 0.16103 0.19922 0.16103 0.2373 0.27634 0.2373 0.27634 0.19922
0 0.15905 0.25977 0.15905 0.2959 0.27435 0.2959 0.27435 0.25977
0 0.43936 0.25977 0.43936 0.2959 0.55268 0.2959 0.55268 0.25977
0 0.71571 0.26074 0.71571 0.2959 0.83101 0.2959 0.83101 0.26074
0 0.71769 0.19922 0.71769 0.23828 0.83101 0.23828 0.83101 0.19922
0 0.43936 0.19922 0.43936 0.23828 0.55268 0.23828 0.55268 0.19922
0 0.097416 0.32812 0.097416 0.36719 0.18887 0.36719 0.18887 0.32812
0 0.23857 0.32812 0.23857 0.36621 0.33002 0.36621 0.33002 0.32812
0 0.37972 0.32812 0.37972 0.36719 0.47117 0.36719 0.47117 0.32812
0 0.52087 0.3291 0.52087 0.36816 0.61233 0.36816 0.61233 0.3291
0 0.66402 0.32812 0.66402 0.36719 0.75547 0.36719 0.75547 0.32812
0 0.80517 0.3291 0.80517 0.36816 0.89662 0.36816 0.89662 0.3291
0 0.80716 0.39746 0.80716 0.43555 0.89861 0.43555 0.89861 0.39746
0 0.66402 0.39648 0.66402 0.43555 0.75547 0.43555 0.75547 0.39648
0 0.52684 0.39551 0.52684 0.43457 0.61829 0.43457 0.61829 0.39551
0 0.38171 0.39746 0.38171 0.43555 0.47316 0.43555 0.47316 0.39746
0 0.23658 0.39648 0.23658 0.43457 0.32803 0.43457 0.32803 0.39648
0 0.095427 0.39648 0.095427 0.43555 0.18688 0.43555 0.18688 0.39648
0 0.095427 0.46289 0.095427 0.50195 0.18688 0.50195 0.18688 0.46289
0 0.23857 0.46191 0.23857 0.50391 0.33201 0.50391 0.33201 0.46191
0 0.38569 0.46191 0.38569 0.50391 0.47913 0.50391 0.47913 0.46191
0 0.52485 0.46289 0.52485 0.50391 0.61829 0.50391 0.61829 0.46289
0 0.66998 0.46484 0.66998 0.50684 0.76342 0.50684 0.76342 0.46484
0 0.80716 0.46289 0.80716 0.50488 0.9006 0.50488 0.9006 0.46289
0 0.80716 0.5332 0.80716 0.57422 0.9006 0.57422 0.9006 0.5332
0 0.67197 0.5332 0.67197 0.57422 0.76342 0.57422 0.76342 0.5332
0 0.52684 0.53125 0.52684 0.57324 0.62028 0.57324 0.62028 0.53125
0 0.3837 0.53223 0.3837 0.57422 0.47714 0.57422 0.47714 0.53223
0 0.24453 0.53223 0.24453 0.57422 0.33797 0.57422 0.33797 0.53223
0 0.097416 0.53223 0.097416 0.57422 0.19085 0.57422 0.19085 0.53223
0 0.097416 0.60059 0.097416 0.64258 0.19085 0.64258 0.19085 0.60059
0 0.24254 0.60156 0.24254 0.64355 0.33598 0.64355 0.33598 0.60156
0 0.37972 0.60059 0.37972 0.64258 0.47316 0.64258 0.47316 0.60059
0 0.52684 0.60059 0.52684 0.64258 0.62028 0.64258 0.62028 0.60059
0 0.666 0.60254 0.666 0.64453 0.75944 0.64453 0.75944 0.60254
0 0.80915 0.60254 0.80915 0.64453 0.90258 0.64453 0.90258 0.60254
0 0.80517 0.66992 0.80517 0.71191 0.89861 0.71191 0.89861 0.66992
0 0.66799 0.66895 0.66799 0.71094 0.76143 0.71094 0.76143 0.66895
0 0.52684 0.66992 0.52684 0.71191 0.61829 0.71191 0.61829 0.66992
0 0.3837 0.66895 0.3837 0.71094 0.47515 0.71094 0.47515 0.66895
0 0.23857 0.66797 0.23857 0.70898 0.33201 0.70898 0.33201 0.66797
0 0.095427 0.66895 0.095427 0.71094 0.18887 0.71094 0.18887 0.66895
0 0.7992 0.7373 0.7992 0.7793 0.89264 0.7793 0.89264 0.7373
0 0.66203 0.73828 0.66203 0.7793 0.75547 0.7793 0.75547 0.73828
0 0.52684 0.73926 0.52684 0.78125 0.62028 0.78125 0.62028 0.73926
0 0.3837 0.7373 0.3837 0.7793 0.47515 0.7793 0.47515 0.7373
0 0.24453 0.73828 0.24453 0.78027 0.33598 0.78027 0.33598 0.73828
0 0.10139 0.73828 0.10139 0.78027 0.19284 0.78027 0.19284 0.73828
0 0.10537 0.80566 0.10537 0.8457 0.19483 0.8457 0.19483 0.80566
0 0.24453 0.80566 0.24453 0.8457 0.334 0.8457 0.334 0.80566
0 0.38569 0.80566 0.38569 0.8457 0.47515 0.8457 0.47515 0.80566
0 0.52485 0.80469 0.52485 0.84375 0.61431 0.84375 0.61431 0.80469
0 0.66203 0.80566 0.66203 0.8457 0.75149 0.8457 0.75149 0.80566
0 0.80119 0.80469 0.80119 0.84375 0.88867 0.84375 0.88867 0.80469
0 0.12525 0.87598 0.12525 0.91309 0.27833 0.91309 0.27833 0.87598
0 0.4175 0.87695 0.4175 0.91211 0.57058 0.91211 0.57058 0.87695
0 0.71372 0.875 0.71372 0.91113 0.86083 0.91113 0.86083 0.875
0 0.3996 0.9375 0.3996 0.9834 0.58648 0.9834 0.58648 0.9375
0 0.68588 0.9375 0.68588 0.98633 0.87674 0.98633 0.87674 0.9375
0 0.10934 0.93848 0.10934 0.99707 0.30219 0.99707 0.30219 0.93848
