0 0.28386 0.23333 0.28386 0.30833 0.32744 0.30833 0.32744 0.23333
0 0.10365 0.22917 0.10365 0.30417 0.14605 0.30417 0.14605 0.22917
0 0.42167 0.23333 0.42167 0.30833 0.46408 0.30833 0.46408 0.23333
0 0.55713 0.23194 0.55713 0.30694 0.60071 0.30694 0.60071 0.23194
0 0.6914 0.22639 0.6914 0.30694 0.73852 0.30694 0.73852 0.22639
0 0.85866 0.22222 0.85866 0.30278 0.90577 0.30278 0.90577 0.22222
0 0.27915 0.37361 0.27915 0.45972 0.32862 0.45972 0.32862 0.37361
0 0.41461 0.37222 0.41461 0.45833 0.46408 0.45833 0.46408 0.37222
0 0.27915 0.52361 0.27915 0.61944 0.32862 0.61944 0.32862 0.52361
0 0.41578 0.52083 0.41578 0.61944 0.46761 0.61944 0.46761 0.52083
0 0.55477 0.37083 0.55477 0.46111 0.60071 0.46111 0.60071 0.37083
0 0.69494 0.37083 0.69494 0.45833 0.73734 0.45833 0.73734 0.37083
0 0.55948 0.52639 0.55948 0.61528 0.60306 0.61528 0.60306 0.52639
0 0.69494 0.525 0.69494 0.61389 0.73852 0.61389 0.73852 0.525
0 0.55948 0.68472 0.55948 0.77222 0.60188 0.77222 0.60188 0.68472
0 0.69729 0.68472 0.69729 0.77361 0.74087 0.77361 0.74087 0.68472
0 0.41578 0.68056 0.41578 0.775 0.46761 0.775 0.46761 0.68056
0 0.2768 0.68056 0.2768 0.77361 0.32862 0.77361 0.32862 0.68056
0 0.2768 0.84306 0.2768 0.94583 0.33569 0.94583 0.33569 0.84306
0 0.84688 0.37917 0.84688 0.47917 0.87868 0.47917 0.87868 0.37917
0 0.88928 0.38056 0.88928 0.46389 0.92226 0.46389 0.92226 0.38056
0 0.89399 0.525 0.89399 0.61389 0.92344 0.61389 0.92344 0.525
0 0.8457 0.52639 0.8457 0.64028 0.87868 0.64028 0.87868 0.52639
0 0.89046 0.67778 0.89046 0.77222 0.92697 0.77222 0.92697 0.67778
0 0.84688 0.67639 0.84688 0.77083 0.88221 0.77083 0.88221 0.67639
0 0.08245 0.37083 0.08245 0.48194 0.12014 0.48194 0.12014 0.37083
0 0.12603 0.37083 0.12603 0.49583 0.16254 0.49583 0.16254 0.37083
0 0.13428 0.52917 0.13428 0.65278 0.16254 0.65278 0.16254 0.52917
0 0.088339 0.52639 0.088339 0.61667 0.11779 0.61667 0.11779 0.52639
0 0.090695 0.67917 0.090695 0.77639 0.12014 0.77639 0.12014 0.67917
0 0.13192 0.67778 0.13192 0.775 0.16137 0.775 0.16137 0.67778
0 0.089517 0.84444 0.089517 0.94722 0.17079 0.94722 0.17079 0.84444
1 0.42638 0.84028 0.42638 0.99028 0.48645 0.99028 0.48645 0.84028
1 0.53592 0.83611 0.53592 0.98889 0.59717 0.98889 0.59717 0.83611
