0 0.040039 0.13333 0.040039 0.2913 0.089844 0.2913 0.089844 0.13333
0 0.14941 0.12899 0.14941 0.28841 0.19922 0.28841 0.19922 0.12899
0 0.26172 0.12754 0.26172 0.28696 0.31152 0.28696 0.31152 0.12754
0 0.25781 0.41884 0.25781 0.5971 0.31055 0.5971 0.31055 0.41884
0 0.14941 0.42174 0.14941 0.6 0.20312 0.6 0.20312 0.42174
0 0.036133 0.42319 0.036133 0.60145 0.088867 0.60145 0.088867 0.42319
0 0.36719 0.12319 0.36719 0.28551 0.41797 0.28551 0.41797 0.12319
0 0.48438 0.12319 0.48438 0.28551 0.53516 0.28551 0.53516 0.12319
0 0.59277 0.11884 0.59277 0.28116 0.64355 0.28116 0.64355 0.11884
0 0.70605 0.12029 0.70605 0.28261 0.75684 0.28261 0.75684 0.12029
0 0.81543 0.11884 0.81543 0.28116 0.86621 0.28116 0.86621 0.11884
0 0.9209 0.12029 0.9209 0.28261 0.97168 0.28261 0.97168 0.12029
0 0.91895 0.41159 0.91895 0.59275 0.97266 0.59275 0.97266 0.41159
0 0.8125 0.41014 0.8125 0.5913 0.86621 0.5913 0.86621 0.41014
0 0.70312 0.41304 0.70312 0.5942 0.75684 0.5942 0.75684 0.41304
0 0.5918 0.41159 0.5918 0.59275 0.64551 0.59275 0.64551 0.41159
0 0.48242 0.41304 0.48242 0.5942 0.53613 0.5942 0.53613 0.41304
0 0.36621 0.41449 0.36621 0.59565 0.41992 0.59565 0.41992 0.41449
1 0.60254 0.7942 0.60254 0.9942 0.66113 0.9942 0.66113 0.7942
0 0.59961 0.70725 0.59961 0.78841 0.66016 0.78841 0.66016 0.70725
