0 0.10337 0.20605 0.10337 0.23535 0.20225 0.23535 0.20225 0.20605
0 0.2764 0.20605 0.2764 0.23535 0.37528 0.23535 0.37528 0.20605
0 0.44944 0.20703 0.44944 0.23633 0.54831 0.23633 0.54831 0.20703
0 0.62697 0.20605 0.62697 0.23535 0.72584 0.23535 0.72584 0.20605
0 0.8 0.20996 0.8 0.23926 0.89888 0.23926 0.89888 0.20996
0 0.80899 0.25586 0.80899 0.28516 0.90787 0.28516 0.90787 0.25586
0 0.63146 0.25293 0.63146 0.2832 0.73034 0.2832 0.73034 0.25293
0 0.45393 0.25488 0.45393 0.28418 0.55281 0.28418 0.55281 0.25488
0 0.27416 0.25684 0.27416 0.28613 0.37303 0.28613 0.37303 0.25684
0 0.096629 0.25391 0.096629 0.28418 0.19551 0.28418 0.19551 0.25391
0 0.098876 0.30176 0.098876 0.33105 0.19551 0.33105 0.19551 0.30176
0 0.27865 0.30273 0.27865 0.33105 0.37303 0.33105 0.37303 0.30273
0 0.45618 0.30273 0.45618 0.33203 0.55281 0.33203 0.55281 0.30273
0 0.63371 0.30273 0.63371 0.33203 0.72809 0.33203 0.72809 0.30273
0 0.80899 0.30469 0.80899 0.33398 0.90562 0.33398 0.90562 0.30469
0 0.81348 0.35059 0.81348 0.37988 0.90787 0.37988 0.90787 0.35059
0 0.6382 0.35059 0.6382 0.37988 0.73483 0.37988 0.73483 0.35059
0 0.46067 0.34961 0.46067 0.37891 0.5573 0.37891 0.5573 0.34961
0 0.28315 0.34961 0.28315 0.37891 0.37753 0.37891 0.37753 0.34961
0 0.098876 0.34961 0.098876 0.37891 0.19326 0.37891 0.19326 0.34961
0 0.096629 0.40039 0.096629 0.42969 0.19101 0.42969 0.19101 0.40039
0 0.2764 0.39941 0.2764 0.42871 0.37303 0.42871 0.37303 0.39941
0 0.46067 0.39844 0.46067 0.42773 0.55506 0.42773 0.55506 0.39844
0 0.6382 0.39941 0.6382 0.42871 0.73483 0.42871 0.73483 0.39941
0 0.81573 0.40039 0.81573 0.42969 0.91011 0.42969 0.91011 0.40039
0 0.82022 0.44824 0.82022 0.47754 0.91461 0.47754 0.91461 0.44824
0 0.6382 0.44922 0.6382 0.47852 0.73483 0.47852 0.73483 0.44922
0 0.46067 0.44824 0.46067 0.47754 0.5573 0.47754 0.5573 0.44824
0 0.2764 0.4502 0.2764 0.47852 0.37303 0.47852 0.37303 0.4502
0 0.10112 0.4502 0.10112 0.47852 0.19775 0.47852 0.19775 0.4502
0 0.098876 0.5 0.098876 0.52832 0.19326 0.52832 0.19326 0.5
0 0.27865 0.49707 0.27865 0.52637 0.37528 0.52637 0.37528 0.49707
0 0.46067 0.49902 0.46067 0.52734 0.5573 0.52734 0.5573 0.49902
0 0.6382 0.49902 0.6382 0.52734 0.73483 0.52734 0.73483 0.49902
0 0.81798 0.5 0.81798 0.52832 0.91461 0.52832 0.91461 0.5
0 0.82022 0.5498 0.82022 0.5791 0.91461 0.5791 0.91461 0.5498
0 0.64494 0.54883 0.64494 0.57715 0.73933 0.57715 0.73933 0.54883
0 0.46067 0.54883 0.46067 0.57812 0.5573 0.57812 0.5573 0.54883
0 0.27865 0.54688 0.27865 0.57617 0.37528 0.57617 0.37528 0.54688
0 0.10112 0.54785 0.10112 0.57617 0.19775 0.57617 0.19775 0.54785
0 0.10562 0.59766 0.10562 0.62695 0.2 0.62695 0.2 0.59766
0 0.27865 0.59863 0.27865 0.62793 0.37528 0.62793 0.37528 0.59863
0 0.46067 0.59863 0.46067 0.62793 0.5573 0.62793 0.5573 0.59863
0 0.6427 0.59961 0.6427 0.62891 0.73708 0.62891 0.73708 0.59961
0 0.81798 0.59863 0.81798 0.62793 0.91461 0.62793 0.91461 0.59863
0 0.82022 0.65039 0.82022 0.67871 0.91685 0.67871 0.91685 0.65039
0 0.6382 0.64648 0.6382 0.67578 0.73258 0.67578 0.73258 0.64648
0 0.46292 0.64746 0.46292 0.67676 0.5573 0.67676 0.5573 0.64746
0 0.27865 0.65039 0.27865 0.67871 0.37528 0.67871 0.37528 0.65039
0 0.10112 0.64844 0.10112 0.67773 0.19775 0.67773 0.19775 0.64844
0 0.10562 0.69727 0.10562 0.72656 0.2 0.72656 0.2 0.69727
0 0.28315 0.69922 0.28315 0.72754 0.37753 0.72754 0.37753 0.69922
0 0.46292 0.69727 0.46292 0.72656 0.5573 0.72656 0.5573 0.69727
0 0.64045 0.69922 0.64045 0.72754 0.73483 0.72754 0.73483 0.69922
0 0.81573 0.69727 0.81573 0.72656 0.91011 0.72656 0.91011 0.69727
0 0.81124 0.74707 0.81124 0.77539 0.90787 0.77539 0.90787 0.74707
0 0.64045 0.74609 0.64045 0.77539 0.73708 0.77539 0.73708 0.74609
0 0.46292 0.74512 0.46292 0.77441 0.55955 0.77441 0.55955 0.74512
0 0.28315 0.74707 0.28315 0.77539 0.37753 0.77539 0.37753 0.74707
0 0.10112 0.74512 0.10112 0.77344 0.19775 0.77344 0.19775 0.74512
0 0.10562 0.79395 0.10562 0.82324 0.2 0.82324 0.2 0.79395
0 0.28315 0.79297 0.28315 0.82129 0.37753 0.82129 0.37753 0.79297
0 0.46067 0.79297 0.46067 0.82129 0.55506 0.82129 0.55506 0.79297
0 0.63146 0.79395 0.63146 0.82324 0.72809 0.82324 0.72809 0.79395
0 0.80899 0.79492 0.80899 0.82422 0.90337 0.82422 0.90337 0.79492
0 0.80449 0.84082 0.80449 0.87012 0.90112 0.87012 0.90112 0.84082
0 0.63146 0.8418 0.63146 0.87012 0.72584 0.87012 0.72584 0.8418
0 0.46292 0.8418 0.46292 0.87012 0.5573 0.87012 0.5573 0.8418
0 0.28315 0.84277 0.28315 0.87207 0.37753 0.87207 0.37753 0.84277
0 0.10562 0.84277 0.10562 0.87207 0.2 0.87207 0.2 0.84277
0 0.79551 0.88867 0.79551 0.91797 0.89213 0.91797 0.89213 0.88867
0 0.10112 0.15918 0.10112 0.18262 0.19775 0.18262 0.19775 0.15918
0 0.27416 0.15918 0.27416 0.18262 0.37079 0.18262 0.37079 0.15918
0 0.44944 0.16016 0.44944 0.18359 0.54607 0.18359 0.54607 0.16016
0 0.62472 0.16016 0.62472 0.18359 0.72135 0.18359 0.72135 0.16016
0 0.79551 0.16113 0.79551 0.18555 0.89213 0.18555 0.89213 0.16113
0 0.79775 0.12793 0.79775 0.14062 0.88539 0.14062 0.88539 0.12793
0 0.62697 0.12598 0.62697 0.1377 0.71236 0.1377 0.71236 0.12598
0 0.45169 0.12598 0.45169 0.1377 0.53933 0.1377 0.53933 0.12598
0 0.2809 0.125 0.2809 0.1377 0.36854 0.1377 0.36854 0.125
0 0.10562 0.125 0.10562 0.1377 0.19101 0.1377 0.19101 0.125
0 0.62022 0.071289 0.62022 0.11133 0.7191 0.11133 0.7191 0.071289
0 0.79551 0.072266 0.79551 0.11035 0.88764 0.11035 0.88764 0.072266
0 0.44944 0.070312 0.44944 0.1084 0.54157 0.1084 0.54157 0.070312
0 0.27865 0.070312 0.27865 0.1084 0.37079 0.1084 0.37079 0.070312
0 0.10337 0.068359 0.10337 0.10645 0.19551 0.10645 0.19551 0.068359
0 0.87191 0.016602 0.87191 0.046875 0.90562 0.046875 0.90562 0.016602
0 0.78652 0.015625 0.78652 0.045898 0.82022 0.045898 0.82022 0.015625
0 0.69888 0.014648 0.69888 0.045898 0.73258 0.045898 0.73258 0.014648
0 0.61124 0.013672 0.61124 0.043945 0.64494 0.043945 0.64494 0.013672
0 0.52584 0.012695 0.52584 0.043945 0.55955 0.043945 0.55955 0.012695
0 0.43596 0.012695 0.43596 0.043945 0.46966 0.043945 0.46966 0.012695
0 0.35056 0.012695 0.35056 0.043945 0.38427 0.043945 0.38427 0.012695
0 0.26517 0.013672 0.26517 0.043945 0.29888 0.043945 0.29888 0.013672
0 0.17528 0.014648 0.17528 0.044922 0.20674 0.044922 0.20674 0.014648
0 0.08764 0.016602 0.08764 0.046875 0.12135 0.046875 0.12135 0.016602
0 0.26292 0.89062 0.26292 0.91992 0.48539 0.91992 0.48539 0.89062
0 0.011236 0.8916 0.011236 0.91895 0.22247 0.91895 0.22247 0.8916
1 0.75506 0.94141 0.75506 0.99512 0.90112 0.99512 0.90112 0.94141
