0 0.13636 0.16211 0.13636 0.24316 0.21554 0.24316 0.21554 0.16211
0 0.46334 0.16211 0.46334 0.24316 0.54106 0.24316 0.54106 0.16211
0 0.78592 0.16211 0.78592 0.24316 0.8651 0.24316 0.8651 0.16211
0 0.78006 0.29199 0.78006 0.36914 0.8739 0.36914 0.8739 0.29199
0 0.45455 0.29199 0.45455 0.36914 0.54839 0.36914 0.54839 0.29199
0 0.12757 0.29492 0.12757 0.37207 0.22141 0.37207 0.22141 0.29492
0 0.12757 0.4248 0.12757 0.51074 0.22141 0.51074 0.22141 0.4248
0 0.45161 0.42578 0.45161 0.5127 0.54545 0.5127 0.54545 0.42578
0 0.77419 0.42383 0.77419 0.50977 0.86804 0.50977 0.86804 0.42383
0 0.77273 0.55957 0.77273 0.65918 0.8783 0.65918 0.8783 0.55957
0 0.44428 0.55762 0.44428 0.65723 0.54985 0.65723 0.54985 0.55762
0 0.12463 0.55762 0.12463 0.66016 0.22141 0.66016 0.22141 0.55762
0 0.43842 0.70703 0.43842 0.7959 0.56891 0.7959 0.56891 0.70703
0 0.7566 0.70703 0.7566 0.7959 0.88563 0.7959 0.88563 0.70703
0 0.1085 0.70703 0.1085 0.7959 0.239 0.7959 0.239 0.70703
1 0.41789 0.89062 0.41789 0.99805 0.59091 0.99805 0.59091 0.89062
