0 0.14945 0.25885 0.14945 0.39602 0.22325 0.39602 0.22325 0.25885
0 0.31181 0.26106 0.31181 0.39381 0.38561 0.39381 0.38561 0.26106
0 0.47232 0.25664 0.47232 0.39381 0.55166 0.39381 0.55166 0.25664
0 0.63653 0.25664 0.63653 0.39381 0.71587 0.39381 0.71587 0.25664
0 0.80443 0.25664 0.80443 0.39159 0.88376 0.39159 0.88376 0.25664
0 0.14207 0.49336 0.14207 0.62832 0.2214 0.62832 0.2214 0.49336
0 0.30627 0.49336 0.30627 0.62832 0.38561 0.62832 0.38561 0.49336
0 0.48339 0.48894 0.48339 0.67257 0.54797 0.67257 0.54797 0.48894
0 0.64391 0.48894 0.64391 0.62389 0.71956 0.62389 0.71956 0.48894
0 0.80443 0.48451 0.80443 0.62389 0.88745 0.62389 0.88745 0.48451
1 0.46863 0.72345 0.46863 0.95354 0.55166 0.95354 0.55166 0.72345
0 0.27122 0.073009 0.27122 0.13938 0.34502 0.13938 0.34502 0.073009
0 0.50185 0.070796 0.50185 0.13717 0.57565 0.13717 0.57565 0.070796
0 0.74723 0.066372 0.74723 0.13496 0.81919 0.13496 0.81919 0.066372
