0 0.7728 0.34043 0.7728 0.41033 0.84699 0.41033 0.84699 0.34043
0 0.7728 0.48024 0.7728 0.54711 0.84544 0.54711 0.84544 0.48024
0 0.77743 0.62006 0.77743 0.68997 0.85162 0.68997 0.85162 0.62006
0 0.87944 0.75684 0.87944 0.82675 0.95209 0.82675 0.95209 0.75684
0 0.87635 0.62006 0.87635 0.68085 0.9459 0.68085 0.9459 0.62006
0 0.87635 0.48328 0.87635 0.53495 0.94436 0.53495 0.94436 0.48328
0 0.87326 0.33739 0.87326 0.38906 0.93972 0.38906 0.93972 0.33739
0 0.7187 0.20973 0.7187 0.26748 0.78207 0.26748 0.78207 0.20973
0 0.57805 0.20973 0.57805 0.26748 0.64142 0.26748 0.64142 0.20973
0 0.57496 0.34043 0.57496 0.39818 0.63833 0.39818 0.63833 0.34043
0 0.46368 0.3465 0.46368 0.3921 0.5255 0.3921 0.5255 0.3465
0 0.45904 0.48024 0.45904 0.53799 0.5255 0.53799 0.5255 0.48024
0 0.57342 0.48024 0.57342 0.53799 0.63988 0.53799 0.63988 0.48024
0 0.56723 0.6231 0.56723 0.68085 0.64451 0.68085 0.64451 0.6231
0 0.45595 0.61702 0.45595 0.67781 0.5255 0.67781 0.5255 0.61702
0 0.23957 0.3465 0.23957 0.38906 0.29985 0.38906 0.29985 0.3465
0 0.67388 0.34043 0.67388 0.41033 0.74498 0.41033 0.74498 0.34043
0 0.67388 0.48024 0.67388 0.54711 0.74652 0.54711 0.74652 0.48024
0 0.67079 0.62006 0.67079 0.68997 0.74343 0.68997 0.74343 0.62006
0 0.35085 0.34043 0.35085 0.38906 0.41731 0.38906 0.41731 0.34043
0 0.34776 0.48024 0.34776 0.53495 0.41267 0.53495 0.41267 0.48024
0 0.34621 0.62006 0.34621 0.67781 0.41113 0.67781 0.41113 0.62006
0 0.23957 0.62006 0.23957 0.67781 0.29366 0.67781 0.29366 0.62006
0 0.24111 0.48328 0.24111 0.53799 0.29675 0.53799 0.29675 0.48328
0 0.1391 0.4772 0.1391 0.54407 0.20556 0.54407 0.20556 0.4772
0 0.044822 0.48024 0.044822 0.54711 0.10974 0.54711 0.10974 0.48024
0 0.047913 0.34347 0.047913 0.41337 0.11437 0.41337 0.11437 0.34347
0 0.14219 0.34347 0.14219 0.41337 0.20866 0.41337 0.20866 0.34347
0 0.13601 0.61702 0.13601 0.68389 0.20093 0.68389 0.20093 0.61702
0 0.040185 0.61398 0.040185 0.68085 0.1051 0.68085 0.1051 0.61398
0 0.10974 0.21581 0.10974 0.26748 0.17156 0.26748 0.17156 0.21581
0 0.97063 0.40426 0.97063 0.46505 0.99073 0.46505 0.99073 0.40426
0 0.97218 0.52584 0.97218 0.58967 0.99382 0.58967 0.99382 0.52584
0 0.97372 0.65046 0.97372 0.71125 0.99382 0.71125 0.99382 0.65046
0 0.80835 0.75684 0.80835 0.83891 0.84699 0.83891 0.84699 0.75684
1 0.77743 0.75988 0.77743 0.87234 0.8068 0.87234 0.8068 0.75988
1 0.7187 0.76292 0.7187 0.87538 0.74189 0.87538 0.74189 0.76292
0 0.040185 0.21277 0.040185 0.26444 0.098918 0.26444 0.098918 0.21277
0 0.32148 0.20669 0.32148 0.25836 0.38176 0.25836 0.38176 0.20669
0 0.49459 0.20061 0.49459 0.27052 0.56878 0.27052 0.56878 0.20061
0 0.7898 0.20365 0.7898 0.2614 0.85317 0.2614 0.85317 0.20365
0 0.2442 0.20973 0.2442 0.2614 0.30294 0.2614 0.30294 0.20973
