0 0.5053 0.15152 0.5053 0.20996 0.5742 0.20996 0.5742 0.15152
0 0.37809 0.26407 0.37809 0.36147 0.43286 0.36147 0.43286 0.26407
0 0.51237 0.26623 0.51237 0.36364 0.56714 0.36364 0.56714 0.26623
0 0.64134 0.2684 0.64134 0.3658 0.69788 0.3658 0.69788 0.2684
0 0.37986 0.42424 0.37986 0.52165 0.43286 0.52165 0.43286 0.42424
0 0.64488 0.42857 0.64488 0.52597 0.69788 0.52597 0.69788 0.42857
0 0.37633 0.59524 0.37633 0.69264 0.42933 0.69264 0.42933 0.59524
0 0.64488 0.59524 0.64488 0.69048 0.69965 0.69048 0.69965 0.59524
0 0.5106 0.5974 0.5106 0.69697 0.56537 0.69697 0.56537 0.5974
0 0.37633 0.77056 0.37633 0.87013 0.4311 0.87013 0.4311 0.77056
0 0.51413 0.77273 0.51413 0.87229 0.5689 0.87229 0.5689 0.77273
0 0.64311 0.7684 0.64311 0.86797 0.69788 0.86797 0.69788 0.7684
0 0.15724 0.42424 0.15724 0.51948 0.19788 0.51948 0.19788 0.42424
0 0.20318 0.42424 0.20318 0.51948 0.24382 0.51948 0.24382 0.42424
0 0.20671 0.59524 0.20671 0.69048 0.24912 0.69048 0.24912 0.59524
0 0.15548 0.59307 0.15548 0.68831 0.19611 0.68831 0.19611 0.59307
0 0.15548 0.77056 0.15548 0.8658 0.19611 0.8658 0.19611 0.77056
0 0.20671 0.77056 0.20671 0.8658 0.24912 0.8658 0.24912 0.77056
0 0.4947 0.42857 0.4947 0.52381 0.53534 0.52381 0.53534 0.42857
0 0.54064 0.42857 0.54064 0.52381 0.58127 0.52381 0.58127 0.42857
0 0.82332 0.4329 0.82332 0.52381 0.86572 0.52381 0.86572 0.4329
0 0.87102 0.4329 0.87102 0.52381 0.91166 0.52381 0.91166 0.4329
0 0.82332 0.5974 0.82332 0.69697 0.86572 0.69697 0.86572 0.5974
0 0.87102 0.59524 0.87102 0.69481 0.91166 0.69481 0.91166 0.59524
0 0.82509 0.76623 0.82509 0.8658 0.86572 0.8658 0.86572 0.76623
0 0.87279 0.76623 0.87279 0.8658 0.91343 0.8658 0.91343 0.76623
