0 0.087891 0.77415 0.087891 0.92271 0.15723 0.92271 0.15723 0.77415
0 0.21582 0.77899 0.21582 0.92754 0.28613 0.92754 0.28613 0.77899
0 0.74316 0.77415 0.74316 0.92271 0.81348 0.92271 0.81348 0.77415
0 0.87207 0.77295 0.87207 0.9215 0.94141 0.9215 0.94141 0.77295
0 0.081055 0.16787 0.081055 0.33454 0.15137 0.33454 0.15137 0.16787
0 0.21582 0.17029 0.21582 0.33696 0.28613 0.33696 0.28613 0.17029
0 0.34668 0.16787 0.34668 0.33454 0.41699 0.33454 0.41699 0.16787
0 0.48535 0.17271 0.48535 0.33816 0.55469 0.33816 0.55469 0.17271
0 0.62988 0.16908 0.62988 0.33575 0.69922 0.33575 0.69922 0.16908
0 0.75586 0.16908 0.75586 0.33575 0.8252 0.33575 0.8252 0.16908
0 0.88867 0.17029 0.88867 0.33696 0.95898 0.33696 0.95898 0.17029
0 0.081055 0.47464 0.081055 0.6413 0.15137 0.6413 0.15137 0.47464
0 0.21387 0.47464 0.21387 0.6413 0.2832 0.6413 0.2832 0.47464
0 0.3457 0.47585 0.3457 0.64251 0.41504 0.64251 0.41504 0.47585
0 0.48438 0.47585 0.48438 0.64251 0.55371 0.64251 0.55371 0.47585
0 0.625 0.47826 0.625 0.64493 0.69434 0.64493 0.69434 0.47826
0 0.74805 0.48188 0.74805 0.64855 0.81836 0.64855 0.81836 0.48188
0 0.88281 0.47826 0.88281 0.64493 0.95215 0.64493 0.95215 0.47826
1 0.44629 0.75966 0.44629 0.99275 0.58398 0.99275 0.58398 0.75966
