0 0.24827 0.15052 0.24827 0.23356 0.28783 0.23356 0.28783 0.15052
0 0.49753 0.15571 0.49753 0.23183 0.54303 0.23183 0.54303 0.15571
0 0.75173 0.14187 0.75173 0.2301 0.79723 0.2301 0.79723 0.14187
0 0.63106 0.13668 0.63106 0.20588 0.67656 0.20588 0.67656 0.13668
0 0.37784 0.14014 0.37784 0.20761 0.42136 0.20761 0.42136 0.14014
0 0.24431 0.31834 0.24431 0.41522 0.30168 0.41522 0.30168 0.31834
0 0.2453 0.51038 0.2453 0.60727 0.30267 0.60727 0.30267 0.51038
0 0.24431 0.70588 0.24431 0.80277 0.30168 0.80277 0.30168 0.70588
0 0.35806 0.70588 0.35806 0.80277 0.41543 0.80277 0.41543 0.70588
0 0.49753 0.31834 0.49753 0.41522 0.55589 0.41522 0.55589 0.31834
0 0.49852 0.51038 0.49852 0.60727 0.55687 0.60727 0.55687 0.51038
0 0.50049 0.70934 0.50049 0.79758 0.55786 0.79758 0.55786 0.70934
0 0.75569 0.3218 0.75569 0.41869 0.80712 0.41869 0.80712 0.3218
0 0.75767 0.51211 0.75767 0.609 0.80811 0.609 0.80811 0.51211
0 0.35608 0.33045 0.35608 0.40138 0.40851 0.40138 0.40851 0.33045
0 0.35806 0.52076 0.35806 0.60208 0.41147 0.60208 0.41147 0.52076
0 0.60732 0.34948 0.60732 0.4083 0.66073 0.4083 0.66073 0.34948
0 0.60831 0.53114 0.60831 0.609 0.66172 0.609 0.66172 0.53114
0 0.6093 0.71453 0.6093 0.7872 0.65974 0.7872 0.65974 0.71453
0 0.25816 0.89273 0.25816 0.93599 0.29179 0.93599 0.29179 0.89273
0 0.42928 0.84948 0.42928 0.86505 0.44906 0.86505 0.44906 0.84948
0 0.545 0.85467 0.545 0.86851 0.56973 0.86851 0.56973 0.85467
0 0.70821 0.8564 0.70821 0.87197 0.73887 0.87197 0.73887 0.8564
