0 0.10254 0.2432 0.10254 0.29762 0.12988 0.29762 0.12988 0.2432
0 0.13477 0.2432 0.13477 0.29762 0.16211 0.29762 0.16211 0.2432
0 0.20117 0.2415 0.20117 0.29762 0.23047 0.29762 0.23047 0.2415
0 0.2334 0.2398 0.2334 0.29592 0.26172 0.29592 0.26172 0.2398
0 0.30664 0.2398 0.30664 0.29762 0.33594 0.29762 0.33594 0.2398
0 0.33984 0.2398 0.33984 0.29422 0.36816 0.29422 0.36816 0.2398
0 0.40723 0.2381 0.40723 0.29592 0.43652 0.29592 0.43652 0.2381
0 0.43848 0.23639 0.43848 0.29422 0.46875 0.29422 0.46875 0.23639
0 0.098633 0.37245 0.098633 0.44048 0.12891 0.44048 0.12891 0.37245
0 0.13086 0.37245 0.13086 0.43707 0.16016 0.43707 0.16016 0.37245
0 0.20117 0.37075 0.20117 0.43878 0.22949 0.43878 0.22949 0.37075
0 0.23242 0.37075 0.23242 0.43878 0.26172 0.43878 0.26172 0.37075
0 0.30469 0.37075 0.30469 0.43878 0.33496 0.43878 0.33496 0.37075
0 0.33789 0.37075 0.33789 0.43878 0.36719 0.43878 0.36719 0.37075
0 0.40527 0.36905 0.40527 0.43878 0.43457 0.43878 0.43457 0.36905
0 0.43848 0.36905 0.43848 0.43878 0.46777 0.43878 0.46777 0.36905
0 0.099609 0.5102 0.099609 0.58673 0.12891 0.58673 0.12891 0.5102
0 0.13184 0.5085 0.13184 0.58844 0.16113 0.58844 0.16113 0.5085
0 0.19824 0.5085 0.19824 0.58844 0.22754 0.58844 0.22754 0.5085
0 0.23242 0.5068 0.23242 0.58844 0.26172 0.58844 0.26172 0.5068
0 0.30371 0.5085 0.30371 0.58844 0.33301 0.58844 0.33301 0.5085
0 0.33691 0.5068 0.33691 0.59014 0.36816 0.59014 0.36816 0.5068
0 0.4043 0.5068 0.4043 0.58503 0.43457 0.58503 0.43457 0.5068
0 0.4375 0.5068 0.4375 0.58673 0.46777 0.58673 0.46777 0.5068
0 0.51953 0.23639 0.51953 0.29592 0.5498 0.29592 0.5498 0.23639
0 0.55273 0.23639 0.55273 0.29592 0.58301 0.29592 0.58301 0.23639
0 0.62402 0.2381 0.62402 0.29762 0.6543 0.29762 0.6543 0.2381
0 0.65723 0.2381 0.65723 0.29932 0.68652 0.29932 0.68652 0.2381
0 0.7334 0.2415 0.7334 0.29932 0.7627 0.29932 0.7627 0.2415
0 0.7666 0.2415 0.7666 0.29932 0.7959 0.29932 0.7959 0.2415
0 0.83594 0.2381 0.83594 0.29932 0.86621 0.29932 0.86621 0.2381
0 0.86914 0.2381 0.86914 0.29932 0.89844 0.29932 0.89844 0.2381
0 0.51953 0.36905 0.51953 0.43878 0.54883 0.43878 0.54883 0.36905
0 0.55273 0.37075 0.55273 0.43878 0.58203 0.43878 0.58203 0.37075
0 0.62207 0.36905 0.62207 0.44048 0.65234 0.44048 0.65234 0.36905
0 0.65625 0.37075 0.65625 0.44048 0.68652 0.44048 0.68652 0.37075
0 0.73438 0.37415 0.73438 0.44218 0.7627 0.44218 0.7627 0.37415
0 0.76562 0.37415 0.76562 0.44048 0.79492 0.44048 0.79492 0.37415
0 0.83594 0.37245 0.83594 0.44048 0.86523 0.44048 0.86523 0.37245
0 0.86914 0.37415 0.86914 0.44048 0.89746 0.44048 0.89746 0.37415
0 0.51758 0.5068 0.51758 0.58673 0.54883 0.58673 0.54883 0.5068
0 0.55176 0.5068 0.55176 0.58673 0.58203 0.58673 0.58203 0.5068
0 0.62109 0.5068 0.62109 0.58844 0.65234 0.58844 0.65234 0.5068
0 0.65625 0.5085 0.65625 0.58844 0.68652 0.58844 0.68652 0.5085
0 0.73145 0.5085 0.73145 0.59014 0.76074 0.59014 0.76074 0.5085
0 0.76562 0.5085 0.76562 0.59014 0.7959 0.59014 0.7959 0.5085
0 0.83398 0.5085 0.83398 0.59014 0.86426 0.59014 0.86426 0.5085
0 0.86914 0.5102 0.86914 0.59014 0.89844 0.59014 0.89844 0.5102
0 0.10059 0.66667 0.10059 0.77211 0.12891 0.77211 0.12891 0.66667
0 0.13184 0.66667 0.13184 0.77211 0.16016 0.77211 0.16016 0.66667
0 0.19922 0.66837 0.19922 0.77381 0.22754 0.77381 0.22754 0.66837
0 0.23145 0.66667 0.23145 0.77381 0.25977 0.77381 0.25977 0.66667
0 0.30371 0.66837 0.30371 0.77211 0.33105 0.77211 0.33105 0.66837
0 0.33594 0.66667 0.33594 0.77381 0.36523 0.77381 0.36523 0.66667
0 0.40234 0.66837 0.40234 0.77551 0.43359 0.77551 0.43359 0.66837
0 0.4375 0.66837 0.4375 0.77551 0.46582 0.77551 0.46582 0.66837
0 0.5166 0.66667 0.5166 0.77551 0.54785 0.77551 0.54785 0.66667
0 0.55078 0.66667 0.55078 0.77551 0.58203 0.77551 0.58203 0.66667
0 0.62109 0.66667 0.62109 0.77551 0.65137 0.77551 0.65137 0.66667
0 0.6543 0.66837 0.6543 0.77551 0.68457 0.77551 0.68457 0.66837
0 0.73047 0.66837 0.73047 0.77721 0.76074 0.77721 0.76074 0.66837
0 0.76465 0.67007 0.76465 0.77721 0.79492 0.77721 0.79492 0.67007
0 0.83398 0.67007 0.83398 0.77891 0.86426 0.77891 0.86426 0.67007
0 0.86816 0.67007 0.86816 0.77891 0.89844 0.77891 0.89844 0.67007
0 0.47461 0.11054 0.47461 0.16497 0.51465 0.16497 0.51465 0.11054
0 0.017578 0.13435 0.017578 0.16837 0.039062 0.16837 0.039062 0.13435
0 0.047852 0.14626 0.047852 0.18197 0.075195 0.18197 0.075195 0.14626
0 0.94922 0.12075 0.94922 0.15306 0.9707 0.15306 0.9707 0.12075
0 0.92773 0.13095 0.92773 0.17517 0.94141 0.17517 0.94141 0.13095
0 0.97754 0.12925 0.97754 0.16837 0.99023 0.16837 0.99023 0.12925
0 0.3877 0.89456 0.3877 0.97279 0.4209 0.97279 0.4209 0.89456
0 0.63965 0.89966 0.63965 0.97959 0.6748 0.97959 0.6748 0.89966
0 0.86719 0.93197 0.86719 0.9966 0.89062 0.9966 0.89062 0.93197
0 0.050781 0.23129 0.050781 0.29422 0.073242 0.29422 0.073242 0.23129
0 0.017578 0.22449 0.017578 0.27551 0.039062 0.27551 0.039062 0.22449
0 0.049805 0.37075 0.049805 0.44048 0.075195 0.44048 0.075195 0.37075
0 0.017578 0.36395 0.017578 0.43027 0.039062 0.43027 0.039062 0.36395
0 0.015625 0.4932 0.015625 0.57313 0.037109 0.57313 0.037109 0.4932
0 0.014648 0.65476 0.014648 0.76531 0.039062 0.76531 0.039062 0.65476
0 0.047852 0.66327 0.047852 0.77211 0.072266 0.77211 0.072266 0.66327
0 0.046875 0.5 0.046875 0.58333 0.075195 0.58333 0.075195 0.5
0 0.94824 0.21088 0.94824 0.26871 0.97168 0.26871 0.97168 0.21088
0 0.92578 0.21939 0.92578 0.28571 0.94141 0.28571 0.94141 0.21939
0 0.97852 0.21599 0.97852 0.28061 0.99121 0.28061 0.99121 0.21599
0 0.97559 0.35374 0.97559 0.43197 0.9873 0.43197 0.9873 0.35374
0 0.94336 0.35204 0.94336 0.42347 0.96777 0.42347 0.96777 0.35204
0 0.9248 0.36054 0.9248 0.43537 0.9375 0.43537 0.9375 0.36054
0 0.94336 0.4932 0.94336 0.57653 0.9668 0.57653 0.9668 0.4932
0 0.97656 0.4983 0.97656 0.58503 0.98633 0.58503 0.98633 0.4983
0 0.92383 0.5051 0.92383 0.58673 0.93555 0.58673 0.93555 0.5051
0 0.92383 0.67347 0.92383 0.77381 0.93359 0.77381 0.93359 0.67347
0 0.97363 0.66667 0.97363 0.77551 0.98438 0.77551 0.98438 0.66667
0 0.94336 0.66497 0.94336 0.77381 0.96582 0.77381 0.96582 0.66497
