0 0.27016 0.5 0.27016 0.64899 0.31754 0.64899 0.31754 0.5
0 0.35887 0.5 0.35887 0.64899 0.40625 0.64899 0.40625 0.5
0 0.17843 0.5 0.17843 0.64899 0.22581 0.64899 0.22581 0.5
0 0.56452 0.49747 0.56452 0.64646 0.6129 0.64646 0.6129 0.49747
0 0.66835 0.5 0.66835 0.64899 0.71573 0.64899 0.71573 0.5
0 0.76915 0.5 0.76915 0.64899 0.81653 0.64899 0.81653 0.5
0 0.87601 0.50253 0.87601 0.65152 0.9244 0.65152 0.9244 0.50253
0 0.4627 0.50253 0.4627 0.64899 0.51714 0.64899 0.51714 0.50253
0 0.56452 0.25758 0.56452 0.37374 0.6119 0.37374 0.6119 0.25758
0 0.76815 0.25505 0.76815 0.37121 0.81452 0.37121 0.81452 0.25505
0 0.66935 0.25758 0.66935 0.38636 0.7127 0.38636 0.7127 0.25758
0 0.18347 0.26263 0.18347 0.40404 0.22581 0.40404 0.22581 0.26263
0 0.27218 0.2601 0.27218 0.39899 0.31452 0.39899 0.31452 0.2601
0 0.35585 0.26515 0.35585 0.40404 0.39819 0.40404 0.39819 0.26515
0 0.025202 0.55556 0.025202 0.69444 0.06754 0.69444 0.06754 0.55556
0 0.025202 0.2702 0.025202 0.40909 0.06754 0.40909 0.06754 0.2702
0 0.25202 0.10859 0.25202 0.16919 0.2994 0.16919 0.2994 0.10859
0 0.68044 0.10859 0.68044 0.13636 0.70464 0.13636 0.70464 0.10859
0 0.17036 0.7702 0.17036 0.93182 0.22379 0.93182 0.22379 0.7702
0 0.2631 0.77273 0.2631 0.93434 0.31653 0.93434 0.31653 0.77273
0 0.35383 0.7702 0.35383 0.92929 0.40827 0.92929 0.40827 0.7702
1 0.077621 0.80303 0.077621 0.99242 0.11593 0.99242 0.11593 0.80303
1 0.46472 0.7702 0.46472 0.9899 0.51613 0.9899 0.51613 0.7702
1 0.0070565 0.79798 0.0070565 0.99242 0.053427 0.99242 0.053427 0.79798
0 0.77319 0.78283 0.77319 0.94444 0.90827 0.94444 0.90827 0.78283
