0 0.91124 0.12793 0.91124 0.20508 0.96067 0.20508 0.96067 0.12793
0 0.71124 0.125 0.71124 0.20117 0.76404 0.20117 0.76404 0.125
0 0.51011 0.12305 0.51011 0.19824 0.56292 0.19824 0.56292 0.12305
0 0.31011 0.125 0.31011 0.20117 0.36292 0.20117 0.36292 0.125
0 0.11573 0.12695 0.11573 0.20312 0.16854 0.20312 0.16854 0.12695
0 0.91236 0.2666 0.91236 0.34863 0.96517 0.34863 0.96517 0.2666
0 0.71461 0.2627 0.71461 0.34473 0.76629 0.34473 0.76629 0.2627
0 0.50899 0.26074 0.50899 0.34375 0.5618 0.34375 0.5618 0.26074
0 0.30674 0.2627 0.30674 0.34473 0.35955 0.34473 0.35955 0.2627
0 0.11236 0.2666 0.11236 0.34961 0.16404 0.34961 0.16404 0.2666
0 0.10674 0.41504 0.10674 0.50684 0.16517 0.50684 0.16517 0.41504
0 0.30337 0.41309 0.30337 0.50391 0.3618 0.50391 0.3618 0.41309
0 0.50674 0.41211 0.50674 0.50391 0.56517 0.50391 0.56517 0.41211
0 0.70787 0.41309 0.70787 0.50391 0.76742 0.50391 0.76742 0.41309
0 0.30337 0.58496 0.30337 0.67676 0.36292 0.67676 0.36292 0.58496
0 0.70899 0.58496 0.70899 0.67676 0.76854 0.67676 0.76854 0.58496
0 0.50562 0.58398 0.50562 0.66113 0.56404 0.66113 0.56404 0.58398
0 0.30449 0.75488 0.30449 0.82227 0.36404 0.82227 0.36404 0.75488
0 0.50449 0.75781 0.50449 0.8252 0.56404 0.8252 0.56404 0.75781
0 0.70899 0.75684 0.70899 0.82422 0.76742 0.82422 0.76742 0.75684
1 0.48764 0.87793 0.48764 0.99512 0.58427 0.99512 0.58427 0.87793
