0 0.89606 0.8252 0.89606 0.88672 0.93668 0.88672 0.93668 0.8252
0 0.78136 0.82422 0.78136 0.88672 0.82318 0.88672 0.82318 0.82422
0 0.66547 0.82422 0.66547 0.88672 0.70848 0.88672 0.70848 0.82422
0 0.89128 0.66602 0.89128 0.75488 0.94385 0.75488 0.94385 0.66602
0 0.77778 0.66699 0.77778 0.75488 0.82915 0.75488 0.82915 0.66699
0 0.66189 0.66602 0.66189 0.75391 0.71446 0.75391 0.71446 0.66602
0 0.55197 0.82422 0.55197 0.88672 0.59259 0.88672 0.59259 0.82422
0 0.43608 0.82422 0.43608 0.8877 0.47909 0.8877 0.47909 0.82422
0 0.5448 0.66504 0.5448 0.75391 0.59857 0.75391 0.59857 0.66504
0 0.43011 0.66504 0.43011 0.75391 0.48387 0.75391 0.48387 0.66504
0 0.22581 0.82031 0.22581 0.88379 0.26762 0.88379 0.26762 0.82031
0 0.22103 0.6582 0.22103 0.74707 0.27001 0.74707 0.27001 0.6582
0 0.14695 0.65723 0.14695 0.74707 0.19594 0.74707 0.19594 0.65723
0 0.78017 0.50488 0.78017 0.58594 0.83035 0.58594 0.83035 0.50488
0 0.89486 0.50586 0.89486 0.58594 0.94504 0.58594 0.94504 0.50586
0 0.90203 0.35742 0.90203 0.43555 0.94385 0.43555 0.94385 0.35742
0 0.78614 0.35742 0.78614 0.43555 0.82796 0.43555 0.82796 0.35742
0 0.66308 0.50586 0.66308 0.58398 0.71326 0.58398 0.71326 0.50586
0 0.54839 0.50586 0.54839 0.58398 0.59737 0.58398 0.59737 0.50586
0 0.4313 0.50488 0.4313 0.58496 0.48148 0.58496 0.48148 0.50488
0 0.67145 0.35742 0.67145 0.43457 0.71326 0.43457 0.71326 0.35742
0 0.55556 0.35742 0.55556 0.43457 0.59857 0.43457 0.59857 0.35742
0 0.43967 0.3584 0.43967 0.43457 0.48268 0.43457 0.48268 0.3584
0 0.22103 0.49414 0.22103 0.57812 0.27001 0.57812 0.27001 0.49414
0 0.14695 0.49316 0.14695 0.57812 0.19713 0.57812 0.19713 0.49316
0 0.21983 0.34375 0.21983 0.41895 0.26045 0.41895 0.26045 0.34375
0 0.16726 0.34277 0.16726 0.41895 0.21147 0.41895 0.21147 0.34277
0 0.18877 0.13477 0.18877 0.17383 0.23536 0.17383 0.23536 0.13477
