0 0.2832 0.40851 0.2832 0.50387 0.33594 0.50387 0.33594 0.40851
0 0.3877 0.40722 0.3877 0.50387 0.44043 0.50387 0.44043 0.40722
0 0.49121 0.40851 0.49121 0.50387 0.54395 0.50387 0.54395 0.40851
0 0.64844 0.40979 0.64844 0.50644 0.70117 0.50644 0.70117 0.40979
0 0.77539 0.40979 0.77539 0.50644 0.82812 0.50644 0.82812 0.40979
0 0.27734 0.61469 0.27734 0.72938 0.3418 0.72938 0.3418 0.61469
0 0.38086 0.61469 0.38086 0.72809 0.44531 0.72809 0.44531 0.61469
0 0.48145 0.6134 0.48145 0.72809 0.5459 0.72809 0.5459 0.6134
0 0.64355 0.6134 0.64355 0.72809 0.70801 0.72809 0.70801 0.6134
0 0.77344 0.6134 0.77344 0.72809 0.83789 0.72809 0.83789 0.6134
0 0.089844 0.37629 0.089844 0.49227 0.15332 0.49227 0.15332 0.37629
0 0.089844 0.60954 0.089844 0.73067 0.15332 0.73067 0.15332 0.60954
