0 0.5499 0.0084459 0.5499 0.035473 0.61711 0.035473 0.61711 0.0084459
0 0.31568 0.26689 0.31568 0.41554 0.37475 0.41554 0.37475 0.26689
0 0.39919 0.26858 0.39919 0.41216 0.45825 0.41216 0.45825 0.26858
0 0.39308 0.47297 0.39308 0.60642 0.45214 0.60642 0.45214 0.47297
0 0.30754 0.47466 0.30754 0.60135 0.37271 0.60135 0.37271 0.47466
0 0.39104 0.68581 0.39104 0.80574 0.4501 0.80574 0.4501 0.68581
0 0.3055 0.68581 0.3055 0.80405 0.3666 0.80405 0.3666 0.68581
0 0.80855 0.47297 0.80855 0.58953 0.90224 0.58953 0.90224 0.47297
0 0.80855 0.26351 0.80855 0.38007 0.9002 0.38007 0.9002 0.26351
0 0.80855 0.6875 0.80855 0.80405 0.90224 0.80405 0.90224 0.6875
0 0.57841 0.47297 0.57841 0.58953 0.66599 0.58953 0.66599 0.47297
0 0.58045 0.26351 0.58045 0.38007 0.66599 0.38007 0.66599 0.26351
0 0.57841 0.6875 0.57841 0.80405 0.66599 0.80405 0.66599 0.6875
0 0.09776 0.68581 0.09776 0.80236 0.18534 0.80236 0.18534 0.68581
0 0.10794 0.47297 0.10794 0.58953 0.19552 0.58953 0.19552 0.47297
0 0.10998 0.27027 0.10998 0.38514 0.19552 0.38514 0.19552 0.27027
0 0.37271 0.091216 0.37271 0.17905 0.55193 0.17905 0.55193 0.091216
