0 0.57129 0.36715 0.57129 0.45894 0.61523 0.45894 0.61523 0.36715
0 0.50098 0.36232 0.50098 0.45411 0.54492 0.45411 0.54492 0.36232
0 0.43164 0.35749 0.43164 0.44928 0.47559 0.44928 0.47559 0.35749
0 0.36133 0.35749 0.36133 0.44928 0.40625 0.44928 0.40625 0.35749
0 0.29004 0.36232 0.29004 0.45411 0.33398 0.45411 0.33398 0.36232
0 0.22266 0.36232 0.22266 0.45411 0.2666 0.45411 0.2666 0.36232
0 0.15625 0.36715 0.15625 0.45894 0.2002 0.45894 0.2002 0.36715
0 0.085938 0.36715 0.085938 0.45894 0.13086 0.45894 0.13086 0.36715
0 0.087891 0.57971 0.087891 0.6715 0.13184 0.6715 0.13184 0.57971
0 0.15527 0.57488 0.15527 0.66667 0.19922 0.66667 0.19922 0.57488
0 0.22363 0.57971 0.22363 0.6715 0.26758 0.6715 0.26758 0.57971
0 0.29004 0.57488 0.29004 0.66667 0.33398 0.66667 0.33398 0.57488
0 0.36133 0.57488 0.36133 0.66667 0.40527 0.66667 0.40527 0.57488
0 0.43066 0.57971 0.43066 0.6715 0.47461 0.6715 0.47461 0.57971
0 0.49902 0.57488 0.49902 0.66667 0.54395 0.66667 0.54395 0.57488
0 0.56836 0.57971 0.56836 0.6715 0.6123 0.6715 0.6123 0.57971
0 0.7041 0.36715 0.7041 0.45894 0.74805 0.45894 0.74805 0.36715
0 0.70312 0.57488 0.70312 0.66667 0.74707 0.66667 0.74707 0.57488
0 0.77051 0.57488 0.77051 0.66667 0.81445 0.66667 0.81445 0.57488
0 0.77051 0.36232 0.77051 0.45411 0.81445 0.45411 0.81445 0.36232
0 0.83789 0.36232 0.83789 0.45411 0.88184 0.45411 0.88184 0.36232
0 0.83789 0.57971 0.83789 0.6715 0.88184 0.6715 0.88184 0.57971
0 0.9043 0.57488 0.9043 0.66667 0.94824 0.66667 0.94824 0.57488
0 0.9043 0.35749 0.9043 0.44928 0.94824 0.44928 0.94824 0.35749
1 0.84277 0.84541 0.84277 0.98551 0.86914 0.98551 0.86914 0.84541
1 0.65234 0.82609 0.65234 0.99034 0.68262 0.99034 0.68262 0.82609
0 0.44727 0.76812 0.44727 0.98068 0.52734 0.98068 0.52734 0.76812
0 0.53516 0.80193 0.53516 0.97101 0.61133 0.97101 0.61133 0.80193
0 0.70312 0.77778 0.70312 0.96135 0.77148 0.96135 0.77148 0.77778
0 0.77441 0.79227 0.77441 0.97101 0.84277 0.97101 0.84277 0.79227
0 0.94629 0.80193 0.94629 0.98068 0.99316 0.98068 0.99316 0.80193
0 0.87988 0.7971 0.87988 0.96135 0.94043 0.96135 0.94043 0.7971
0 0.84473 0.77778 0.84473 0.81643 0.87012 0.81643 0.87012 0.77778
