0 0.49115 0.2459 0.49115 0.33934 0.58407 0.33934 0.58407 0.2459
0 0.22124 0.24426 0.22124 0.33607 0.31416 0.33607 0.31416 0.24426
0 0.75664 0.24918 0.75664 0.34098 0.84956 0.34098 0.84956 0.24918
0 0.7677 0.41639 0.7677 0.51639 0.86062 0.51639 0.86062 0.41639
0 0.49115 0.41311 0.49115 0.51311 0.58407 0.51311 0.58407 0.41311
0 0.22345 0.40984 0.22345 0.50984 0.31637 0.50984 0.31637 0.40984
0 0.5 0.59016 0.5 0.69836 0.59292 0.69836 0.59292 0.59016
0 0.22124 0.58689 0.22124 0.69672 0.31637 0.69672 0.31637 0.58689
0 0.77212 0.58525 0.77212 0.69508 0.86726 0.69508 0.86726 0.58525
0 0.77434 0.77213 0.77434 0.88197 0.86726 0.88197 0.86726 0.77213
0 0.49779 0.77213 0.49779 0.88033 0.59292 0.88033 0.59292 0.77213
0 0.22124 0.77213 0.22124 0.88197 0.31637 0.88197 0.31637 0.77213
0 0.23894 0.1 0.23894 0.17541 0.30531 0.17541 0.30531 0.1
0 0.50221 0.10328 0.50221 0.17869 0.56637 0.17869 0.56637 0.10328
0 0.7677 0.1082 0.7677 0.17705 0.8385 0.17705 0.8385 0.1082
