0 0.21582 0.11023 0.21582 0.15094 0.27051 0.15094 0.27051 0.11023
0 0.34473 0.10924 0.34473 0.15492 0.39746 0.15492 0.39746 0.10924
0 0.47461 0.10824 0.47461 0.15392 0.52734 0.15392 0.52734 0.10824
0 0.60547 0.10824 0.60547 0.15293 0.65918 0.15293 0.65918 0.10824
0 0.73535 0.10924 0.73535 0.15492 0.78711 0.15492 0.78711 0.10924
0 0.86426 0.11023 0.86426 0.15094 0.91895 0.15094 0.91895 0.11023
0 0.084961 0.076465 0.084961 0.099305 0.17676 0.099305 0.17676 0.076465
0 0.00097656 0.076465 0.00097656 0.1003 0.041016 0.1003 0.041016 0.076465
0 0.038086 0.16683 0.038086 0.23734 0.13477 0.23734 0.13477 0.16683
0 0.038086 0.29692 0.038086 0.36941 0.13477 0.36941 0.13477 0.29692
0 0.040039 0.43198 0.040039 0.50248 0.13379 0.50248 0.13379 0.43198
0 0.041992 0.56405 0.041992 0.63555 0.13379 0.63555 0.13379 0.56405
0 0.044922 0.69811 0.044922 0.77656 0.13379 0.77656 0.13379 0.69811
0 0.58789 0.79444 0.58789 0.83813 0.60547 0.83813 0.60547 0.79444
0 0.56152 0.79345 0.56152 0.83714 0.58203 0.83714 0.58203 0.79345
0 0.53711 0.79345 0.53711 0.83813 0.55664 0.83813 0.55664 0.79345
0 0.34375 0.22244 0.34375 0.29394 0.39844 0.29394 0.39844 0.22244
0 0.21191 0.22244 0.21191 0.29394 0.2666 0.29394 0.2666 0.22244
0 0.47559 0.22145 0.47559 0.29295 0.53027 0.29295 0.53027 0.22145
0 0.60449 0.22244 0.60449 0.29394 0.6582 0.29394 0.6582 0.22244
0 0.73438 0.22244 0.73438 0.29394 0.78906 0.29394 0.78906 0.22244
0 0.86621 0.22244 0.86621 0.29295 0.91992 0.29295 0.91992 0.22244
0 0.34082 0.35948 0.34082 0.42999 0.39551 0.42999 0.39551 0.35948
0 0.21094 0.3575 0.21094 0.428 0.26562 0.428 0.26562 0.3575
0 0.47363 0.35948 0.47363 0.42999 0.52832 0.42999 0.52832 0.35948
0 0.60352 0.35948 0.60352 0.42999 0.6582 0.42999 0.6582 0.35948
0 0.73438 0.35849 0.73438 0.42999 0.78809 0.42999 0.78809 0.35849
0 0.21094 0.49553 0.21094 0.56703 0.26465 0.56703 0.26465 0.49553
0 0.33887 0.49553 0.33887 0.56703 0.39258 0.56703 0.39258 0.49553
0 0.4707 0.49652 0.4707 0.56802 0.52539 0.56802 0.52539 0.49652
0 0.60254 0.49652 0.60254 0.56802 0.65625 0.56802 0.65625 0.49652
0 0.73242 0.49652 0.73242 0.56802 0.78613 0.56802 0.78613 0.49652
0 0.86523 0.35948 0.86523 0.42999 0.91895 0.42999 0.91895 0.35948
0 0.86426 0.49553 0.86426 0.56703 0.91797 0.56703 0.91797 0.49553
0 0.21289 0.63555 0.21289 0.70606 0.2666 0.70606 0.2666 0.63555
0 0.34277 0.63456 0.34277 0.70506 0.39746 0.70506 0.39746 0.63456
0 0.46973 0.63257 0.46973 0.70308 0.52344 0.70308 0.52344 0.63257
0 0.60352 0.63158 0.60352 0.70209 0.6582 0.70209 0.6582 0.63158
0 0.7334 0.63357 0.7334 0.70407 0.78711 0.70407 0.78711 0.63357
0 0.86426 0.63257 0.86426 0.70308 0.91797 0.70308 0.91797 0.63257
0 0.20996 0.77259 0.20996 0.84409 0.26367 0.84409 0.26367 0.77259
0 0.33984 0.77061 0.33984 0.84211 0.39453 0.84211 0.39453 0.77061
0 0.73535 0.76961 0.73535 0.84111 0.78906 0.84111 0.78906 0.76961
0 0.63672 0.76961 0.63672 0.8431 0.66211 0.8431 0.66211 0.76961
0 0.46582 0.76961 0.46582 0.84409 0.49121 0.84409 0.49121 0.76961
0 0.8623 0.77061 0.8623 0.84211 0.91602 0.84211 0.91602 0.77061
0 0.20801 0.90963 0.20801 0.96127 0.26074 0.96127 0.26074 0.90963
0 0.33789 0.90864 0.33789 0.96326 0.39258 0.96326 0.39258 0.90864
0 0.73145 0.90765 0.73145 0.96226 0.78516 0.96226 0.78516 0.90765
1 0.53906 0.85005 0.53906 0.97219 0.60449 0.97219 0.60449 0.85005
1 0.86328 0.89573 0.86328 0.97418 0.91699 0.97418 0.91699 0.89573
