0 0.089844 0.25939 0.089844 0.36 0.13477 0.36 0.13477 0.25939
0 0.20215 0.25818 0.20215 0.35879 0.24707 0.35879 0.24707 0.25818
0 0.31543 0.25939 0.31543 0.36 0.36133 0.36 0.36133 0.25939
0 0.43066 0.25939 0.43066 0.36 0.47559 0.36 0.47559 0.25939
0 0.54297 0.25939 0.54297 0.36 0.58789 0.36 0.58789 0.25939
0 0.66309 0.26182 0.66309 0.36242 0.70801 0.36242 0.70801 0.26182
0 0.77734 0.26424 0.77734 0.36485 0.82227 0.36485 0.82227 0.26424
0 0.88281 0.26788 0.88281 0.36848 0.92773 0.36848 0.92773 0.26788
0 0.88477 0.44848 0.88477 0.54909 0.93066 0.54909 0.93066 0.44848
0 0.77734 0.44848 0.77734 0.54909 0.82227 0.54909 0.82227 0.44848
0 0.66309 0.44727 0.66309 0.54788 0.70801 0.54788 0.70801 0.44727
0 0.54492 0.44727 0.54492 0.54788 0.58984 0.54788 0.58984 0.44727
0 0.42773 0.44727 0.42773 0.54788 0.47266 0.54788 0.47266 0.44727
0 0.31152 0.44848 0.31152 0.54909 0.35645 0.54909 0.35645 0.44848
0 0.20117 0.44848 0.20117 0.54909 0.24609 0.54909 0.24609 0.44848
0 0.087891 0.44848 0.087891 0.54909 0.13281 0.54909 0.13281 0.44848
0 0.09082 0.63273 0.09082 0.74061 0.13867 0.74061 0.13867 0.63273
0 0.19824 0.63273 0.19824 0.73939 0.24609 0.73939 0.24609 0.63273
0 0.31152 0.63273 0.31152 0.73939 0.35938 0.73939 0.35938 0.63273
0 0.42676 0.63515 0.42676 0.74182 0.47461 0.74182 0.47461 0.63515
0 0.5459 0.63636 0.5459 0.72606 0.58105 0.72606 0.58105 0.63636
0 0.65918 0.63273 0.65918 0.72606 0.70703 0.72606 0.70703 0.63273
0 0.78027 0.62788 0.78027 0.72121 0.81543 0.72121 0.81543 0.62788
0 0.88672 0.62909 0.88672 0.73333 0.91992 0.73333 0.91992 0.62909
0 0.3125 0.092121 0.3125 0.1697 0.37109 0.1697 0.37109 0.092121
0 0.098633 0.094545 0.098633 0.17333 0.15723 0.17333 0.15723 0.094545
0 0.43262 0.094545 0.43262 0.1697 0.49121 0.1697 0.49121 0.094545
0 0.5957 0.10061 0.5957 0.17333 0.65332 0.17333 0.65332 0.10061
0 0.77246 0.10667 0.77246 0.17939 0.83008 0.17939 0.83008 0.10667
0 0.87402 0.11394 0.87402 0.17939 0.93262 0.17939 0.93262 0.11394
