0 0.76074 0.11318 0.76074 0.16778 0.80469 0.16778 0.80469 0.11318
0 0.66699 0.11318 0.66699 0.16778 0.7041 0.16778 0.7041 0.11318
0 0.58594 0.11318 0.58594 0.16911 0.62305 0.16911 0.62305 0.11318
0 0.50293 0.11318 0.50293 0.16778 0.54102 0.16778 0.54102 0.11318
0 0.40332 0.11318 0.40332 0.16911 0.44727 0.16911 0.44727 0.11318
0 0.92773 0.098535 0.92773 0.15446 0.94824 0.15446 0.94824 0.098535
0 0.90234 0.099867 0.90234 0.15446 0.92285 0.15446 0.92285 0.099867
0 0.73633 0.21838 0.73633 0.29694 0.77344 0.29694 0.77344 0.21838
0 0.58398 0.2237 0.58398 0.30759 0.61914 0.30759 0.61914 0.2237
0 0.42871 0.21704 0.42871 0.29561 0.46582 0.29561 0.46582 0.21704
0 0.73047 0.3715 0.73047 0.4727 0.77637 0.4727 0.77637 0.3715
0 0.42773 0.36884 0.42773 0.47137 0.47266 0.47137 0.47266 0.36884
0 0.57715 0.53928 0.57715 0.63782 0.62695 0.63782 0.62695 0.53928
0 0.25391 0.069241 0.25391 0.14514 0.28711 0.14514 0.28711 0.069241
0 0.09668 0.065246 0.09668 0.14115 0.13086 0.14115 0.13086 0.065246
0 0.88574 0.2277 0.88574 0.30759 0.91895 0.30759 0.91895 0.2277
0 0.93359 0.2277 0.93359 0.30759 0.9668 0.30759 0.9668 0.2277
0 0.88086 0.38748 0.88086 0.47936 0.91895 0.47936 0.91895 0.38748
0 0.92676 0.38748 0.92676 0.47936 0.9668 0.47936 0.9668 0.38748
0 0.88086 0.53262 0.88086 0.62583 0.91895 0.62583 0.91895 0.53262
0 0.92676 0.53129 0.92676 0.6245 0.96582 0.6245 0.96582 0.53129
0 0.73047 0.53795 0.73047 0.62051 0.77539 0.62051 0.77539 0.53795
0 0.43066 0.53795 0.43066 0.61917 0.47363 0.61917 0.47363 0.53795
0 0.24902 0.24234 0.24902 0.33688 0.29492 0.33688 0.29492 0.24234
0 0.24609 0.41811 0.24609 0.53129 0.29688 0.53129 0.29688 0.41811
0 0.091797 0.23835 0.091797 0.35686 0.13867 0.35686 0.13867 0.23835
0 0.09375 0.41944 0.09375 0.55925 0.14062 0.55925 0.14062 0.41944
0 0.24414 0.61385 0.24414 0.75233 0.29883 0.75233 0.29883 0.61385
0 0.086914 0.61252 0.086914 0.79361 0.14258 0.79361 0.14258 0.61252
0 0.88184 0.70573 0.88184 0.79893 0.91895 0.79893 0.91895 0.70573
0 0.5625 0.70839 0.5625 0.82423 0.6416 0.82423 0.6416 0.70839
0 0.70312 0.70706 0.70312 0.84687 0.80566 0.84687 0.80566 0.70706
0 0.39648 0.70839 0.39648 0.84687 0.49902 0.84687 0.49902 0.70839
1 0.58496 0.88282 0.58496 0.99334 0.62598 0.99334 0.62598 0.88282
1 0.88379 0.84554 0.88379 0.99334 0.95215 0.99334 0.95215 0.84554
1 0.12207 0.84953 0.12207 0.99601 0.17969 0.99601 0.17969 0.84953
0 0.57715 0.3715 0.57715 0.49401 0.62793 0.49401 0.62793 0.3715
