0 0.16526 0.3028 0.16526 0.38422 0.19562 0.38422 0.19562 0.3028
0 0.25464 0.30534 0.25464 0.38677 0.28668 0.38677 0.28668 0.30534
0 0.35919 0.3028 0.35919 0.38422 0.38954 0.38422 0.38954 0.3028
0 0.46374 0.30534 0.46374 0.38677 0.4941 0.38677 0.4941 0.30534
0 0.55143 0.30534 0.55143 0.38677 0.58347 0.38677 0.58347 0.30534
0 0.55143 0.46056 0.55143 0.55725 0.58853 0.55725 0.58853 0.46056
0 0.46037 0.46056 0.46037 0.55725 0.49747 0.55725 0.49747 0.46056
0 0.25464 0.4631 0.25464 0.5598 0.29174 0.5598 0.29174 0.4631
0 0.16526 0.4631 0.16526 0.5598 0.20067 0.5598 0.20067 0.4631
0 0.16695 0.62341 0.16695 0.72265 0.20405 0.72265 0.20405 0.62341
0 0.25632 0.62595 0.25632 0.72519 0.29342 0.72519 0.29342 0.62595
0 0.35076 0.6285 0.35076 0.72519 0.40304 0.72519 0.40304 0.6285
0 0.34401 0.45547 0.34401 0.55216 0.40641 0.55216 0.40641 0.45547
0 0.46037 0.62341 0.46037 0.7201 0.49747 0.7201 0.49747 0.62341
0 0.55143 0.62595 0.55143 0.72265 0.58853 0.72265 0.58853 0.62595
0 0.8027 0.14504 0.8027 0.20865 0.82968 0.20865 0.82968 0.14504
0 0.79258 0.41985 0.79258 0.49873 0.8398 0.49873 0.8398 0.41985
0 0.68297 0.42494 0.68297 0.50382 0.73019 0.50382 0.73019 0.42494
0 0.90051 0.42494 0.90051 0.50127 0.94772 0.50127 0.94772 0.42494
0 0.91062 0.31298 0.91062 0.36896 0.93761 0.36896 0.93761 0.31298
0 0.6914 0.31552 0.6914 0.3715 0.72007 0.3715 0.72007 0.31552
0 0.8027 0.2799 0.8027 0.36387 0.82968 0.36387 0.82968 0.2799
0 0.79258 0.56997 0.79258 0.64885 0.84148 0.64885 0.84148 0.56997
0 0.68128 0.57252 0.68128 0.6514 0.73019 0.6514 0.73019 0.57252
0 0.90051 0.56997 0.90051 0.64885 0.94941 0.64885 0.94941 0.56997
0 0.68465 0.72519 0.68465 0.80407 0.73187 0.80407 0.73187 0.72519
0 0.79595 0.72519 0.79595 0.80407 0.84317 0.80407 0.84317 0.72519
0 0.90051 0.73028 0.90051 0.80916 0.94772 0.80916 0.94772 0.73028
0 0.68297 0.88295 0.68297 0.96183 0.73019 0.96183 0.73019 0.88295
0 0.79089 0.88041 0.79089 0.95674 0.8398 0.95674 0.8398 0.88041
0 0.17032 0.17048 0.17032 0.24173 0.19224 0.24173 0.19224 0.17048
0 0.26138 0.17303 0.26138 0.24427 0.28331 0.24427 0.28331 0.17303
0 0.35919 0.16794 0.35919 0.24682 0.38954 0.24682 0.38954 0.16794
0 0.46543 0.17048 0.46543 0.24427 0.48904 0.24427 0.48904 0.17048
0 0.55481 0.17048 0.55481 0.24427 0.57673 0.24427 0.57673 0.17048
0 0.68971 0.13232 0.68971 0.20356 0.71838 0.20356 0.71838 0.13232
0 0.90894 0.13486 0.90894 0.20611 0.93592 0.20611 0.93592 0.13486
0 0.44519 0.78372 0.44519 0.89313 0.51939 0.89313 0.51939 0.78372
0 0.53288 0.78372 0.53288 0.89313 0.60708 0.89313 0.60708 0.78372
0 0.14503 0.78117 0.14503 0.89313 0.22091 0.89313 0.22091 0.78117
0 0.14503 0.78117 0.14503 0.89313 0.22091 0.89313 0.22091 0.78117
0 0.23609 0.78372 0.23609 0.89567 0.31197 0.89567 0.31197 0.78372
0 0.89882 0.88041 0.89882 0.9313 0.94941 0.9313 0.94941 0.88041
0 0.34401 0.78372 0.34401 0.87786 0.41484 0.87786 0.41484 0.78372
