0 0.14974 0.73242 0.14974 0.82617 0.21484 0.82617 0.21484 0.73242
1 0.40495 0.72266 0.40495 0.90332 0.49609 0.90332 0.49609 0.72266
0 0.28385 0.73242 0.28385 0.82617 0.34896 0.82617 0.34896 0.73242
0 0.55469 0.73438 0.55469 0.85742 0.61328 0.85742 0.61328 0.73438
0 0.6901 0.73242 0.6901 0.85645 0.7474 0.85645 0.7474 0.73242
0 0.6875 0.53809 0.6875 0.63672 0.75391 0.63672 0.75391 0.53809
0 0.6888 0.36133 0.6888 0.45703 0.75391 0.45703 0.75391 0.36133
0 0.55339 0.53809 0.55339 0.6377 0.61849 0.6377 0.61849 0.53809
0 0.41797 0.54004 0.41797 0.6377 0.48438 0.6377 0.48438 0.54004
0 0.55339 0.3623 0.55339 0.45703 0.61849 0.45703 0.61849 0.3623
0 0.41797 0.36328 0.41797 0.45801 0.48307 0.45801 0.48307 0.36328
0 0.28385 0.54004 0.28385 0.63965 0.35026 0.63965 0.35026 0.54004
0 0.14974 0.54102 0.14974 0.64062 0.21615 0.64062 0.21615 0.54102
0 0.28385 0.36328 0.28385 0.45801 0.35026 0.45801 0.35026 0.36328
0 0.14844 0.36328 0.14844 0.45801 0.21615 0.45801 0.21615 0.36328
0 0.16536 0.28418 0.16536 0.30957 0.19661 0.30957 0.19661 0.28418
0 0.30208 0.2832 0.30208 0.30859 0.33203 0.30859 0.33203 0.2832
0 0.029948 0.2832 0.029948 0.30859 0.059896 0.30859 0.059896 0.2832
0 0.4375 0.28516 0.4375 0.31055 0.46745 0.31055 0.46745 0.28516
0 0.57161 0.28418 0.57161 0.30957 0.60156 0.30957 0.60156 0.28418
0 0.70573 0.2832 0.70573 0.30859 0.73568 0.30859 0.73568 0.2832
0 0.83854 0.28223 0.83854 0.30762 0.86849 0.30762 0.86849 0.28223
0 0.82422 0.35938 0.82422 0.45508 0.88932 0.45508 0.88932 0.35938
0 0.82422 0.53711 0.82422 0.63281 0.88932 0.63281 0.88932 0.53711
