0 0.07119 0.17578 0.07119 0.25684 0.13014 0.25684 0.13014 0.17578
0 0.31034 0.18066 0.31034 0.26074 0.35929 0.26074 0.35929 0.18066
0 0.44049 0.18164 0.44049 0.25879 0.48721 0.25879 0.48721 0.18164
0 0.50834 0.18164 0.50834 0.25977 0.55395 0.25977 0.55395 0.18164
0 0.63849 0.18262 0.63849 0.25879 0.68187 0.25879 0.68187 0.18262
0 0.70412 0.18164 0.70412 0.25879 0.74861 0.25879 0.74861 0.18164
0 0.83204 0.18262 0.83204 0.25879 0.88209 0.25879 0.88209 0.18262
0 0.07119 0.33691 0.07119 0.41699 0.12903 0.41699 0.12903 0.33691
0 0.30923 0.3418 0.30923 0.41992 0.35706 0.41992 0.35706 0.3418
0 0.44049 0.3418 0.44049 0.4209 0.48498 0.4209 0.48498 0.3418
0 0.50723 0.3418 0.50723 0.4209 0.5495 0.4209 0.5495 0.3418
0 0.63626 0.34082 0.63626 0.41992 0.67853 0.41992 0.67853 0.34082
0 0.70189 0.3418 0.70189 0.4209 0.74527 0.4209 0.74527 0.3418
0 0.82981 0.3418 0.82981 0.41992 0.87764 0.41992 0.87764 0.3418
0 0.07119 0.49902 0.07119 0.58105 0.12792 0.58105 0.12792 0.49902
0 0.31034 0.50098 0.31034 0.58496 0.35929 0.58496 0.35929 0.50098
0 0.44049 0.50195 0.44049 0.58203 0.48165 0.58203 0.48165 0.50195
0 0.50834 0.50195 0.50834 0.58496 0.54839 0.58496 0.54839 0.50195
0 0.83092 0.50098 0.83092 0.58398 0.87542 0.58398 0.87542 0.50098
0 0.70078 0.50195 0.70078 0.56152 0.74527 0.56152 0.74527 0.50195
0 0.63737 0.50098 0.63737 0.57227 0.67853 0.57227 0.67853 0.50098
0 0.07119 0.66504 0.07119 0.75391 0.12792 0.75391 0.12792 0.66504
0 0.30923 0.66602 0.30923 0.75586 0.35929 0.75586 0.35929 0.66602
0 0.072303 0.83398 0.072303 0.92383 0.11902 0.92383 0.11902 0.83398
0 0.43938 0.66602 0.43938 0.75684 0.48165 0.75684 0.48165 0.66602
0 0.50501 0.66699 0.50501 0.75586 0.54727 0.75586 0.54727 0.66699
0 0.43715 0.83398 0.43715 0.92188 0.48498 0.92188 0.48498 0.83398
0 0.8287 0.83398 0.8287 0.92578 0.87764 0.92578 0.87764 0.83398
0 0.6941 0.83594 0.6941 0.92188 0.74638 0.92188 0.74638 0.83594
0 0.8287 0.66699 0.8287 0.75586 0.87875 0.75586 0.87875 0.66699
0 0.70078 0.66504 0.70078 0.74805 0.74638 0.74805 0.74638 0.66504
0 0.63515 0.66602 0.63515 0.74902 0.68076 0.74902 0.68076 0.66602
1 0.55061 0.83203 0.55061 0.95801 0.62736 0.95801 0.62736 0.83203
1 0.29811 0.83398 0.29811 0.95605 0.36263 0.95605 0.36263 0.83398
