0 0.29661 0.073634 0.29661 0.17815 0.37288 0.17815 0.37288 0.073634
0 0.46441 0.071259 0.46441 0.17577 0.54068 0.17577 0.54068 0.071259
0 0.6339 0.07601 0.6339 0.17815 0.71017 0.17815 0.71017 0.07601
0 0.047458 0.26366 0.047458 0.38005 0.17288 0.38005 0.17288 0.26366
0 0.044068 0.49406 0.044068 0.61283 0.16949 0.61283 0.16949 0.49406
0 0.81017 0.26366 0.81017 0.38005 0.93559 0.38005 0.93559 0.26366
0 0.81356 0.49406 0.81356 0.61045 0.93729 0.61045 0.93729 0.49406
0 0.29492 0.28504 0.29492 0.44418 0.37119 0.44418 0.37119 0.28504
0 0.4661 0.28741 0.4661 0.44181 0.54237 0.44181 0.54237 0.28741
0 0.63729 0.28741 0.63729 0.44418 0.71356 0.44418 0.71356 0.28741
0 0.29492 0.51069 0.29492 0.67933 0.36949 0.67933 0.36949 0.51069
0 0.4661 0.51069 0.4661 0.67933 0.54237 0.67933 0.54237 0.51069
0 0.64068 0.51306 0.64068 0.67458 0.71695 0.67458 0.71695 0.51306
