0 0.89258 0.20774 0.89258 0.25788 0.92676 0.25788 0.92676 0.20774
0 0.77344 0.20774 0.77344 0.25788 0.80664 0.25788 0.80664 0.20774
0 0.89258 0.36533 0.89258 0.46275 0.92676 0.46275 0.92676 0.36533
0 0.77246 0.36533 0.77246 0.46418 0.80566 0.46418 0.80566 0.36533
0 0.65234 0.36533 0.65234 0.46418 0.68555 0.46418 0.68555 0.36533
0 0.53125 0.36533 0.53125 0.46418 0.56543 0.46418 0.56543 0.36533
0 0.41211 0.36676 0.41211 0.46418 0.44531 0.46418 0.44531 0.36676
0 0.65234 0.20917 0.65234 0.25788 0.68652 0.25788 0.68652 0.20917
0 0.53223 0.20774 0.53223 0.25788 0.56641 0.25788 0.56641 0.20774
0 0.41211 0.20774 0.41211 0.25788 0.44531 0.25788 0.44531 0.20774
0 0.29102 0.36676 0.29102 0.46275 0.3252 0.46275 0.3252 0.36676
0 0.1709 0.36676 0.1709 0.46418 0.20508 0.46418 0.20508 0.36676
0 0.049805 0.36533 0.049805 0.46418 0.083984 0.46418 0.083984 0.36533
0 0.29199 0.20917 0.29199 0.25931 0.32617 0.25931 0.32617 0.20917
0 0.17285 0.20917 0.17285 0.26074 0.20605 0.26074 0.20605 0.20917
0 0.051758 0.2106 0.051758 0.26218 0.086914 0.26218 0.086914 0.2106
0 0.050781 0.61032 0.050781 0.72063 0.083984 0.72063 0.083984 0.61032
0 0.1709 0.61032 0.1709 0.7192 0.20605 0.7192 0.20605 0.61032
0 0.29102 0.61032 0.29102 0.72063 0.3252 0.72063 0.3252 0.61032
0 0.41113 0.61032 0.41113 0.7192 0.44434 0.7192 0.44434 0.61032
0 0.53223 0.61032 0.53223 0.72063 0.56543 0.72063 0.56543 0.61032
0 0.65137 0.61032 0.65137 0.72063 0.68457 0.72063 0.68457 0.61032
0 0.77246 0.61032 0.77246 0.70487 0.80469 0.70487 0.80469 0.61032
0 0.89355 0.61032 0.89355 0.70917 0.92676 0.70917 0.92676 0.61032
0 0.046875 0.86819 0.046875 0.93696 0.083984 0.93696 0.083984 0.86819
0 0.16797 0.86819 0.16797 0.93696 0.2041 0.93696 0.2041 0.86819
0 0.29004 0.87106 0.29004 0.93696 0.32422 0.93696 0.32422 0.87106
0 0.40918 0.86819 0.40918 0.93553 0.44434 0.93553 0.44434 0.86819
0 0.5293 0.86819 0.5293 0.93696 0.56641 0.93696 0.56641 0.86819
0 0.64941 0.86819 0.64941 0.93696 0.68652 0.93696 0.68652 0.86819
0 0.89062 0.86819 0.89062 0.93553 0.92969 0.93553 0.92969 0.86819
1 0.75293 0.79656 0.75293 0.97564 0.84668 0.97564 0.84668 0.79656
0 0.19043 0.063037 0.19043 0.088825 0.21777 0.088825 0.21777 0.063037
0 0.4209 0.06447 0.4209 0.088825 0.44922 0.088825 0.44922 0.06447
0 0.88379 0.060172 0.88379 0.08596 0.91113 0.08596 0.91113 0.060172
0 0.65137 0.063037 0.65137 0.088825 0.67871 0.088825 0.67871 0.063037
