0 0.27358 0.76506 0.27358 0.87651 0.37358 0.87651 0.37358 0.76506
0 0.13396 0.54217 0.13396 0.66566 0.2 0.66566 0.2 0.54217
0 0.26226 0.53916 0.26226 0.67169 0.32642 0.67169 0.32642 0.53916
0 0.13585 0.76807 0.13585 0.87651 0.20943 0.87651 0.20943 0.76807
0 0.49434 0.76506 0.49434 0.87952 0.53396 0.87952 0.53396 0.76506
0 0.63585 0.54518 0.63585 0.66265 0.68113 0.66265 0.68113 0.54518
0 0.65472 0.096386 0.65472 0.21084 0.70755 0.21084 0.70755 0.096386
0 0.5283 0.096386 0.5283 0.21084 0.58302 0.21084 0.58302 0.096386
0 0.77925 0.099398 0.77925 0.21386 0.83208 0.21386 0.83208 0.099398
0 0.81509 0.3253 0.81509 0.45181 0.85849 0.45181 0.85849 0.3253
0 0.86981 0.53916 0.86981 0.65663 0.89434 0.65663 0.89434 0.53916
0 0.80943 0.52108 0.80943 0.63855 0.83019 0.63855 0.83019 0.52108
0 0.71887 0.5241 0.71887 0.64458 0.73962 0.64458 0.73962 0.5241
0 0.75472 0.51506 0.75472 0.63554 0.79623 0.63554 0.79623 0.51506
0 0.86792 0.3253 0.86792 0.44277 0.89057 0.44277 0.89057 0.3253
0 0.78302 0.32229 0.78302 0.43976 0.80755 0.43976 0.80755 0.32229
0 0.63585 0.32229 0.63585 0.44578 0.67736 0.44578 0.67736 0.32229
0 0.45849 0.54819 0.45849 0.66265 0.48113 0.66265 0.48113 0.54819
0 0.53962 0.54518 0.53962 0.65361 0.55283 0.65361 0.55283 0.54518
0 0.54151 0.76506 0.54151 0.87349 0.5566 0.87349 0.5566 0.76506
0 0.46226 0.76506 0.46226 0.88253 0.48302 0.88253 0.48302 0.76506
0 0.24717 0.3012 0.24717 0.39759 0.33019 0.39759 0.33019 0.3012
0 0.12642 0.31928 0.12642 0.43675 0.19623 0.43675 0.19623 0.31928
0 0.48868 0.31325 0.48868 0.46988 0.53208 0.46988 0.53208 0.31325
0 0.63208 0.76205 0.63208 0.88554 0.68113 0.88554 0.68113 0.76205
0 0.86981 0.76506 0.86981 0.88554 0.88868 0.88554 0.88868 0.76506
0 0.54717 0.3253 0.54717 0.43072 0.56038 0.43072 0.56038 0.3253
0 0.46415 0.31928 0.46415 0.39458 0.47547 0.39458 0.47547 0.31928
0 0.5 0.55723 0.5 0.71386 0.53208 0.71386 0.53208 0.55723
0 0.33019 0.14157 0.33019 0.1988 0.39057 0.1988 0.39057 0.14157
