0 0.11111 0.10449 0.11111 0.19336 0.16883 0.19336 0.16883 0.10449
0 0.36075 0.10352 0.36075 0.19238 0.41703 0.19238 0.41703 0.10352
0 0.6075 0.10352 0.6075 0.19238 0.66522 0.19238 0.66522 0.10352
0 0.86147 0.10449 0.86147 0.19336 0.91775 0.19336 0.91775 0.10449
0 0.099567 0.23535 0.099567 0.32617 0.17605 0.32617 0.17605 0.23535
0 0.34776 0.23438 0.34776 0.32715 0.42713 0.32715 0.42713 0.23438
0 0.5974 0.23535 0.5974 0.32715 0.67821 0.32715 0.67821 0.23535
0 0.85137 0.2334 0.85137 0.32715 0.92785 0.32715 0.92785 0.2334
0 0.090909 0.37012 0.090909 0.47363 0.17893 0.47363 0.17893 0.37012
0 0.34632 0.37012 0.34632 0.47363 0.43001 0.47363 0.43001 0.37012
0 0.5974 0.37012 0.5974 0.47363 0.67965 0.47363 0.67965 0.37012
0 0.84848 0.37012 0.84848 0.47266 0.93074 0.47266 0.93074 0.37012
0 0.093795 0.51855 0.093795 0.62988 0.17893 0.62988 0.17893 0.51855
0 0.34776 0.51758 0.34776 0.62891 0.42713 0.62891 0.42713 0.51758
0 0.59596 0.51855 0.59596 0.62988 0.67677 0.62988 0.67677 0.51855
0 0.8456 0.5166 0.8456 0.62793 0.92785 0.62793 0.92785 0.5166
0 0.35065 0.6748 0.35065 0.79297 0.42857 0.79297 0.42857 0.6748
0 0.096681 0.67383 0.096681 0.79395 0.17749 0.79395 0.17749 0.67383
0 0.59885 0.67285 0.59885 0.79199 0.67532 0.79199 0.67532 0.67285
0 0.84993 0.67285 0.84993 0.79102 0.92641 0.79102 0.92641 0.67285
1 0.44012 0.83789 0.44012 0.98438 0.58586 0.98438 0.58586 0.83789
