0 0.2116 0.019737 0.2116 0.13596 0.26959 0.13596 0.26959 0.019737
0 0.279 0.017544 0.279 0.13158 0.33699 0.13158 0.33699 0.017544
0 0.50313 0.026316 0.50313 0.12939 0.56113 0.12939 0.56113 0.026316
0 0.5721 0.028509 0.5721 0.12939 0.62853 0.12939 0.62853 0.028509
0 0.18182 0.27412 0.18182 0.39693 0.21787 0.39693 0.21787 0.27412
0 0.22884 0.27193 0.22884 0.39474 0.26489 0.39474 0.26489 0.27193
0 0.27586 0.27193 0.27586 0.39474 0.31191 0.39474 0.31191 0.27193
0 0.32288 0.27193 0.32288 0.39474 0.35893 0.39474 0.35893 0.27193
0 0.19279 0.51316 0.19279 0.67763 0.26489 0.67763 0.26489 0.51316
0 0.27743 0.51535 0.27743 0.68202 0.34953 0.68202 0.34953 0.51535
0 0.19279 0.80263 0.19279 0.95614 0.26489 0.95614 0.26489 0.80263
0 0.27743 0.80263 0.27743 0.95833 0.35266 0.95833 0.35266 0.80263
0 0.81348 0.51096 0.81348 0.67105 0.89498 0.67105 0.89498 0.51096
0 0.81034 0.79825 0.81034 0.96053 0.89185 0.96053 0.89185 0.79825
0 0.8558 0.24781 0.8558 0.39474 0.91536 0.39474 0.91536 0.24781
0 0.78683 0.24561 0.78683 0.39254 0.84639 0.39254 0.84639 0.24561
0 0.46395 0.29605 0.46395 0.38596 0.52351 0.38596 0.52351 0.29605
0 0.59875 0.29386 0.59875 0.38377 0.65831 0.38377 0.65831 0.29386
0 0.53605 0.29605 0.53605 0.38816 0.58464 0.38816 0.58464 0.29605
0 0.53605 0.54605 0.53605 0.67105 0.58777 0.67105 0.58777 0.54605
0 0.46395 0.54386 0.46395 0.67325 0.52821 0.67325 0.52821 0.54386
0 0.59718 0.54386 0.59718 0.67105 0.66144 0.67105 0.66144 0.54386
0 0.53918 0.81579 0.53918 0.96711 0.58934 0.96711 0.58934 0.81579
0 0.46238 0.8136 0.46238 0.95833 0.52821 0.95833 0.52821 0.8136
0 0.59718 0.8114 0.59718 0.95614 0.66144 0.95614 0.66144 0.8114
0 0.010972 0.32237 0.010972 0.39254 0.084639 0.39254 0.084639 0.32237
