0 0.095703 0.12488 0.095703 0.21179 0.14062 0.21179 0.14062 0.12488
0 0.20605 0.12388 0.20605 0.20979 0.25293 0.20979 0.25293 0.12388
0 0.20605 0.3027 0.20605 0.38561 0.25391 0.38561 0.25391 0.3027
0 0.094727 0.3017 0.094727 0.38661 0.14453 0.38661 0.14453 0.3017
0 0.31934 0.12388 0.31934 0.20979 0.36426 0.20979 0.36426 0.12388
0 0.42676 0.12687 0.42676 0.20679 0.47363 0.20679 0.47363 0.12687
0 0.53516 0.12887 0.53516 0.20879 0.58203 0.20879 0.58203 0.12887
0 0.31738 0.2997 0.31738 0.38561 0.36523 0.38561 0.36523 0.2997
0 0.42578 0.3017 0.42578 0.38561 0.47559 0.38561 0.47559 0.3017
0 0.53516 0.3027 0.53516 0.38861 0.58398 0.38861 0.58398 0.3027
0 0.31738 0.47652 0.31738 0.56344 0.36621 0.56344 0.36621 0.47652
0 0.42578 0.47552 0.42578 0.56344 0.47559 0.56344 0.47559 0.47552
0 0.53418 0.47752 0.53418 0.56344 0.58203 0.56344 0.58203 0.47752
0 0.31641 0.65335 0.31641 0.74625 0.36328 0.74625 0.36328 0.65335
0 0.42578 0.65335 0.42578 0.74625 0.47266 0.74625 0.47266 0.65335
0 0.5332 0.65335 0.5332 0.74625 0.58008 0.74625 0.58008 0.65335
0 0.095703 0.47752 0.095703 0.56344 0.14551 0.56344 0.14551 0.47752
0 0.20605 0.47652 0.20605 0.56244 0.25684 0.56244 0.25684 0.47652
0 0.095703 0.65435 0.095703 0.74625 0.14355 0.74625 0.14355 0.65435
0 0.20605 0.65335 0.20605 0.74426 0.25586 0.74426 0.25586 0.65335
0 0.20605 0.83417 0.20605 0.92108 0.25293 0.92108 0.25293 0.83417
0 0.31543 0.83516 0.31543 0.92108 0.36133 0.92108 0.36133 0.83516
1 0.086914 0.84116 0.086914 0.99001 0.15234 0.99001 0.15234 0.84116
0 0.4248 0.83317 0.4248 0.92108 0.47852 0.92108 0.47852 0.83317
0 0.53418 0.83417 0.53418 0.92108 0.58008 0.92108 0.58008 0.83417
0 0.69434 0.18581 0.69434 0.26474 0.74023 0.26474 0.74023 0.18581
0 0.80469 0.18282 0.80469 0.26274 0.85059 0.26274 0.85059 0.18282
0 0.91406 0.18681 0.91406 0.26673 0.95996 0.26673 0.95996 0.18681
0 0.69531 0.35065 0.69531 0.44256 0.74316 0.44256 0.74316 0.35065
0 0.80566 0.35065 0.80566 0.44256 0.85352 0.44256 0.85352 0.35065
0 0.91406 0.34965 0.91406 0.44156 0.96191 0.44156 0.96191 0.34965
0 0.69727 0.52547 0.69727 0.61638 0.74707 0.61638 0.74707 0.52547
0 0.80762 0.52348 0.80762 0.61439 0.85742 0.61439 0.85742 0.52348
0 0.69336 0.7033 0.69336 0.7972 0.74316 0.7972 0.74316 0.7033
0 0.80469 0.7033 0.80469 0.7962 0.85352 0.7962 0.85352 0.7033
1 0.68262 0.93307 0.68262 0.999 0.74902 0.999 0.74902 0.93307
0 0.68164 0.88811 0.68164 0.92507 0.75195 0.92507 0.75195 0.88811
