0 0.84054 0.63672 0.84054 0.73535 0.91058 0.73535 0.91058 0.63672
0 0.66915 0.63867 0.66915 0.73633 0.7377 0.73633 0.7377 0.63867
0 0.47094 0.6377 0.47094 0.73535 0.53949 0.73535 0.53949 0.6377
0 0.27422 0.63867 0.27422 0.7334 0.34426 0.7334 0.34426 0.63867
0 0.10283 0.63867 0.10283 0.73535 0.17288 0.73535 0.17288 0.63867
0 0.099851 0.11523 0.099851 0.18359 0.16692 0.18359 0.16692 0.11523
0 0.27273 0.11621 0.27273 0.18457 0.34277 0.18457 0.34277 0.11621
0 0.84352 0.11621 0.84352 0.18555 0.91207 0.18555 0.91207 0.11621
0 0.10134 0.2832 0.10134 0.37207 0.17288 0.37207 0.17288 0.2832
0 0.27273 0.2832 0.27273 0.37207 0.34575 0.37207 0.34575 0.2832
0 0.47094 0.2832 0.47094 0.37207 0.54396 0.37207 0.54396 0.2832
0 0.66915 0.28516 0.66915 0.37402 0.74218 0.37402 0.74218 0.28516
0 0.84352 0.2832 0.84352 0.37402 0.91207 0.37402 0.91207 0.2832
0 0.10283 0.45605 0.10283 0.55273 0.17288 0.55273 0.17288 0.45605
0 0.27422 0.45605 0.27422 0.55273 0.34277 0.55273 0.34277 0.45605
0 0.47094 0.45605 0.47094 0.55469 0.53949 0.55469 0.53949 0.45605
0 0.67064 0.45605 0.67064 0.55469 0.7392 0.55469 0.7392 0.45605
0 0.83905 0.45605 0.83905 0.55469 0.90909 0.55469 0.90909 0.45605
0 0.46945 0.11719 0.46945 0.18359 0.54098 0.18359 0.54098 0.11719
0 0.66766 0.11719 0.66766 0.18555 0.74069 0.18555 0.74069 0.11719
1 0.20268 0.8584 0.20268 0.99316 0.30849 0.99316 0.30849 0.8584
1 0.51863 0.89062 0.51863 0.98926 0.57377 0.98926 0.57377 0.89062
