0 0.17188 0.48145 0.17188 0.53027 0.20443 0.53027 0.20443 0.48145
0 0.25651 0.48242 0.25651 0.53027 0.29036 0.53027 0.29036 0.48242
0 0.34115 0.4834 0.34115 0.5332 0.375 0.5332 0.375 0.4834
0 0.42578 0.4834 0.42578 0.53223 0.46094 0.53223 0.46094 0.4834
0 0.55729 0.48438 0.55729 0.53125 0.63411 0.53125 0.63411 0.48438
0 0.58464 0.57812 0.58464 0.63379 0.61719 0.63379 0.61719 0.57812
0 0.55078 0.57715 0.55078 0.63379 0.57292 0.63379 0.57292 0.57715
0 0.62891 0.57812 0.62891 0.63477 0.65104 0.63477 0.65104 0.57812
0 0.54948 0.67773 0.54948 0.7334 0.57292 0.7334 0.57292 0.67773
0 0.62891 0.67773 0.62891 0.7334 0.65104 0.7334 0.65104 0.67773
0 0.58464 0.67773 0.58464 0.7334 0.61719 0.7334 0.61719 0.67773
0 0.54688 0.7793 0.54688 0.83887 0.58333 0.83887 0.58333 0.7793
0 0.61068 0.78027 0.61068 0.83887 0.64844 0.83887 0.64844 0.78027
0 0.61458 0.8877 0.61458 0.94824 0.65365 0.94824 0.65365 0.8877
0 0.54948 0.88672 0.54948 0.94824 0.58594 0.94824 0.58594 0.88672
0 0.34115 0.88867 0.34115 0.94727 0.3737 0.94727 0.3737 0.88867
0 0.42318 0.8877 0.42318 0.94629 0.45833 0.94629 0.45833 0.8877
0 0.34115 0.78027 0.34115 0.83887 0.3737 0.83887 0.3737 0.78027
0 0.42448 0.78027 0.42448 0.83887 0.45833 0.83887 0.45833 0.78027
0 0.25521 0.78027 0.25521 0.83984 0.29036 0.83984 0.29036 0.78027
0 0.17188 0.78027 0.17188 0.83984 0.20573 0.83984 0.20573 0.78027
0 0.25521 0.88965 0.25521 0.94824 0.28906 0.94824 0.28906 0.88965
0 0.17188 0.67871 0.17188 0.73438 0.20573 0.73438 0.20573 0.67871
0 0.25651 0.67871 0.25651 0.73438 0.29036 0.73438 0.29036 0.67871
0 0.34115 0.67871 0.34115 0.73438 0.375 0.73438 0.375 0.67871
0 0.17188 0.57715 0.17188 0.63379 0.20443 0.63379 0.20443 0.57715
0 0.25651 0.57715 0.25651 0.63379 0.29036 0.63379 0.29036 0.57715
0 0.34115 0.57715 0.34115 0.63379 0.375 0.63379 0.375 0.57715
0 0.42578 0.57812 0.42578 0.63379 0.45833 0.63379 0.45833 0.57812
0 0.42448 0.67871 0.42448 0.73438 0.45833 0.73438 0.45833 0.67871
0 0.06901 0.41504 0.06901 0.43945 0.14583 0.43945 0.14583 0.41504
0 0.22266 0.41895 0.22266 0.44238 0.29948 0.44238 0.29948 0.41895
0 0.3763 0.41895 0.3763 0.44238 0.45312 0.44238 0.45312 0.41895
0 0.085938 0.48145 0.085938 0.53027 0.11979 0.53027 0.11979 0.48145
0 0.084635 0.57715 0.084635 0.63477 0.11849 0.63477 0.11849 0.57715
0 0.0026042 0.48047 0.0026042 0.53223 0.033854 0.53223 0.033854 0.48047
0 0.085938 0.67871 0.085938 0.73438 0.12109 0.73438 0.12109 0.67871
0 0.08724 0.78027 0.08724 0.83887 0.11979 0.83887 0.11979 0.78027
0 0.16146 0.88867 0.16146 0.90234 0.21745 0.90234 0.21745 0.88867
1 0.15885 0.91309 0.15885 0.98145 0.21745 0.98145 0.21745 0.91309
