0 0.23893 0.13643 0.23893 0.2069 0.28788 0.2069 0.28788 0.13643
0 0.30186 0.13493 0.30186 0.2039 0.35198 0.2039 0.35198 0.13493
0 0.57809 0.12894 0.57809 0.1979 0.62821 0.1979 0.62821 0.12894
0 0.64219 0.12594 0.64219 0.1964 0.69231 0.1964 0.69231 0.12594
0 0.81352 0.27736 0.81352 0.34033 0.8648 0.34033 0.8648 0.27736
0 0.73893 0.27736 0.73893 0.34033 0.79021 0.34033 0.79021 0.27736
0 0.669 0.27586 0.669 0.33883 0.72028 0.33883 0.72028 0.27586
0 0.5979 0.27586 0.5979 0.33883 0.64918 0.33883 0.64918 0.27586
0 0.52448 0.27586 0.52448 0.33883 0.57576 0.33883 0.57576 0.27586
0 0.45688 0.27736 0.45688 0.34033 0.50816 0.34033 0.50816 0.27736
0 0.38928 0.27586 0.38928 0.33883 0.43939 0.33883 0.43939 0.27586
0 0.31935 0.27436 0.31935 0.33733 0.36946 0.33733 0.36946 0.27436
0 0.25058 0.27436 0.25058 0.33733 0.3007 0.33733 0.3007 0.27436
0 0.18648 0.27736 0.18648 0.34033 0.2331 0.34033 0.2331 0.27736
0 0.11888 0.27586 0.11888 0.33883 0.1655 0.33883 0.1655 0.27586
0 0.12005 0.45277 0.12005 0.54423 0.1655 0.54423 0.1655 0.45277
0 0.18765 0.45427 0.18765 0.54573 0.2331 0.54573 0.2331 0.45427
0 0.25408 0.45427 0.25408 0.54573 0.3007 0.54573 0.3007 0.45427
0 0.32284 0.45577 0.32284 0.54573 0.3683 0.54573 0.3683 0.45577
0 0.39161 0.45577 0.39161 0.54573 0.44056 0.54573 0.44056 0.45577
0 0.46037 0.45277 0.46037 0.55172 0.51166 0.55172 0.51166 0.45277
0 0.52797 0.45427 0.52797 0.55322 0.57925 0.55322 0.57925 0.45427
0 0.59907 0.45277 0.59907 0.55172 0.65035 0.55172 0.65035 0.45277
0 0.669 0.45577 0.669 0.55472 0.72028 0.55472 0.72028 0.45577
0 0.74009 0.45427 0.74009 0.55322 0.79138 0.55322 0.79138 0.45427
0 0.80886 0.45577 0.80886 0.55622 0.86014 0.55622 0.86014 0.45577
0 0.81002 0.61619 0.81002 0.75112 0.85897 0.75112 0.85897 0.61619
0 0.74009 0.61169 0.74009 0.74663 0.78904 0.74663 0.78904 0.61169
0 0.66667 0.6087 0.66667 0.74363 0.71562 0.74363 0.71562 0.6087
0 0.59907 0.6087 0.59907 0.74363 0.64802 0.74363 0.64802 0.6087
0 0.52914 0.6087 0.52914 0.74363 0.57809 0.74363 0.57809 0.6087
0 0.45804 0.6087 0.45804 0.74363 0.50699 0.74363 0.50699 0.6087
0 0.39044 0.6027 0.39044 0.73763 0.43823 0.73763 0.43823 0.6027
0 0.32284 0.6027 0.32284 0.73763 0.37179 0.73763 0.37179 0.6027
0 0.25524 0.6027 0.25524 0.73763 0.3042 0.73763 0.3042 0.6027
0 0.18765 0.5982 0.18765 0.73313 0.23543 0.73313 0.23543 0.5982
0 0.12238 0.5982 0.12238 0.73313 0.17133 0.73313 0.17133 0.5982
0 0.25291 0.78561 0.25291 0.88606 0.3007 0.88606 0.3007 0.78561
0 0.18298 0.78411 0.18298 0.88456 0.23193 0.88456 0.23193 0.78411
0 0.38462 0.78861 0.38462 0.88906 0.4324 0.88906 0.4324 0.78861
0 0.45221 0.7901 0.45221 0.89055 0.50117 0.89055 0.50117 0.7901
0 0.55128 0.7931 0.55128 0.89355 0.59907 0.89355 0.59907 0.7931
1 0.002331 0.8036 0.002331 0.94303 0.054779 0.94303 0.054779 0.8036
