0 0.052734 0.12923 0.052734 0.29469 0.12598 0.29469 0.12598 0.12923
0 0.21191 0.12319 0.21191 0.29469 0.28516 0.29469 0.28516 0.12319
0 0.37793 0.1099 0.37793 0.28502 0.45117 0.28502 0.45117 0.1099
0 0.54785 0.10266 0.54785 0.28382 0.62402 0.28382 0.62402 0.10266
0 0.71875 0.10266 0.71875 0.28019 0.79492 0.28019 0.79492 0.10266
0 0.88184 0.11353 0.88184 0.27174 0.95703 0.27174 0.95703 0.11353
0 0.053711 0.41546 0.053711 0.5942 0.12207 0.5942 0.12207 0.41546
0 0.20898 0.41063 0.20898 0.59179 0.28223 0.59179 0.28223 0.41063
0 0.37012 0.40459 0.37012 0.59179 0.4502 0.59179 0.4502 0.40459
0 0.54395 0.40217 0.54395 0.58816 0.62305 0.58816 0.62305 0.40217
0 0.71484 0.39614 0.71484 0.58213 0.79492 0.58213 0.79492 0.39614
0 0.88477 0.39251 0.88477 0.57609 0.95703 0.57609 0.95703 0.39251
1 0.02832 0.74638 0.02832 0.97464 0.10156 0.97464 0.10156 0.74638
