0 0.44664 0.24161 0.44664 0.31767 0.4809 0.31767 0.4809 0.24161
0 0.49144 0.24161 0.49144 0.31544 0.52569 0.31544 0.52569 0.24161
0 0.53623 0.24161 0.53623 0.31767 0.57049 0.31767 0.57049 0.24161
0 0.58103 0.24609 0.58103 0.32215 0.6166 0.32215 0.6166 0.24609
0 0.62846 0.24161 0.62846 0.31767 0.66271 0.31767 0.66271 0.24161
0 0.67194 0.24609 0.67194 0.31991 0.70751 0.31991 0.70751 0.24609
0 0.71542 0.24609 0.71542 0.31991 0.74967 0.31991 0.74967 0.24609
0 0.76153 0.24609 0.76153 0.32215 0.79578 0.32215 0.79578 0.24609
0 0.80632 0.24609 0.80632 0.32215 0.8419 0.32215 0.8419 0.24609
0 0.8498 0.24609 0.8498 0.32215 0.88406 0.32215 0.88406 0.24609
0 0.8946 0.24609 0.8946 0.32215 0.92885 0.32215 0.92885 0.24609
0 0.94071 0.24609 0.94071 0.32215 0.97628 0.32215 0.97628 0.24609
0 0.44401 0.39597 0.44401 0.47204 0.47958 0.47204 0.47958 0.39597
0 0.49144 0.39374 0.49144 0.4698 0.52701 0.4698 0.52701 0.39374
0 0.53755 0.39374 0.53755 0.4698 0.57181 0.4698 0.57181 0.39374
0 0.58235 0.39597 0.58235 0.47204 0.6166 0.47204 0.6166 0.39597
0 0.62846 0.39821 0.62846 0.47427 0.66271 0.47427 0.66271 0.39821
0 0.67325 0.39374 0.67325 0.4698 0.70751 0.4698 0.70751 0.39374
0 0.71542 0.39374 0.71542 0.4698 0.75099 0.4698 0.75099 0.39374
0 0.76285 0.39597 0.76285 0.47204 0.7971 0.47204 0.7971 0.39597
0 0.80501 0.39821 0.80501 0.47427 0.83926 0.47427 0.83926 0.39821
0 0.85375 0.39374 0.85375 0.4698 0.88801 0.4698 0.88801 0.39374
0 0.89723 0.39597 0.89723 0.47204 0.93149 0.47204 0.93149 0.39597
0 0.94203 0.39821 0.94203 0.47427 0.97628 0.47427 0.97628 0.39821
0 0.44532 0.54362 0.44532 0.62416 0.4809 0.62416 0.4809 0.54362
0 0.49275 0.5481 0.49275 0.62416 0.52701 0.62416 0.52701 0.5481
0 0.53755 0.54362 0.53755 0.62192 0.57049 0.62192 0.57049 0.54362
0 0.58103 0.54362 0.58103 0.62192 0.61528 0.62192 0.61528 0.54362
0 0.62846 0.54362 0.62846 0.62192 0.6614 0.62192 0.6614 0.54362
0 0.67194 0.54362 0.67194 0.61969 0.70619 0.61969 0.70619 0.54362
0 0.71805 0.54362 0.71805 0.61969 0.75099 0.61969 0.75099 0.54362
0 0.76285 0.54362 0.76285 0.61969 0.7971 0.61969 0.7971 0.54362
0 0.81159 0.54362 0.81159 0.62192 0.84453 0.62192 0.84453 0.54362
0 0.85507 0.5481 0.85507 0.62416 0.88933 0.62416 0.88933 0.5481
0 0.89987 0.54362 0.89987 0.62192 0.93281 0.62192 0.93281 0.54362
0 0.94598 0.54586 0.94598 0.62192 0.98024 0.62192 0.98024 0.54586
0 0.51252 0.72931 0.51252 0.81208 0.57181 0.81208 0.57181 0.72931
0 0.44401 0.72931 0.44401 0.81208 0.50329 0.81208 0.50329 0.72931
0 0.58366 0.72931 0.58366 0.80761 0.639 0.80761 0.639 0.72931
0 0.64954 0.72931 0.64954 0.80761 0.70487 0.80761 0.70487 0.72931
0 0.71542 0.73154 0.71542 0.80984 0.77075 0.80984 0.77075 0.73154
0 0.78656 0.73378 0.78656 0.81208 0.8419 0.81208 0.8419 0.73378
0 0.85639 0.73378 0.85639 0.81208 0.91173 0.81208 0.91173 0.73378
0 0.92358 0.73378 0.92358 0.81208 0.97892 0.81208 0.97892 0.73378
0 0.44269 0.69351 0.44269 0.71588 0.47958 0.71588 0.47958 0.69351
0 0.49012 0.69799 0.49012 0.72036 0.52701 0.72036 0.52701 0.69799
0 0.5336 0.69575 0.5336 0.71812 0.57049 0.71812 0.57049 0.69575
0 0.58103 0.69575 0.58103 0.72036 0.61792 0.72036 0.61792 0.69575
0 0.62451 0.69575 0.62451 0.71812 0.6614 0.71812 0.6614 0.69575
0 0.6693 0.69799 0.6693 0.72036 0.70619 0.72036 0.70619 0.69799
0 0.71805 0.69799 0.71805 0.72036 0.75494 0.72036 0.75494 0.69799
0 0.76548 0.70022 0.76548 0.7226 0.80105 0.7226 0.80105 0.70022
0 0.80896 0.69575 0.80896 0.72036 0.84585 0.72036 0.84585 0.69575
0 0.8498 0.70022 0.8498 0.7226 0.88669 0.7226 0.88669 0.70022
0 0.89987 0.69575 0.89987 0.72036 0.93544 0.72036 0.93544 0.69575
0 0.94598 0.70022 0.94598 0.72483 0.98155 0.72483 0.98155 0.70022
0 0.26482 0.18568 0.26482 0.21924 0.32806 0.21924 0.32806 0.18568
0 0.097497 0.17002 0.097497 0.21253 0.15152 0.21253 0.15152 0.17002
0 0.035573 0.28188 0.035573 0.3557 0.072464 0.3557 0.072464 0.28188
0 0.075099 0.28412 0.075099 0.35794 0.11199 0.35794 0.11199 0.28412
0 0.12385 0.28188 0.12385 0.35794 0.15547 0.35794 0.15547 0.28188
0 0.16996 0.28188 0.16996 0.35794 0.20158 0.35794 0.20158 0.28188
0 0.21212 0.28412 0.21212 0.35794 0.24374 0.35794 0.24374 0.28412
0 0.25165 0.28412 0.25165 0.36018 0.28854 0.36018 0.28854 0.28412
0 0.30171 0.27964 0.30171 0.3557 0.33729 0.3557 0.33729 0.27964
0 0.34651 0.28188 0.34651 0.35794 0.3834 0.35794 0.3834 0.28188
0 0.39262 0.28635 0.39262 0.35794 0.42292 0.35794 0.42292 0.28635
0 0.38472 0.41387 0.38472 0.48993 0.42029 0.48993 0.42029 0.41387
0 0.30303 0.41611 0.30303 0.49217 0.33729 0.49217 0.33729 0.41611
0 0.25428 0.4094 0.25428 0.48546 0.28854 0.48546 0.28854 0.4094
0 0.2108 0.41834 0.2108 0.49441 0.24506 0.49441 0.24506 0.41834
0 0.16733 0.41163 0.16733 0.4877 0.2029 0.4877 0.2029 0.41163
0 0.11989 0.41611 0.11989 0.49217 0.15415 0.49217 0.15415 0.41611
0 0.077734 0.41163 0.077734 0.4877 0.11331 0.4877 0.11331 0.41163
0 0.035573 0.41834 0.035573 0.49217 0.069829 0.49217 0.069829 0.41834
0 0.38603 0.55257 0.38603 0.62864 0.42029 0.62864 0.42029 0.55257
0 0.34256 0.41163 0.34256 0.4877 0.37813 0.4877 0.37813 0.41163
0 0.34651 0.54586 0.34651 0.62192 0.38208 0.62192 0.38208 0.54586
0 0.30171 0.5481 0.30171 0.62192 0.33729 0.62192 0.33729 0.5481
0 0.25165 0.54362 0.25165 0.61969 0.2859 0.61969 0.2859 0.54362
0 0.20817 0.5481 0.20817 0.62192 0.24242 0.62192 0.24242 0.5481
0 0.16601 0.5481 0.16601 0.62192 0.20026 0.62192 0.20026 0.5481
0 0.11989 0.5481 0.11989 0.62416 0.15415 0.62416 0.15415 0.5481
0 0.076416 0.5481 0.076416 0.62192 0.11067 0.62192 0.11067 0.5481
0 0.035573 0.54362 0.035573 0.61969 0.069829 0.61969 0.069829 0.54362
0 0.20949 0.67785 0.20949 0.79195 0.24638 0.79195 0.24638 0.67785
0 0.25296 0.67785 0.25296 0.79195 0.28854 0.79195 0.28854 0.67785
0 0.3004 0.68009 0.3004 0.79418 0.33729 0.79418 0.33729 0.68009
0 0.34387 0.67785 0.34387 0.78971 0.38076 0.78971 0.38076 0.67785
0 0.38867 0.67785 0.38867 0.79195 0.42556 0.79195 0.42556 0.67785
0 0.16601 0.67785 0.16601 0.78971 0.2029 0.78971 0.2029 0.67785
0 0.11462 0.67785 0.11462 0.78971 0.15152 0.78971 0.15152 0.67785
0 0.076416 0.67785 0.076416 0.78971 0.11331 0.78971 0.11331 0.67785
0 0.034256 0.67785 0.034256 0.79195 0.067194 0.79195 0.067194 0.67785
1 0.38076 0.85459 0.38076 0.97763 0.42424 0.97763 0.42424 0.85459
