0 0.07571 0.14168 0.07571 0.23409 0.14984 0.23409 0.14984 0.14168
0 0.23502 0.13758 0.23502 0.23203 0.30915 0.23203 0.30915 0.13758
0 0.074132 0.34086 0.074132 0.43532 0.14826 0.43532 0.14826 0.34086
0 0.23186 0.34086 0.23186 0.43532 0.30599 0.43532 0.30599 0.34086
0 0.074132 0.5462 0.074132 0.64682 0.14669 0.64682 0.14669 0.5462
0 0.23186 0.54825 0.23186 0.64682 0.30442 0.64682 0.30442 0.54825
0 0.070978 0.75565 0.070978 0.85626 0.14353 0.85626 0.14353 0.75565
0 0.23186 0.75359 0.23186 0.85421 0.30442 0.85421 0.30442 0.75359
0 0.4653 0.13963 0.4653 0.22998 0.53312 0.22998 0.53312 0.13963
0 0.67981 0.14168 0.67981 0.23203 0.74763 0.23203 0.74763 0.14168
0 0.46372 0.34086 0.46372 0.43737 0.53785 0.43737 0.53785 0.34086
0 0.35647 0.34086 0.35647 0.43943 0.41325 0.43943 0.41325 0.34086
0 0.68927 0.34086 0.68927 0.43737 0.76341 0.43737 0.76341 0.34086
0 0.83754 0.34292 0.83754 0.43943 0.91167 0.43943 0.91167 0.34292
0 0.84227 0.54209 0.84227 0.6386 0.9164 0.6386 0.9164 0.54209
0 0.69085 0.54415 0.69085 0.64066 0.76656 0.64066 0.76656 0.54415
0 0.46688 0.5462 0.46688 0.64271 0.54101 0.64271 0.54101 0.5462
0 0.59148 0.54825 0.59148 0.64271 0.64353 0.64271 0.64353 0.54825
0 0.35962 0.54825 0.35962 0.64066 0.41483 0.64066 0.41483 0.54825
0 0.58675 0.34292 0.58675 0.43121 0.64196 0.43121 0.64196 0.34292
0 0.69558 0.74949 0.69558 0.84394 0.76341 0.84394 0.76341 0.74949
0 0.84385 0.74743 0.84385 0.84189 0.91167 0.84189 0.91167 0.74743
0 0.58833 0.16632 0.58833 0.21561 0.61356 0.21561 0.61356 0.16632
0 0.38013 0.16222 0.38013 0.2115 0.40536 0.2115 0.40536 0.16222
0 0.46372 0.069815 0.46372 0.088296 0.49369 0.088296 0.49369 0.069815
0 0.61672 0.075975 0.61672 0.096509 0.64984 0.096509 0.64984 0.075975
0 0.35962 0.75975 0.35962 0.85421 0.4164 0.85421 0.4164 0.75975
0 0.58833 0.75359 0.58833 0.84805 0.64353 0.84805 0.64353 0.75359
0 0.45899 0.70431 0.45899 0.74333 0.54574 0.74333 0.54574 0.70431
1 0.46845 0.80493 0.46845 0.95072 0.53312 0.95072 0.53312 0.80493
