0 0.81738 0.59615 0.81738 0.74573 0.85059 0.74573 0.85059 0.59615
0 0.72852 0.59615 0.72852 0.74573 0.7627 0.74573 0.7627 0.59615
0 0.6416 0.59829 0.6416 0.74573 0.67285 0.74573 0.67285 0.59829
0 0.5752 0.60043 0.5752 0.74573 0.60742 0.74573 0.60742 0.60043
0 0.50586 0.60256 0.50586 0.74359 0.53711 0.74359 0.53711 0.60256
0 0.4375 0.60256 0.4375 0.74573 0.46875 0.74573 0.46875 0.60256
0 0.81836 0.36752 0.81836 0.51282 0.84961 0.51282 0.84961 0.36752
0 0.72852 0.36752 0.72852 0.51282 0.76074 0.51282 0.76074 0.36752
0 0.64062 0.36538 0.64062 0.51282 0.67188 0.51282 0.67188 0.36538
0 0.57422 0.36752 0.57422 0.51282 0.60547 0.51282 0.60547 0.36752
0 0.50488 0.36538 0.50488 0.51496 0.53711 0.51496 0.53711 0.36538
0 0.43652 0.36325 0.43652 0.51282 0.46875 0.51282 0.46875 0.36325
0 0.36914 0.59829 0.36914 0.74573 0.40137 0.74573 0.40137 0.59829
0 0.30078 0.59829 0.30078 0.74573 0.33301 0.74573 0.33301 0.59829
0 0.14648 0.59615 0.14648 0.74573 0.17773 0.74573 0.17773 0.59615
0 0.082031 0.59615 0.082031 0.74573 0.11523 0.74573 0.11523 0.59615
0 0.016602 0.59615 0.016602 0.74786 0.050781 0.74786 0.050781 0.59615
0 0.36914 0.36538 0.36914 0.51282 0.40234 0.51282 0.40234 0.36538
0 0.30078 0.36966 0.30078 0.51496 0.33398 0.51496 0.33398 0.36966
0 0.14551 0.36966 0.14551 0.51709 0.17871 0.51709 0.17871 0.36966
0 0.082031 0.36538 0.082031 0.51709 0.11523 0.51709 0.11523 0.36538
0 0.016602 0.36752 0.016602 0.51709 0.049805 0.51709 0.049805 0.36752
0 0.88867 0.36966 0.88867 0.51496 0.92188 0.51496 0.92188 0.36966
0 0.88965 0.59615 0.88965 0.74359 0.92188 0.74359 0.92188 0.59615
0 0.30566 0.12179 0.30566 0.19658 0.33496 0.19658 0.33496 0.12179
0 0.42969 0.12393 0.42969 0.19872 0.45996 0.19872 0.45996 0.12393
0 0.56543 0.12607 0.56543 0.19872 0.59473 0.19872 0.59473 0.12607
0 0.013672 0.11325 0.013672 0.18803 0.043945 0.18803 0.043945 0.11325
0 0.14453 0.11538 0.14453 0.19017 0.17188 0.19017 0.17188 0.11538
0 0.71777 0.12821 0.71777 0.20299 0.74707 0.20299 0.74707 0.12821
0 0.87988 0.12607 0.87988 0.20085 0.90918 0.20085 0.90918 0.12607
0 0.14941 0.85897 0.14941 0.94231 0.18164 0.94231 0.18164 0.85897
0 0.085938 0.86325 0.085938 0.94231 0.11719 0.94231 0.11719 0.86325
0 0.017578 0.86325 0.017578 0.94231 0.047852 0.94231 0.047852 0.86325
0 0.30469 0.86325 0.30469 0.94017 0.33496 0.94017 0.33496 0.86325
0 0.37305 0.86325 0.37305 0.94017 0.40332 0.94017 0.40332 0.86325
0 0.44141 0.86111 0.44141 0.94017 0.47168 0.94017 0.47168 0.86111
0 0.50977 0.86111 0.50977 0.94017 0.54004 0.94017 0.54004 0.86111
0 0.58008 0.86538 0.58008 0.94444 0.61035 0.94444 0.61035 0.86538
0 0.64453 0.86538 0.64453 0.94444 0.6748 0.94444 0.6748 0.86538
1 0.21191 0.72009 0.21191 0.95299 0.2793 0.95299 0.2793 0.72009
1 0.7207 0.82051 0.7207 0.98718 0.7793 0.98718 0.7793 0.82051
