0 0.29883 0.25599 0.29883 0.33517 0.33984 0.33517 0.33984 0.25599
0 0.18945 0.25599 0.18945 0.33702 0.22949 0.33702 0.22949 0.25599
0 0.061523 0.25599 0.061523 0.33702 0.10254 0.33702 0.10254 0.25599
0 0.41504 0.25599 0.41504 0.33702 0.45508 0.33702 0.45508 0.25599
0 0.55566 0.25599 0.55566 0.33702 0.5957 0.33702 0.5957 0.25599
0 0.66992 0.25414 0.66992 0.33333 0.70996 0.33333 0.70996 0.25414
0 0.77832 0.25783 0.77832 0.33702 0.81934 0.33702 0.81934 0.25783
0 0.9043 0.25599 0.9043 0.33333 0.94434 0.33333 0.94434 0.25599
0 0.30371 0.70902 0.30371 0.77901 0.33984 0.77901 0.33984 0.70902
0 0.19141 0.70902 0.19141 0.77901 0.22852 0.77901 0.22852 0.70902
0 0.061523 0.70902 0.061523 0.77901 0.098633 0.77901 0.098633 0.70902
0 0.66895 0.70534 0.66895 0.77532 0.70605 0.77532 0.70605 0.70534
0 0.7793 0.70718 0.7793 0.77716 0.81543 0.77716 0.81543 0.70718
0 0.90332 0.70166 0.90332 0.77164 0.94043 0.77164 0.94043 0.70166
0 0.063477 0.44751 0.063477 0.593 0.10254 0.593 0.10254 0.44751
0 0.19043 0.44567 0.19043 0.59116 0.22949 0.59116 0.22949 0.44567
0 0.30176 0.44567 0.30176 0.59116 0.34082 0.59116 0.34082 0.44567
0 0.90234 0.44567 0.90234 0.59116 0.94141 0.59116 0.94141 0.44567
0 0.78027 0.44567 0.78027 0.58932 0.81836 0.58932 0.81836 0.44567
0 0.66992 0.44567 0.66992 0.58932 0.70801 0.58932 0.70801 0.44567
0 0.41699 0.44567 0.41699 0.60221 0.45312 0.60221 0.45312 0.44567
0 0.55566 0.44383 0.55566 0.60037 0.5918 0.60037 0.5918 0.44383
0 0.055664 0.10497 0.055664 0.13812 0.098633 0.13812 0.098633 0.10497
0 0.18555 0.11234 0.18555 0.14365 0.22852 0.14365 0.22852 0.11234
0 0.29688 0.11234 0.29688 0.14365 0.33984 0.14365 0.33984 0.11234
0 0.41504 0.11418 0.41504 0.14549 0.45801 0.14549 0.45801 0.11418
0 0.55371 0.11418 0.55371 0.14549 0.59668 0.14549 0.59668 0.11418
0 0.66895 0.11418 0.66895 0.14549 0.71191 0.14549 0.71191 0.11418
0 0.7793 0.11418 0.7793 0.14549 0.82129 0.14549 0.82129 0.11418
0 0.90625 0.1105 0.90625 0.1418 0.94824 0.1418 0.94824 0.1105
1 0.46875 0.7256 0.46875 0.99263 0.54004 0.99263 0.54004 0.7256
