0 0.086304 0.051758 0.086304 0.09082 0.14259 0.09082 0.14259 0.051758
0 0.17073 0.051758 0.17073 0.09082 0.22702 0.09082 0.22702 0.051758
0 0.25891 0.050781 0.25891 0.089844 0.31332 0.089844 0.31332 0.050781
0 0.394 0.049805 0.394 0.088867 0.45028 0.088867 0.45028 0.049805
0 0.47842 0.049805 0.47842 0.089844 0.53283 0.089844 0.53283 0.049805
0 0.56285 0.049805 0.56285 0.088867 0.61914 0.088867 0.61914 0.049805
0 0.86867 0.051758 0.86867 0.09082 0.92495 0.09082 0.92495 0.051758
0 0.78424 0.050781 0.78424 0.09082 0.84053 0.09082 0.84053 0.050781
0 0.69794 0.050781 0.69794 0.089844 0.75422 0.089844 0.75422 0.050781
0 0.86304 0.12988 0.86304 0.18359 0.9212 0.18359 0.9212 0.12988
0 0.78236 0.13086 0.78236 0.18359 0.8424 0.18359 0.8424 0.13086
0 0.70169 0.12988 0.70169 0.18359 0.76173 0.18359 0.76173 0.12988
0 0.5591 0.12891 0.5591 0.18262 0.61726 0.18262 0.61726 0.12891
0 0.47467 0.12988 0.47467 0.18359 0.53471 0.18359 0.53471 0.12988
0 0.394 0.12891 0.394 0.18262 0.45403 0.18262 0.45403 0.12891
0 0.24765 0.12988 0.24765 0.18359 0.30769 0.18359 0.30769 0.12988
0 0.17073 0.13086 0.17073 0.18457 0.22889 0.18457 0.22889 0.13086
0 0.08818 0.13184 0.08818 0.18555 0.14634 0.18555 0.14634 0.13184
0 0.086304 0.21289 0.086304 0.2627 0.14447 0.2627 0.14447 0.21289
0 0.16698 0.21094 0.16698 0.26074 0.22514 0.26074 0.22514 0.21094
0 0.24953 0.21094 0.24953 0.26074 0.30769 0.26074 0.30769 0.21094
0 0.39587 0.21289 0.39587 0.2627 0.45403 0.2627 0.45403 0.21289
0 0.47467 0.21191 0.47467 0.26172 0.53283 0.26172 0.53283 0.21191
0 0.5591 0.21094 0.5591 0.26074 0.61726 0.26074 0.61726 0.21094
0 0.70356 0.21094 0.70356 0.26074 0.76173 0.26074 0.76173 0.21094
0 0.78236 0.21094 0.78236 0.26074 0.84053 0.26074 0.84053 0.21094
0 0.86492 0.21191 0.86492 0.26172 0.92308 0.26172 0.92308 0.21191
0 0.86492 0.29004 0.86492 0.34082 0.9212 0.34082 0.9212 0.29004
0 0.78236 0.29004 0.78236 0.34082 0.84053 0.34082 0.84053 0.29004
0 0.70169 0.28906 0.70169 0.33887 0.75985 0.33887 0.75985 0.28906
0 0.55722 0.28906 0.55722 0.33887 0.61538 0.33887 0.61538 0.28906
0 0.4728 0.28906 0.4728 0.33887 0.53096 0.33887 0.53096 0.28906
0 0.39212 0.29004 0.39212 0.33984 0.45028 0.33984 0.45028 0.29004
0 0.24578 0.29004 0.24578 0.34082 0.30394 0.34082 0.30394 0.29004
0 0.15947 0.29199 0.15947 0.3418 0.22139 0.3418 0.22139 0.29199
0 0.078799 0.29102 0.078799 0.34375 0.13884 0.34375 0.13884 0.29102
0 0.076923 0.37109 0.076923 0.4248 0.13884 0.4248 0.13884 0.37109
0 0.1576 0.37109 0.1576 0.4248 0.21764 0.4248 0.21764 0.37109
0 0.24015 0.37012 0.24015 0.42383 0.30019 0.42383 0.30019 0.37012
0 0.38649 0.37012 0.38649 0.42383 0.44653 0.42383 0.44653 0.37012
0 0.46717 0.37012 0.46717 0.42383 0.52908 0.42383 0.52908 0.37012
0 0.55159 0.36914 0.55159 0.42188 0.61351 0.42188 0.61351 0.36914
0 0.69981 0.36816 0.69981 0.4209 0.75985 0.4209 0.75985 0.36816
0 0.78236 0.36914 0.78236 0.42188 0.8424 0.42188 0.8424 0.36914
0 0.86492 0.37012 0.86492 0.42383 0.92495 0.42383 0.92495 0.37012
0 0.86679 0.45312 0.86679 0.50586 0.92871 0.50586 0.92871 0.45312
0 0.78049 0.45312 0.78049 0.50781 0.84428 0.50781 0.84428 0.45312
0 0.69794 0.45215 0.69794 0.50684 0.75985 0.50684 0.75985 0.45215
0 0.54972 0.45215 0.54972 0.50684 0.61351 0.50684 0.61351 0.45215
0 0.46717 0.45312 0.46717 0.50781 0.52908 0.50781 0.52908 0.45312
0 0.55159 0.53906 0.55159 0.59375 0.61351 0.59375 0.61351 0.53906
0 0.69606 0.53809 0.69606 0.59277 0.75797 0.59277 0.75797 0.53809
0 0.78049 0.53711 0.78049 0.5918 0.84428 0.5918 0.84428 0.53711
0 0.86492 0.53711 0.86492 0.5918 0.92683 0.5918 0.92683 0.53711
0 0.38274 0.4541 0.38274 0.50879 0.44465 0.50879 0.44465 0.4541
0 0.24203 0.45605 0.24203 0.51074 0.30394 0.51074 0.30394 0.45605
0 0.15947 0.45605 0.15947 0.51074 0.22139 0.51074 0.22139 0.45605
0 0.075047 0.45605 0.075047 0.51074 0.13696 0.51074 0.13696 0.45605
0 0.076923 0.54199 0.076923 0.59668 0.14071 0.59668 0.14071 0.54199
0 0.1576 0.54102 0.1576 0.5957 0.21951 0.5957 0.21951 0.54102
0 0.24203 0.54199 0.24203 0.59668 0.30394 0.59668 0.30394 0.54199
0 0.38462 0.54004 0.38462 0.59473 0.44653 0.59473 0.44653 0.54004
0 0.46904 0.54004 0.46904 0.59473 0.53096 0.59473 0.53096 0.54004
0 0.076923 0.62402 0.076923 0.67871 0.14071 0.67871 0.14071 0.62402
0 0.16135 0.62402 0.16135 0.67871 0.22326 0.67871 0.22326 0.62402
0 0.24203 0.62598 0.24203 0.68066 0.30394 0.68066 0.30394 0.62598
0 0.38649 0.625 0.38649 0.67969 0.44841 0.67969 0.44841 0.625
0 0.47092 0.625 0.47092 0.67969 0.53283 0.67969 0.53283 0.625
0 0.55347 0.62402 0.55347 0.67871 0.61538 0.67871 0.61538 0.62402
0 0.69794 0.62207 0.69794 0.67676 0.75985 0.67676 0.75985 0.62207
0 0.78049 0.62109 0.78049 0.67578 0.8424 0.67578 0.8424 0.62109
0 0.86304 0.62207 0.86304 0.67676 0.92495 0.67676 0.92495 0.62207
0 0.080675 0.70703 0.080675 0.76074 0.14447 0.76074 0.14447 0.70703
0 0.15947 0.70703 0.15947 0.76074 0.22326 0.76074 0.22326 0.70703
0 0.24203 0.70801 0.24203 0.76172 0.30582 0.76172 0.30582 0.70801
0 0.38274 0.70898 0.38274 0.76172 0.44465 0.76172 0.44465 0.70898
0 0.46904 0.70898 0.46904 0.76172 0.53283 0.76172 0.53283 0.70898
0 0.55159 0.70801 0.55159 0.76172 0.61538 0.76172 0.61538 0.70801
0 0.86304 0.70703 0.86304 0.75977 0.92683 0.75977 0.92683 0.70703
0 0.77861 0.70898 0.77861 0.7627 0.8424 0.7627 0.8424 0.70898
0 0.69418 0.70801 0.69418 0.76172 0.75797 0.76172 0.75797 0.70801
0 0.095685 0.80273 0.095685 0.86426 0.30769 0.86426 0.30769 0.80273
0 0.39212 0.80273 0.39212 0.86426 0.61914 0.86426 0.61914 0.80273
0 0.70356 0.7998 0.70356 0.86426 0.84053 0.86426 0.84053 0.7998
0 0.88743 0.81641 0.88743 0.85645 0.95872 0.85645 0.95872 0.81641
