0 0.24156 0.21387 0.24156 0.28125 0.2827 0.28125 0.2827 0.21387
0 0.39662 0.21582 0.39662 0.28516 0.42932 0.28516 0.42932 0.21582
0 0.55591 0.21875 0.55591 0.28613 0.59599 0.28613 0.59599 0.21875
0 0.44304 0.21582 0.44304 0.28516 0.47468 0.28516 0.47468 0.21582
0 0.67932 0.2168 0.67932 0.28613 0.71203 0.28613 0.71203 0.2168
0 0.72468 0.21777 0.72468 0.28613 0.75633 0.28613 0.75633 0.21777
0 0.27004 0.35254 0.27004 0.41699 0.3038 0.41699 0.3038 0.35254
0 0.22574 0.35352 0.22574 0.41699 0.25844 0.41699 0.25844 0.35352
0 0.55907 0.3584 0.55907 0.42188 0.59916 0.42188 0.59916 0.3584
0 0.44515 0.35742 0.44515 0.4209 0.4789 0.4209 0.4789 0.35742
0 0.4019 0.35742 0.4019 0.41992 0.43354 0.41992 0.43354 0.35742
0 0.68143 0.3584 0.68143 0.4209 0.71414 0.4209 0.71414 0.3584
0 0.72679 0.3584 0.72679 0.4209 0.75844 0.4209 0.75844 0.3584
0 0.39873 0.49512 0.39873 0.56152 0.43249 0.56152 0.43249 0.49512
0 0.44304 0.49609 0.44304 0.56152 0.47679 0.56152 0.47679 0.49609
0 0.55802 0.49609 0.55802 0.56055 0.5981 0.56055 0.5981 0.49609
0 0.67932 0.49609 0.67932 0.5625 0.71308 0.5625 0.71308 0.49609
0 0.72468 0.49512 0.72468 0.5625 0.75844 0.5625 0.75844 0.49512
0 0.22785 0.49121 0.22785 0.55859 0.29852 0.55859 0.29852 0.49121
0 0.52848 0.09375 0.52848 0.14648 0.56118 0.14648 0.56118 0.09375
0 0.58861 0.092773 0.58861 0.14648 0.62131 0.14648 0.62131 0.092773
0 0.89241 0.45605 0.89241 0.4834 0.91983 0.4834 0.91983 0.45605
0 0.92827 0.45508 0.92827 0.4834 0.9557 0.4834 0.9557 0.45508
0 0.89241 0.49023 0.89241 0.53223 0.92089 0.53223 0.92089 0.49023
0 0.92827 0.49121 0.92827 0.5332 0.95464 0.5332 0.95464 0.49121
0 0.22468 0.63281 0.22468 0.7002 0.25633 0.7002 0.25633 0.63281
0 0.26899 0.63281 0.26899 0.69922 0.30169 0.69922 0.30169 0.63281
0 0.26899 0.77441 0.26899 0.84277 0.30169 0.84277 0.30169 0.77441
0 0.22363 0.77441 0.22363 0.84375 0.25633 0.84375 0.25633 0.77441
0 0.40084 0.63574 0.40084 0.7041 0.4346 0.7041 0.4346 0.63574
0 0.44831 0.63672 0.44831 0.70312 0.47996 0.70312 0.47996 0.63672
0 0.56224 0.63672 0.56224 0.70508 0.60232 0.70508 0.60232 0.63672
0 0.68143 0.63672 0.68143 0.70508 0.71624 0.70508 0.71624 0.63672
0 0.72574 0.63574 0.72574 0.7041 0.75949 0.7041 0.75949 0.63574
0 0.56013 0.77637 0.56013 0.84375 0.60127 0.84375 0.60127 0.77637
0 0.68249 0.77637 0.68249 0.84473 0.71519 0.84473 0.71519 0.77637
0 0.72679 0.77539 0.72679 0.84277 0.76055 0.84277 0.76055 0.77539
0 0.22996 0.89258 0.22996 0.95117 0.28692 0.95117 0.28692 0.89258
0 0.44093 0.7793 0.44093 0.81641 0.45464 0.81641 0.45464 0.7793
0 0.42194 0.78906 0.42194 0.81738 0.42827 0.81738 0.42827 0.78906
0 0.46203 0.78613 0.46203 0.81641 0.46835 0.81641 0.46835 0.78613
1 0.40717 0.83789 0.40717 0.94531 0.46835 0.94531 0.46835 0.83789
1 0.69093 0.8916 0.69093 0.97656 0.74789 0.97656 0.74789 0.8916
1 0.56329 0.8916 0.56329 0.97656 0.59494 0.97656 0.59494 0.8916
0 0.07384 0.20215 0.07384 0.26562 0.10443 0.26562 0.10443 0.20215
0 0.10654 0.20215 0.10654 0.26562 0.13291 0.26562 0.13291 0.20215
0 0.10759 0.33398 0.10759 0.40723 0.13291 0.40723 0.13291 0.33398
0 0.067511 0.33398 0.067511 0.40625 0.099156 0.40625 0.099156 0.33398
0 0.10549 0.4707 0.10549 0.49512 0.12975 0.49512 0.12975 0.4707
0 0.07173 0.47168 0.07173 0.49609 0.10021 0.49609 0.10021 0.47168
0 0.070675 0.49805 0.070675 0.54199 0.10021 0.54199 0.10021 0.49805
0 0.10443 0.49902 0.10443 0.54199 0.13186 0.54199 0.13186 0.49902
0 0.077004 0.74219 0.077004 0.81934 0.12658 0.81934 0.12658 0.74219
0 0.067511 0.60156 0.067511 0.67676 0.13291 0.67676 0.13291 0.60156
