0 0.51823 0.1709 0.51823 0.24023 0.5625 0.24023 0.5625 0.1709
0 0.57812 0.16992 0.57812 0.23926 0.62109 0.23926 0.62109 0.16992
0 0.88802 0.16992 0.88802 0.23926 0.93229 0.23926 0.93229 0.16992
0 0.94401 0.16992 0.94401 0.23926 0.98698 0.23926 0.98698 0.16992
0 0.28646 0.30859 0.28646 0.37793 0.32943 0.37793 0.32943 0.30859
0 0.34245 0.30957 0.34245 0.37695 0.38672 0.37695 0.38672 0.30957
0 0.51302 0.31641 0.51302 0.38281 0.55729 0.38281 0.55729 0.31641
0 0.57292 0.31641 0.57292 0.38281 0.61719 0.38281 0.61719 0.31641
0 0.34115 0.45508 0.34115 0.52344 0.38411 0.52344 0.38411 0.45508
0 0.28255 0.45508 0.28255 0.52344 0.32682 0.52344 0.32682 0.45508
0 0.51693 0.45898 0.51693 0.52734 0.5612 0.52734 0.5612 0.45898
0 0.57682 0.45898 0.57682 0.52832 0.61979 0.52832 0.61979 0.45898
0 0.32161 0.16602 0.32161 0.23633 0.3724 0.23633 0.3724 0.16602
0 0.88672 0.31641 0.88672 0.38086 0.92839 0.38086 0.92839 0.31641
0 0.89193 0.45801 0.89193 0.52441 0.9349 0.52441 0.9349 0.45801
0 0.28255 0.60352 0.28255 0.67578 0.32552 0.67578 0.32552 0.60352
0 0.34115 0.60449 0.34115 0.67578 0.38411 0.67578 0.38411 0.60449
0 0.34115 0.75488 0.34115 0.82715 0.38542 0.82715 0.38542 0.75488
0 0.28125 0.75488 0.28125 0.82715 0.32422 0.82715 0.32422 0.75488
0 0.51693 0.75684 0.51693 0.8291 0.5599 0.8291 0.5599 0.75684
0 0.57682 0.75684 0.57682 0.8291 0.61979 0.8291 0.61979 0.75684
0 0.57682 0.60547 0.57682 0.67773 0.61979 0.67773 0.61979 0.60547
0 0.51693 0.60645 0.51693 0.67773 0.5612 0.67773 0.5612 0.60645
0 0.71615 0.16895 0.71615 0.23828 0.78776 0.23828 0.78776 0.16895
0 0.71224 0.31348 0.71224 0.38184 0.79036 0.38184 0.79036 0.31348
0 0.71745 0.45898 0.71745 0.52734 0.79297 0.52734 0.79297 0.45898
0 0.71745 0.60547 0.71745 0.67773 0.79036 0.67773 0.79036 0.60547
0 0.72005 0.75684 0.72005 0.8291 0.79167 0.8291 0.79167 0.75684
0 0.18099 0.50195 0.18099 0.57031 0.20182 0.57031 0.20182 0.50195
0 0.53255 0.88086 0.53255 0.95996 0.60938 0.95996 0.60938 0.88086
0 0.73307 0.88086 0.73307 0.96191 0.78646 0.96191 0.78646 0.88086
1 0.29297 0.87598 0.29297 0.97656 0.37109 0.97656 0.37109 0.87598
