0 0.39355 0.51893 0.39355 0.66815 0.42773 0.66815 0.42773 0.51893
0 0.63086 0.52116 0.63086 0.66815 0.66113 0.66815 0.66113 0.52116
0 0.055664 0.17149 0.055664 0.31403 0.085938 0.31403 0.085938 0.17149
0 0.16211 0.17149 0.16211 0.31626 0.19336 0.31626 0.19336 0.17149
0 0.29883 0.17149 0.29883 0.31626 0.3291 0.31626 0.3291 0.17149
0 0.053711 0.35857 0.053711 0.51448 0.082031 0.51448 0.082031 0.35857
0 0.16309 0.35857 0.16309 0.51448 0.19141 0.51448 0.19141 0.35857
0 0.29883 0.36303 0.29883 0.50557 0.33105 0.50557 0.33105 0.36303
0 0.29688 0.56125 0.29688 0.71492 0.33105 0.71492 0.33105 0.56125
0 0.1582 0.55902 0.1582 0.7216 0.19434 0.7216 0.19434 0.55902
0 0.051758 0.56125 0.051758 0.72383 0.087891 0.72383 0.087891 0.56125
0 0.23633 0.17372 0.23633 0.26726 0.25781 0.26726 0.25781 0.17372
0 0.2373 0.3608 0.2373 0.46325 0.25781 0.46325 0.25781 0.3608
0 0.23633 0.56347 0.23633 0.66592 0.25684 0.66592 0.25684 0.56347
0 0.37891 0.15813 0.37891 0.23385 0.39355 0.23385 0.39355 0.15813
0 0.40234 0.15813 0.40234 0.23385 0.41699 0.23385 0.41699 0.15813
0 0.42578 0.15813 0.42578 0.23385 0.44043 0.23385 0.44043 0.15813
0 0.49902 0.15367 0.49902 0.23608 0.51367 0.23608 0.51367 0.15367
0 0.51953 0.16036 0.51953 0.23608 0.53418 0.23608 0.53418 0.16036
0 0.54297 0.16036 0.54297 0.23608 0.55762 0.23608 0.55762 0.16036
0 0.61426 0.16258 0.61426 0.23831 0.62891 0.23831 0.62891 0.16258
0 0.63672 0.16258 0.63672 0.23831 0.65137 0.23831 0.65137 0.16258
0 0.65918 0.16258 0.65918 0.23831 0.67383 0.23831 0.67383 0.16258
0 0.39648 0.29621 0.39648 0.4098 0.4248 0.4098 0.4248 0.29621
0 0.63086 0.29844 0.63086 0.41203 0.65918 0.41203 0.65918 0.29844
0 0.49316 0.29621 0.49316 0.40757 0.51367 0.40757 0.51367 0.29621
0 0.51758 0.29621 0.51758 0.4098 0.53711 0.4098 0.53711 0.29621
0 0.54297 0.29621 0.54297 0.40757 0.5625 0.40757 0.5625 0.29621
0 0.38965 0.76169 0.38965 0.90869 0.43262 0.90869 0.43262 0.76169
0 0.625 0.75724 0.625 0.90423 0.66699 0.90423 0.66699 0.75724
0 0.50781 0.49889 0.50781 0.65479 0.5498 0.65479 0.5498 0.49889
0 0.84766 0.16481 0.84766 0.2539 0.86719 0.2539 0.86719 0.16481
0 0.84863 0.3363 0.84863 0.42762 0.86816 0.42762 0.86816 0.3363
0 0.84863 0.51893 0.84863 0.62361 0.87012 0.62361 0.87012 0.51893
0 0.81152 0.33408 0.81152 0.42539 0.83105 0.42539 0.83105 0.33408
0 0.80957 0.16258 0.80957 0.2539 0.8291 0.2539 0.8291 0.16258
0 0.81152 0.52339 0.81152 0.62361 0.83105 0.62361 0.83105 0.52339
0 0.8125 0.12027 0.8125 0.13363 0.82422 0.13363 0.82422 0.12027
0 0.85156 0.12027 0.85156 0.13363 0.8623 0.13363 0.8623 0.12027
0 0.74512 0.11804 0.74512 0.1314 0.75586 0.1314 0.75586 0.11804
0 0.73633 0.15813 0.73633 0.29399 0.7666 0.29399 0.7666 0.15813
0 0.7373 0.33408 0.7373 0.47439 0.76855 0.47439 0.76855 0.33408
0 0.73633 0.52116 0.73633 0.67706 0.77246 0.67706 0.77246 0.52116
0 0.90918 0.52116 0.90918 0.6147 0.93848 0.6147 0.93848 0.52116
0 0.91016 0.34521 0.91016 0.47216 0.94336 0.47216 0.94336 0.34521
1 0.5 0.75056 0.5 0.96214 0.56055 0.96214 0.56055 0.75056
1 0.80664 0.80624 0.80664 0.94432 0.83789 0.94432 0.83789 0.80624
1 0.23633 0.81737 0.23633 0.97996 0.25781 0.97996 0.25781 0.81737
