0 0.1562 0.11816 0.1562 0.20996 0.21746 0.20996 0.21746 0.11816
0 0.22818 0.12012 0.22818 0.20996 0.2879 0.20996 0.2879 0.12012
0 0.44104 0.11914 0.44104 0.20996 0.49923 0.20996 0.49923 0.11914
0 0.51149 0.11914 0.51149 0.21094 0.57121 0.21094 0.57121 0.11914
0 0.73047 0.11816 0.73047 0.20801 0.78867 0.20801 0.78867 0.11816
0 0.80398 0.11816 0.80398 0.20801 0.86217 0.20801 0.86217 0.11816
0 0.15467 0.28711 0.15467 0.37305 0.28637 0.37305 0.28637 0.28711
0 0.43951 0.28516 0.43951 0.37207 0.57121 0.37207 0.57121 0.28516
0 0.72588 0.28613 0.72588 0.37305 0.85605 0.37305 0.85605 0.28613
0 0.15926 0.44434 0.15926 0.53516 0.28637 0.53516 0.28637 0.44434
0 0.44257 0.44434 0.44257 0.53516 0.56815 0.53516 0.56815 0.44434
0 0.73047 0.44434 0.73047 0.53516 0.85758 0.53516 0.85758 0.44434
0 0.15926 0.60938 0.15926 0.69922 0.28637 0.69922 0.28637 0.60938
0 0.4441 0.6084 0.4441 0.69922 0.56968 0.69922 0.56968 0.6084
0 0.73047 0.6084 0.73047 0.69922 0.85758 0.69922 0.85758 0.6084
0 0.16233 0.77539 0.16233 0.86523 0.27718 0.86523 0.27718 0.77539
0 0.73507 0.77344 0.73507 0.86523 0.85145 0.86523 0.85145 0.77344
0 0.37519 0.77344 0.37519 0.86426 0.45942 0.86426 0.45942 0.77344
0 0.55896 0.77539 0.55896 0.86719 0.64012 0.86719 0.64012 0.77539
1 0.54211 0.91309 0.54211 0.99512 0.64778 0.99512 0.64778 0.91309
1 0.36294 0.89258 0.36294 0.99707 0.46554 0.99707 0.46554 0.89258
1 0.14855 0.91406 0.14855 0.99707 0.28025 0.99707 0.28025 0.91406
