0 0.18359 0.082495 0.18359 0.1831 0.21582 0.1831 0.21582 0.082495
0 0.26758 0.079477 0.26758 0.18109 0.2998 0.18109 0.2998 0.079477
0 0.34863 0.079477 0.34863 0.18109 0.38086 0.18109 0.38086 0.079477
0 0.43555 0.076459 0.43555 0.17807 0.46777 0.17807 0.46777 0.076459
0 0.51953 0.076459 0.51953 0.17807 0.55176 0.17807 0.55176 0.076459
0 0.60352 0.074447 0.60352 0.17505 0.63574 0.17505 0.63574 0.074447
0 0.69043 0.077465 0.69043 0.17907 0.72266 0.17907 0.72266 0.077465
0 0.77441 0.079477 0.77441 0.18008 0.80664 0.18008 0.80664 0.079477
0 0.17871 0.29779 0.17871 0.40543 0.21094 0.40543 0.21094 0.29779
0 0.26074 0.29678 0.26074 0.40543 0.29297 0.40543 0.29297 0.29678
0 0.3457 0.29376 0.3457 0.40141 0.37793 0.40141 0.37793 0.29376
0 0.43164 0.29376 0.43164 0.40141 0.46289 0.40141 0.46289 0.29376
0 0.51855 0.28873 0.51855 0.40141 0.55078 0.40141 0.55078 0.28873
0 0.60352 0.28974 0.60352 0.40241 0.63574 0.40241 0.63574 0.28974
0 0.69043 0.28873 0.69043 0.40141 0.72266 0.40141 0.72266 0.28873
0 0.77539 0.28974 0.77539 0.40241 0.80762 0.40241 0.80762 0.28974
0 0.77734 0.51207 0.77734 0.63078 0.80957 0.63078 0.80957 0.51207
0 0.69238 0.51308 0.69238 0.63179 0.72461 0.63179 0.72461 0.51308
0 0.60156 0.51107 0.60156 0.6328 0.63477 0.6328 0.63477 0.51107
0 0.5127 0.51308 0.5127 0.63481 0.5459 0.63481 0.5459 0.51308
0 0.42871 0.51308 0.42871 0.63481 0.46191 0.63481 0.46191 0.51308
0 0.34375 0.51408 0.34375 0.63682 0.37695 0.63682 0.37695 0.51408
0 0.25781 0.51408 0.25781 0.63682 0.29102 0.63682 0.29102 0.51408
0 0.17285 0.51408 0.17285 0.63682 0.20605 0.63682 0.20605 0.51408
0 0.88477 0.50805 0.88477 0.63078 0.92578 0.63078 0.92578 0.50805
0 0.045898 0.51107 0.045898 0.6338 0.085938 0.6338 0.085938 0.51107
0 0.078125 0.29276 0.078125 0.40443 0.095703 0.40443 0.095703 0.29276
0 0.051758 0.29477 0.051758 0.40644 0.069336 0.40644 0.069336 0.29477
0 0.90723 0.28873 0.90723 0.39537 0.92578 0.39537 0.92578 0.28873
0 0.88184 0.28773 0.88184 0.39437 0.90039 0.39437 0.90039 0.28773
0 0.91504 0.092555 0.91504 0.18008 0.9375 0.18008 0.9375 0.092555
0 0.88867 0.088531 0.88867 0.17807 0.90918 0.17807 0.90918 0.088531
0 0.86035 0.086519 0.86035 0.17606 0.88086 0.17606 0.88086 0.086519
0 0.041016 0.090543 0.041016 0.18008 0.061523 0.18008 0.061523 0.090543
0 0.070312 0.089537 0.070312 0.17907 0.09082 0.17907 0.09082 0.089537
0 0.10059 0.086519 0.10059 0.18008 0.11816 0.18008 0.11816 0.086519
0 0.77539 0.86117 0.77539 0.94567 0.81738 0.94567 0.81738 0.86117
0 0.26074 0.85714 0.26074 0.98692 0.29297 0.98692 0.29297 0.85714
0 0.17578 0.85915 0.17578 0.98491 0.20801 0.98491 0.20801 0.85915
0 0.049805 0.85614 0.049805 0.98592 0.091797 0.98592 0.091797 0.85614
0 0.77148 0.78471 0.77148 0.83602 0.81836 0.83602 0.81836 0.78471
0 0.68359 0.78773 0.68359 0.83903 0.73047 0.83903 0.73047 0.78773
0 0.5957 0.78974 0.5957 0.84105 0.64355 0.84105 0.64355 0.78974
0 0.33203 0.79074 0.33203 0.833 0.38086 0.833 0.38086 0.79074
0 0.25 0.79276 0.25 0.83602 0.29883 0.83602 0.29883 0.79276
0 0.049805 0.78068 0.049805 0.83199 0.098633 0.83199 0.098633 0.78068
0 0.45508 0.77666 0.45508 0.834 0.51758 0.834 0.51758 0.77666
1 0.45508 0.85312 0.45508 0.99698 0.51758 0.99698 0.51758 0.85312
1 0.33789 0.86016 0.33789 0.98793 0.38086 0.98793 0.38086 0.86016
1 0.68555 0.85815 0.68555 0.98592 0.72949 0.98592 0.72949 0.85815
1 0.59766 0.86318 0.59766 0.98994 0.6416 0.98994 0.6416 0.86318
