0 0.76885 0.15527 0.76885 0.2666 0.92336 0.2666 0.92336 0.15527
0 0.77256 0.3291 0.77256 0.43848 0.9246 0.43848 0.9246 0.3291
0 0.77627 0.48926 0.77627 0.60352 0.9246 0.60352 0.9246 0.48926
0 0.77256 0.66797 0.77256 0.78223 0.92089 0.78223 0.92089 0.66797
0 0.23609 0.16016 0.23609 0.27344 0.30532 0.27344 0.30532 0.16016
0 0.23733 0.32715 0.23733 0.43945 0.30779 0.43945 0.30779 0.32715
0 0.23857 0.48926 0.23857 0.60254 0.30902 0.60254 0.30902 0.48926
0 0.24104 0.66699 0.24104 0.77832 0.3115 0.77832 0.3115 0.66699
0 0.58838 0.49121 0.58838 0.59863 0.64524 0.59863 0.64524 0.49121
0 0.58714 0.66699 0.58714 0.7793 0.644 0.7793 0.644 0.66699
0 0.5822 0.32617 0.5822 0.44238 0.64153 0.44238 0.64153 0.32617
0 0.4759 0.3252 0.4759 0.40137 0.53028 0.40137 0.53028 0.3252
0 0.36588 0.3252 0.36588 0.39551 0.41409 0.39551 0.41409 0.3252
0 0.36836 0.48828 0.36836 0.56543 0.4178 0.56543 0.4178 0.48828
0 0.36836 0.66699 0.36836 0.7373 0.41409 0.7373 0.41409 0.66699
0 0.4759 0.48828 0.4759 0.56445 0.5241 0.56445 0.5241 0.48828
0 0.47837 0.66602 0.47837 0.74219 0.52658 0.74219 0.52658 0.66602
0 0.69098 0.8584 0.69098 0.97363 0.78739 0.97363 0.78739 0.8584
0 0.014833 0.86816 0.014833 0.9707 0.32262 0.9707 0.32262 0.86816
1 0.54759 0.84277 0.54759 0.99609 0.65884 0.99609 0.65884 0.84277
1 0.78986 0.87207 0.78986 0.99512 0.84302 0.99512 0.84302 0.87207
0 0.4759 0.15625 0.4759 0.23145 0.5241 0.23145 0.5241 0.15625
0 0.36588 0.15723 0.36588 0.23145 0.41286 0.23145 0.41286 0.15723
0 0.58344 0.1543 0.58344 0.27051 0.6403 0.27051 0.6403 0.1543
