0 0.29915 0.14952 0.29915 0.24116 0.37393 0.24116 0.37393 0.14952
0 0.51068 0.14952 0.51068 0.24116 0.58333 0.24116 0.58333 0.14952
0 0.72222 0.15273 0.72222 0.24277 0.79701 0.24277 0.79701 0.15273
0 0.30342 0.31511 0.30342 0.40997 0.37393 0.40997 0.37393 0.31511
0 0.51282 0.31672 0.51282 0.41158 0.58333 0.41158 0.58333 0.31672
0 0.72222 0.31672 0.72222 0.41158 0.79274 0.41158 0.79274 0.31672
0 0.30342 0.48553 0.30342 0.57878 0.37821 0.57878 0.37821 0.48553
0 0.71795 0.48553 0.71795 0.57878 0.79487 0.57878 0.79487 0.48553
0 0.50855 0.48714 0.50855 0.61093 0.58547 0.61093 0.58547 0.48714
0 0.73504 0.014469 0.73504 0.062701 0.77564 0.062701 0.77564 0.014469
0 0.53205 0.012862 0.53205 0.061093 0.57265 0.061093 0.57265 0.012862
0 0.26923 0.67203 0.26923 0.75723 0.40812 0.75723 0.40812 0.67203
0 0.47222 0.67203 0.47222 0.75723 0.61325 0.75723 0.61325 0.67203
0 0.68162 0.67042 0.68162 0.75563 0.82051 0.75563 0.82051 0.67042
1 0.47863 0.79421 0.47863 0.96302 0.61538 0.96302 0.61538 0.79421
