0 0.02832 0.27438 0.02832 0.4898 0.073242 0.4898 0.073242 0.27438
0 0.1582 0.27664 0.1582 0.49206 0.20312 0.49206 0.20312 0.27664
0 0.28027 0.27664 0.28027 0.49206 0.3252 0.49206 0.3252 0.27664
0 0.46973 0.26984 0.46973 0.55329 0.51758 0.55329 0.51758 0.26984
0 0.66211 0.27211 0.66211 0.49206 0.70801 0.49206 0.70801 0.27211
0 0.78906 0.27664 0.78906 0.4966 0.83301 0.4966 0.83301 0.27664
0 0.91504 0.27664 0.91504 0.4898 0.95898 0.4898 0.95898 0.27664
0 0.91211 0.72562 0.91211 0.90703 0.95508 0.90703 0.95508 0.72562
0 0.78809 0.73243 0.78809 0.91156 0.83008 0.91156 0.83008 0.73243
0 0.66113 0.73696 0.66113 0.91837 0.70508 0.91837 0.70508 0.73696
0 0.28223 0.73696 0.28223 0.9161 0.32617 0.9161 0.32617 0.73696
0 0.16309 0.73469 0.16309 0.91383 0.20703 0.91383 0.20703 0.73469
1 0.4375 0.69388 0.4375 0.99093 0.55176 0.99093 0.55176 0.69388
