0 0.10494 0.12694 0.10494 0.21244 0.1642 0.21244 0.1642 0.12694
0 0.10494 0.31865 0.10494 0.40415 0.16049 0.40415 0.16049 0.31865
0 0.10494 0.50777 0.10494 0.59326 0.16049 0.59326 0.16049 0.50777
0 0.10494 0.69948 0.10494 0.78497 0.15926 0.78497 0.15926 0.69948
0 0.3963 0.51813 0.3963 0.60363 0.45062 0.60363 0.45062 0.51813
0 0.39259 0.71762 0.39259 0.80311 0.45062 0.80311 0.45062 0.71762
0 0.4 0.31606 0.4 0.40155 0.45556 0.40155 0.45556 0.31606
0 0.3963 0.12176 0.3963 0.20725 0.45062 0.20725 0.45062 0.12176
0 0.50494 0.12694 0.50494 0.21244 0.55926 0.21244 0.55926 0.12694
0 0.50494 0.32383 0.50494 0.40933 0.55926 0.40933 0.55926 0.32383
0 0.5037 0.52073 0.5037 0.60622 0.55926 0.60622 0.55926 0.52073
0 0.5 0.7228 0.5 0.80829 0.55432 0.80829 0.55432 0.7228
0 0.82222 0.11399 0.82222 0.19948 0.88519 0.19948 0.88519 0.11399
0 0.82222 0.32383 0.82222 0.40933 0.88519 0.40933 0.88519 0.32383
0 0.82099 0.53109 0.82099 0.62176 0.88272 0.62176 0.88272 0.53109
0 0.81975 0.73575 0.81975 0.82642 0.88148 0.82642 0.88148 0.73575
0 0.18148 0.12176 0.18148 0.21503 0.21975 0.21503 0.21975 0.12176
0 0.18148 0.31865 0.18148 0.40415 0.21481 0.40415 0.21481 0.31865
0 0.18272 0.51036 0.18272 0.59845 0.21605 0.59845 0.21605 0.51036
0 0.18148 0.70466 0.18148 0.79275 0.21481 0.79275 0.21481 0.70466
0 0.33333 0.12694 0.33333 0.21244 0.3716 0.21244 0.3716 0.12694
0 0.3321 0.32124 0.3321 0.40674 0.37407 0.40674 0.37407 0.32124
0 0.33086 0.51554 0.33086 0.60104 0.37284 0.60104 0.37284 0.51554
0 0.33086 0.70984 0.33086 0.80052 0.37037 0.80052 0.37037 0.70984
0 0.58519 0.12176 0.58519 0.20725 0.62716 0.20725 0.62716 0.12176
0 0.58519 0.31606 0.58519 0.40933 0.62346 0.40933 0.62346 0.31606
0 0.58519 0.52332 0.58519 0.61658 0.62346 0.61658 0.62346 0.52332
0 0.58765 0.7228 0.58765 0.81606 0.62716 0.81606 0.62716 0.7228
0 0.75926 0.11399 0.75926 0.20725 0.79753 0.20725 0.79753 0.11399
0 0.75556 0.31865 0.75556 0.41192 0.79383 0.41192 0.79383 0.31865
0 0.75556 0.52591 0.75556 0.61917 0.79383 0.61917 0.79383 0.52591
0 0.75185 0.73316 0.75185 0.82642 0.79383 0.82642 0.79383 0.73316
0 0.23827 0.21503 0.23827 0.32642 0.31358 0.32642 0.31358 0.21503
0 0.24198 0.40933 0.24198 0.52073 0.31605 0.52073 0.31605 0.40933
0 0.23704 0.60363 0.23704 0.71503 0.31111 0.71503 0.31111 0.60363
0 0.64938 0.20725 0.64938 0.32902 0.73086 0.32902 0.73086 0.20725
0 0.64938 0.41192 0.64938 0.53109 0.73086 0.53109 0.73086 0.41192
0 0.64691 0.61658 0.64691 0.73575 0.7284 0.73575 0.7284 0.61658
0 0.10617 0.89637 0.10617 0.94041 0.16049 0.94041 0.16049 0.89637
0 0.18148 0.89896 0.18148 0.94301 0.21728 0.94301 0.21728 0.89896
0 0.3321 0.91192 0.3321 0.95596 0.3679 0.95596 0.3679 0.91192
1 0.2321 0.81865 0.2321 0.98705 0.30864 0.98705 0.30864 0.81865
1 0.64444 0.79275 0.64444 0.97668 0.7284 0.97668 0.7284 0.79275
