0 0.080201 0.12695 0.080201 0.21777 0.19799 0.21777 0.19799 0.12695
0 0.32581 0.12988 0.32581 0.21973 0.44361 0.21973 0.44361 0.12988
0 0.56642 0.13281 0.56642 0.22363 0.68421 0.22363 0.68421 0.13281
0 0.80952 0.13086 0.80952 0.22168 0.92732 0.22168 0.92732 0.13086
0 0.077694 0.30078 0.077694 0.3916 0.19549 0.3916 0.19549 0.30078
0 0.32331 0.30078 0.32331 0.3916 0.44361 0.3916 0.44361 0.30078
0 0.5589 0.29785 0.5589 0.38867 0.67669 0.38867 0.67669 0.29785
0 0.81203 0.30176 0.81203 0.39258 0.92982 0.39258 0.92982 0.30176
0 0.082707 0.46582 0.082707 0.5625 0.20301 0.5625 0.20301 0.46582
0 0.32331 0.4668 0.32331 0.56348 0.44361 0.56348 0.44361 0.4668
0 0.57143 0.46484 0.57143 0.5625 0.68922 0.5625 0.68922 0.46484
0 0.81203 0.46875 0.81203 0.56543 0.93233 0.56543 0.93233 0.46875
0 0.80952 0.64355 0.80952 0.74609 0.92732 0.74609 0.92732 0.64355
0 0.57143 0.64453 0.57143 0.74707 0.68922 0.74707 0.68922 0.64453
0 0.32832 0.64453 0.32832 0.74707 0.44862 0.74707 0.44862 0.64453
0 0.082707 0.64258 0.082707 0.74414 0.20301 0.74414 0.20301 0.64258
