0 0.75781 0.85059 0.75781 0.94567 0.78711 0.94567 0.78711 0.85059
0 0.66797 0.8489 0.66797 0.94567 0.69824 0.94567 0.69824 0.8489
0 0.88281 0.66553 0.88281 0.7708 0.91309 0.7708 0.91309 0.66553
0 0.75781 0.66893 0.75781 0.7708 0.78809 0.7708 0.78809 0.66893
0 0.66797 0.66723 0.66797 0.7708 0.69922 0.7708 0.69922 0.66723
1 0.57324 0.90153 0.57324 0.9983 0.60254 0.9983 0.60254 0.90153
1 0.38965 0.89983 0.38965 0.9983 0.41895 0.9983 0.41895 0.89983
1 0.4707 0.83701 0.4707 1 0.52637 1 0.52637 0.83701
0 0.57129 0.66723 0.57129 0.7708 0.60254 0.7708 0.60254 0.66723
0 0.48047 0.66553 0.48047 0.79117 0.51074 0.79117 0.51074 0.66553
0 0.38867 0.66553 0.38867 0.7708 0.41895 0.7708 0.41895 0.66553
0 0.28516 0.8489 0.28516 0.94567 0.31445 0.94567 0.31445 0.8489
0 0.19434 0.85059 0.19434 0.94567 0.22363 0.94567 0.22363 0.85059
0 0.2832 0.66893 0.2832 0.7725 0.31445 0.7725 0.31445 0.66893
0 0.19336 0.66723 0.19336 0.7725 0.22363 0.7725 0.22363 0.66723
0 0.073242 0.66553 0.073242 0.7708 0.10547 0.7708 0.10547 0.66553
0 0.87988 0.43973 0.87988 0.60611 0.91309 0.60611 0.91309 0.43973
0 0.75781 0.46859 0.75781 0.58234 0.78906 0.58234 0.78906 0.46859
0 0.66797 0.47029 0.66797 0.58234 0.70117 0.58234 0.70117 0.47029
0 0.87793 0.32258 0.87793 0.37012 0.91016 0.37012 0.91016 0.32258
0 0.75977 0.32258 0.75977 0.36842 0.78906 0.36842 0.78906 0.32258
0 0.66992 0.32428 0.66992 0.36842 0.7002 0.36842 0.7002 0.32428
0 0.56836 0.43973 0.56836 0.60951 0.60156 0.60951 0.60156 0.43973
0 0.47852 0.43973 0.47852 0.60441 0.50977 0.60441 0.50977 0.43973
0 0.38672 0.43803 0.38672 0.60951 0.41895 0.60951 0.41895 0.43803
0 0.57031 0.31749 0.57031 0.36672 0.60254 0.36672 0.60254 0.31749
0 0.47656 0.31919 0.47656 0.36672 0.50977 0.36672 0.50977 0.31919
0 0.38672 0.31409 0.38672 0.36333 0.41895 0.36333 0.41895 0.31409
0 0.28125 0.47029 0.28125 0.58404 0.31348 0.58404 0.31348 0.47029
0 0.19043 0.47029 0.19043 0.58404 0.22266 0.58404 0.22266 0.47029
0 0.072266 0.43973 0.072266 0.60441 0.10547 0.60441 0.10547 0.43973
0 0.2832 0.32088 0.2832 0.36672 0.3125 0.36672 0.3125 0.32088
0 0.19141 0.32088 0.19141 0.36672 0.22266 0.36672 0.22266 0.32088
0 0.070312 0.31749 0.070312 0.36672 0.10254 0.36672 0.10254 0.31749
0 0.38672 0.050934 0.38672 0.16469 0.41602 0.16469 0.41602 0.050934
0 0.56934 0.052632 0.56934 0.16638 0.59961 0.16638 0.59961 0.052632
0 0.47754 0.054329 0.47754 0.13413 0.50684 0.13413 0.50684 0.054329
0 0.38965 0.8489 0.38965 0.88795 0.41992 0.88795 0.41992 0.8489
0 0.57227 0.8472 0.57227 0.88795 0.60254 0.88795 0.60254 0.8472
