0 0.050654 0.46631 0.050654 0.54178 0.091503 0.54178 0.091503 0.46631
0 0.11275 0.46092 0.11275 0.53908 0.15359 0.53908 0.15359 0.46092
0 0.17484 0.45553 0.17484 0.53369 0.21569 0.53369 0.21569 0.45553
0 0.25 0.45553 0.25 0.5283 0.29575 0.5283 0.29575 0.45553
0 0.31863 0.45283 0.31863 0.52561 0.36438 0.52561 0.36438 0.45283
0 0.38889 0.45283 0.38889 0.52561 0.43464 0.52561 0.43464 0.45283
0 0.45915 0.45013 0.45915 0.52291 0.5049 0.52291 0.5049 0.45013
0 0.52941 0.45013 0.52941 0.52291 0.5768 0.52291 0.5768 0.45013
0 0.59804 0.44744 0.59804 0.52022 0.64379 0.52022 0.64379 0.44744
0 0.59967 0.57412 0.59967 0.65229 0.64542 0.65229 0.64542 0.57412
0 0.53105 0.57143 0.53105 0.65229 0.5768 0.65229 0.5768 0.57143
0 0.46078 0.57412 0.46078 0.65229 0.50654 0.65229 0.50654 0.57412
0 0.38889 0.57682 0.38889 0.65768 0.43464 0.65768 0.43464 0.57682
0 0.32026 0.57682 0.32026 0.65499 0.36601 0.65499 0.36601 0.57682
0 0.25 0.57682 0.25 0.65768 0.29575 0.65768 0.29575 0.57682
0 0.17484 0.57951 0.17484 0.65768 0.22222 0.65768 0.22222 0.57951
0 0.11111 0.5876 0.11111 0.66577 0.15686 0.66577 0.15686 0.5876
0 0.053922 0.5903 0.053922 0.66307 0.088235 0.66307 0.088235 0.5903
0 0.1781 0.71159 0.1781 0.78437 0.22059 0.78437 0.22059 0.71159
0 0.11438 0.71429 0.11438 0.79245 0.15686 0.79245 0.15686 0.71429
0 0.04902 0.72237 0.04902 0.79515 0.089869 0.79515 0.089869 0.72237
0 0.25163 0.71159 0.25163 0.78167 0.29739 0.78167 0.29739 0.71159
0 0.3219 0.70889 0.3219 0.78167 0.36601 0.78167 0.36601 0.70889
0 0.39216 0.70889 0.39216 0.78167 0.43791 0.78167 0.43791 0.70889
0 0.46078 0.70889 0.46078 0.78167 0.5049 0.78167 0.5049 0.70889
0 0.53105 0.7062 0.53105 0.77628 0.5768 0.77628 0.5768 0.7062
0 0.60294 0.7062 0.60294 0.77898 0.64706 0.77898 0.64706 0.7062
0 0.68301 0.7062 0.68301 0.77628 0.72876 0.77628 0.72876 0.7062
0 0.68137 0.57143 0.68137 0.6496 0.72712 0.6496 0.72712 0.57143
0 0.67974 0.44744 0.67974 0.52022 0.72549 0.52022 0.72549 0.44744
0 0.27124 0.33693 0.27124 0.39084 0.29902 0.39084 0.29902 0.33693
0 0.40196 0.33423 0.40196 0.38814 0.43137 0.38814 0.43137 0.33423
0 0.33497 0.33423 0.33497 0.38814 0.36438 0.38814 0.36438 0.33423
0 0.46732 0.33423 0.46732 0.38814 0.49673 0.38814 0.49673 0.33423
0 0.53268 0.33423 0.53268 0.38814 0.56209 0.38814 0.56209 0.33423
0 0.59804 0.33154 0.59804 0.38544 0.62745 0.38544 0.62745 0.33154
0 0.68791 0.33962 0.68791 0.39353 0.71732 0.39353 0.71732 0.33962
0 0.058824 0.36119 0.058824 0.41779 0.068627 0.41779 0.068627 0.36119
0 0.073529 0.3558 0.073529 0.41509 0.083333 0.41509 0.083333 0.3558
0 0.12255 0.3558 0.12255 0.4124 0.13235 0.4124 0.13235 0.3558
0 0.13562 0.3531 0.13562 0.4097 0.14542 0.4097 0.14542 0.3531
0 0.18627 0.34771 0.18627 0.40431 0.19608 0.40431 0.19608 0.34771
0 0.19935 0.34771 0.19935 0.40431 0.20915 0.40431 0.20915 0.34771
0 0.11275 0.24528 0.11275 0.2965 0.12418 0.2965 0.12418 0.24528
0 0.12745 0.24259 0.12745 0.2938 0.13889 0.2938 0.13889 0.24259
0 0.14379 0.24259 0.14379 0.2938 0.15523 0.2938 0.15523 0.24259
0 0.7598 0.33962 0.7598 0.39353 0.78758 0.39353 0.78758 0.33962
0 0.83007 0.33693 0.83007 0.39084 0.85784 0.39084 0.85784 0.33693
0 0.75163 0.22911 0.75163 0.27493 0.76471 0.27493 0.76471 0.22911
0 0.76797 0.22911 0.76797 0.27763 0.78105 0.27763 0.78105 0.22911
0 0.78431 0.22911 0.78431 0.27493 0.79739 0.27493 0.79739 0.22911
0 0.75 0.45013 0.75 0.52291 0.79739 0.52291 0.79739 0.45013
0 0.82026 0.45013 0.82026 0.52291 0.86765 0.52291 0.86765 0.45013
0 0.75 0.57143 0.75 0.6496 0.79739 0.6496 0.79739 0.57143
0 0.8219 0.57412 0.8219 0.65229 0.86765 0.65229 0.86765 0.57412
0 0.74837 0.7035 0.74837 0.77358 0.79575 0.77358 0.79575 0.7035
0 0.8219 0.7035 0.8219 0.77628 0.86765 0.77628 0.86765 0.7035
0 0.60131 0.83288 0.60131 0.90296 0.64706 0.90296 0.64706 0.83288
0 0.53105 0.83288 0.53105 0.90296 0.5768 0.90296 0.5768 0.83288
0 0.39216 0.83019 0.39216 0.90027 0.43791 0.90027 0.43791 0.83019
0 0.90033 0.45013 0.90033 0.52291 0.91013 0.52291 0.91013 0.45013
0 0.9134 0.45013 0.9134 0.52561 0.91993 0.52561 0.91993 0.45013
0 0.90686 0.57682 0.90686 0.65229 0.91667 0.65229 0.91667 0.57682
0 0.90686 0.7062 0.90686 0.77898 0.91503 0.77898 0.91503 0.7062
0 0.91993 0.58221 0.91993 0.65499 0.92484 0.65499 0.92484 0.58221
0 0.91993 0.7062 0.91993 0.77898 0.92484 0.77898 0.92484 0.7062
