0 0.85156 0.87831 0.85156 0.95301 0.88379 0.95301 0.88379 0.87831
0 0.85254 0.73976 0.85254 0.81446 0.88477 0.81446 0.88477 0.73976
0 0.75781 0.87952 0.75781 0.95181 0.79004 0.95181 0.79004 0.87952
0 0.68555 0.87952 0.68555 0.95301 0.7168 0.95301 0.7168 0.87952
0 0.61035 0.87831 0.61035 0.95181 0.6416 0.95181 0.6416 0.87831
0 0.75879 0.73976 0.75879 0.81566 0.79004 0.81566 0.79004 0.73976
0 0.68652 0.74096 0.68652 0.81446 0.71777 0.81446 0.71777 0.74096
0 0.61133 0.73976 0.61133 0.81446 0.6416 0.81446 0.6416 0.73976
0 0.53516 0.87952 0.53516 0.95181 0.56641 0.95181 0.56641 0.87952
0 0.46191 0.87952 0.46191 0.95181 0.49414 0.95181 0.49414 0.87952
0 0.36816 0.87711 0.36816 0.95181 0.39844 0.95181 0.39844 0.87711
0 0.53613 0.74096 0.53613 0.81566 0.56641 0.81566 0.56641 0.74096
0 0.46387 0.74096 0.46387 0.81446 0.49512 0.81446 0.49512 0.74096
0 0.36816 0.73976 0.36816 0.81325 0.39941 0.81325 0.39941 0.73976
0 0.46289 0.60843 0.46289 0.6747 0.49512 0.6747 0.49512 0.60843
0 0.36914 0.60723 0.36914 0.67349 0.40039 0.67349 0.40039 0.60723
0 0.68652 0.60723 0.68652 0.67349 0.71875 0.67349 0.71875 0.60723
0 0.61133 0.60843 0.61133 0.67349 0.64258 0.67349 0.64258 0.60843
0 0.53613 0.60723 0.53613 0.67349 0.56836 0.67349 0.56836 0.60723
0 0.75879 0.60602 0.75879 0.6747 0.79102 0.6747 0.79102 0.60602
0 0.85352 0.60482 0.85352 0.67229 0.88574 0.67229 0.88574 0.60482
0 0.85352 0.4759 0.85352 0.54096 0.88574 0.54096 0.88574 0.4759
0 0.8418 0.3494 0.8418 0.41566 0.89941 0.41566 0.89941 0.3494
0 0.75977 0.47831 0.75977 0.54458 0.79102 0.54458 0.79102 0.47831
0 0.68652 0.47831 0.68652 0.54337 0.71875 0.54337 0.71875 0.47831
0 0.61035 0.47831 0.61035 0.54458 0.6416 0.54458 0.6416 0.47831
0 0.75879 0.3506 0.75879 0.41566 0.79199 0.41566 0.79199 0.3506
0 0.68555 0.35301 0.68555 0.41566 0.71875 0.41566 0.71875 0.35301
0 0.60938 0.35301 0.60938 0.41566 0.64258 0.41566 0.64258 0.35301
0 0.53613 0.47952 0.53613 0.54458 0.56738 0.54458 0.56738 0.47952
0 0.46289 0.47831 0.46289 0.54578 0.49414 0.54578 0.49414 0.47831
0 0.36816 0.47831 0.36816 0.54337 0.40039 0.54337 0.40039 0.47831
0 0.53516 0.35301 0.53516 0.41687 0.56836 0.41687 0.56836 0.35301
0 0.46191 0.35301 0.46191 0.41687 0.49707 0.41687 0.49707 0.35301
0 0.35547 0.3506 0.35547 0.41446 0.41113 0.41446 0.41113 0.3506
0 0.24121 0.40723 0.24121 0.4747 0.27246 0.4747 0.27246 0.40723
0 0.14844 0.41325 0.14844 0.48072 0.17969 0.48072 0.17969 0.41325
0 0.24121 0.54699 0.24121 0.61084 0.27344 0.61084 0.27344 0.54699
0 0.24219 0.68916 0.24219 0.75783 0.27246 0.75783 0.27246 0.68916
0 0.94238 0.49398 0.94238 0.55904 0.9707 0.55904 0.9707 0.49398
0 0.94238 0.62169 0.94238 0.68916 0.96875 0.68916 0.96875 0.62169
0 0.94141 0.36506 0.94141 0.42892 0.9707 0.42892 0.9707 0.36506
