0 0.049528 0.11719 0.049528 0.22949 0.09434 0.22949 0.09434 0.11719
0 0.16981 0.11523 0.16981 0.22852 0.21344 0.22852 0.21344 0.11523
0 0.29363 0.11523 0.29363 0.22852 0.33726 0.22852 0.33726 0.11523
0 0.41863 0.11523 0.41863 0.22949 0.46698 0.22949 0.46698 0.11523
0 0.54127 0.11523 0.54127 0.23047 0.58962 0.23047 0.58962 0.11523
0 0.66509 0.11914 0.66509 0.23438 0.71344 0.23438 0.71344 0.11914
0 0.7842 0.12402 0.7842 0.23926 0.83255 0.23926 0.83255 0.12402
0 0.90448 0.12598 0.90448 0.24023 0.95283 0.24023 0.95283 0.12598
0 0.04717 0.33301 0.04717 0.45117 0.097877 0.45117 0.097877 0.33301
0 0.17099 0.33105 0.17099 0.4541 0.2217 0.4541 0.2217 0.33105
0 0.29245 0.33203 0.29245 0.4541 0.34434 0.4541 0.34434 0.33203
0 0.41981 0.33398 0.41981 0.45605 0.47052 0.45605 0.47052 0.33398
0 0.54599 0.33594 0.54599 0.45898 0.5967 0.45898 0.5967 0.33594
0 0.66863 0.33789 0.66863 0.45996 0.71934 0.45996 0.71934 0.33789
0 0.79009 0.33789 0.79009 0.45996 0.8408 0.45996 0.8408 0.33789
0 0.91038 0.33789 0.91038 0.46094 0.96108 0.46094 0.96108 0.33789
0 0.044811 0.5791 0.044811 0.71094 0.10259 0.71094 0.10259 0.5791
0 0.16863 0.58008 0.16863 0.71191 0.22642 0.71191 0.22642 0.58008
0 0.29481 0.58105 0.29481 0.71289 0.35259 0.71289 0.35259 0.58105
0 0.41981 0.58105 0.41981 0.71289 0.47759 0.71289 0.47759 0.58105
0 0.54363 0.58105 0.54363 0.71289 0.60142 0.71289 0.60142 0.58105
0 0.66745 0.58105 0.66745 0.71387 0.72524 0.71387 0.72524 0.58105
0 0.78656 0.58203 0.78656 0.71387 0.84434 0.71387 0.84434 0.58203
0 0.90802 0.58301 0.90802 0.71191 0.96462 0.71191 0.96462 0.58301
1 0.16863 0.81836 0.16863 0.99316 0.22995 0.99316 0.22995 0.81836
