0 0.13173 0.18848 0.13173 0.27051 0.23826 0.27051 0.23826 0.18848
0 0.33562 0.19043 0.33562 0.27246 0.44215 0.27246 0.44215 0.19043
0 0.53952 0.19238 0.53952 0.27246 0.64605 0.27246 0.64605 0.19238
0 0.73769 0.19141 0.73769 0.27051 0.8488 0.27051 0.8488 0.19141
0 0.1386 0.36426 0.1386 0.47559 0.24971 0.47559 0.24971 0.36426
0 0.34593 0.36328 0.34593 0.47461 0.45819 0.47461 0.45819 0.36328
0 0.55785 0.36426 0.55785 0.47266 0.66896 0.47266 0.66896 0.36426
0 0.76632 0.36328 0.76632 0.47461 0.87973 0.47461 0.87973 0.36328
0 0.13975 0.56445 0.13975 0.6748 0.252 0.6748 0.252 0.56445
0 0.34937 0.56641 0.34937 0.67383 0.45934 0.67383 0.45934 0.56641
0 0.55785 0.56641 0.55785 0.6748 0.66667 0.6748 0.66667 0.56641
0 0.76747 0.56641 0.76747 0.67676 0.87858 0.67676 0.87858 0.56641
0 0.75258 0.0029297 0.75258 0.032227 0.82131 0.032227 0.82131 0.0029297
0 0.55097 0.0039062 0.55097 0.033203 0.6197 0.033203 0.6197 0.0039062
0 0.11111 0.77539 0.11111 0.97461 0.27148 0.97461 0.27148 0.77539
0 0.31042 0.77441 0.31042 0.97363 0.47079 0.97363 0.47079 0.77441
0 0.51317 0.77441 0.51317 0.97363 0.67354 0.97363 0.67354 0.77441
0 0.71249 0.77441 0.71249 0.97266 0.86827 0.97266 0.86827 0.77441
0 0.9118 0.81348 0.9118 0.97266 0.96105 0.97266 0.96105 0.81348
0 0.0252 0.81543 0.0252 0.97461 0.071019 0.97461 0.071019 0.81543
0 0.36655 0.047852 0.36655 0.075195 0.40779 0.075195 0.40779 0.047852
0 0.56586 0.049805 0.56586 0.077148 0.60367 0.077148 0.60367 0.049805
0 0.76632 0.049805 0.76632 0.076172 0.80412 0.076172 0.80412 0.049805
