0 0.053681 0.1084 0.053681 0.17188 0.11963 0.17188 0.11963 0.1084
0 0.18405 0.10938 0.18405 0.17188 0.25 0.17188 0.25 0.10938
0 0.053681 0.24219 0.053681 0.32227 0.11963 0.32227 0.11963 0.24219
0 0.18558 0.24316 0.18558 0.32129 0.24847 0.32129 0.24847 0.24316
0 0.31288 0.24414 0.31288 0.32227 0.3773 0.32227 0.3773 0.24414
0 0.44632 0.24512 0.44632 0.32227 0.5092 0.32227 0.5092 0.24512
0 0.31442 0.10938 0.31442 0.17188 0.37883 0.17188 0.37883 0.10938
0 0.44632 0.11035 0.44632 0.17188 0.5092 0.17188 0.5092 0.11035
0 0.57362 0.10938 0.57362 0.17285 0.63804 0.17285 0.63804 0.10938
0 0.70092 0.11035 0.70092 0.1709 0.76534 0.1709 0.76534 0.11035
0 0.57515 0.24512 0.57515 0.32324 0.63804 0.32324 0.63804 0.24512
0 0.70399 0.24512 0.70399 0.32324 0.76534 0.32324 0.76534 0.24512
0 0.83282 0.11035 0.83282 0.17188 0.89877 0.17188 0.89877 0.11035
0 0.83436 0.24609 0.83436 0.32227 0.89724 0.32227 0.89724 0.24609
0 0.18405 0.40234 0.18405 0.48242 0.25153 0.48242 0.25153 0.40234
0 0.31288 0.40332 0.31288 0.4834 0.38037 0.4834 0.38037 0.40332
0 0.052147 0.40137 0.052147 0.48242 0.12117 0.48242 0.12117 0.40137
0 0.055215 0.56055 0.055215 0.64746 0.11963 0.64746 0.11963 0.56055
0 0.18558 0.55957 0.18558 0.63379 0.25153 0.63379 0.25153 0.55957
0 0.44632 0.40234 0.44632 0.48242 0.51074 0.48242 0.51074 0.40234
0 0.57515 0.40234 0.57515 0.48145 0.63957 0.48145 0.63957 0.40234
0 0.70552 0.40234 0.70552 0.48145 0.77147 0.48145 0.77147 0.40234
0 0.83436 0.40332 0.83436 0.48242 0.90031 0.48242 0.90031 0.40332
0 0.70706 0.56055 0.70706 0.64844 0.77147 0.64844 0.77147 0.56055
0 0.83589 0.56055 0.83589 0.64746 0.90031 0.64746 0.90031 0.56055
0 0.04908 0.72852 0.04908 0.80664 0.11656 0.80664 0.11656 0.72852
0 0.18558 0.72949 0.18558 0.80469 0.25153 0.80469 0.25153 0.72949
0 0.31288 0.56152 0.31288 0.64746 0.38037 0.64746 0.38037 0.56152
0 0.44632 0.56152 0.44632 0.64746 0.51074 0.64746 0.51074 0.56152
0 0.31595 0.72949 0.31595 0.80469 0.3819 0.80469 0.3819 0.72949
0 0.44785 0.72852 0.44785 0.80469 0.51227 0.80469 0.51227 0.72852
0 0.57669 0.55957 0.57669 0.63477 0.64417 0.63477 0.64417 0.55957
0 0.57669 0.72852 0.57669 0.80469 0.6411 0.80469 0.6411 0.72852
0 0.70859 0.72852 0.70859 0.80469 0.77301 0.80469 0.77301 0.72852
0 0.83589 0.72656 0.83589 0.80273 0.90644 0.80273 0.90644 0.72656
1 0.82055 0.86719 0.82055 0.99902 0.92178 0.99902 0.92178 0.86719
