0 0.42969 0.78809 0.42969 0.85059 0.46094 0.85059 0.46094 0.78809
0 0.1901 0.66113 0.1901 0.75879 0.26042 0.75879 0.26042 0.66113
0 0.1901 0.78613 0.1901 0.84961 0.23307 0.84961 0.23307 0.78613
0 0.28776 0.78613 0.28776 0.84961 0.32943 0.84961 0.32943 0.78613
0 0.38151 0.78711 0.38151 0.85059 0.41276 0.85059 0.41276 0.78711
1 0.28125 0.88184 0.28125 0.96582 0.33724 0.96582 0.33724 0.88184
0 0.58724 0.78711 0.58724 0.85059 0.61849 0.85059 0.61849 0.78711
0 0.19271 0.31348 0.19271 0.37305 0.26042 0.37305 0.26042 0.31348
0 0.19141 0.42578 0.19141 0.49023 0.26042 0.49023 0.26042 0.42578
0 0.35156 0.31348 0.35156 0.37305 0.3737 0.37305 0.3737 0.31348
0 0.38672 0.31348 0.38672 0.37402 0.42578 0.37402 0.42578 0.31348
0 0.4388 0.31348 0.4388 0.37305 0.46094 0.37305 0.46094 0.31348
0 0.35156 0.42773 0.35156 0.49121 0.3737 0.49121 0.3737 0.42773
0 0.38802 0.42773 0.38802 0.49121 0.42448 0.49121 0.42448 0.42773
0 0.4388 0.42773 0.4388 0.49121 0.46094 0.49121 0.46094 0.42773
0 0.55208 0.31543 0.55208 0.37402 0.62109 0.37402 0.62109 0.31543
0 0.55208 0.42676 0.55208 0.49121 0.6224 0.49121 0.6224 0.42676
0 0.55208 0.54297 0.55208 0.63574 0.62109 0.63574 0.62109 0.54297
0 0.55208 0.66309 0.55208 0.75488 0.62109 0.75488 0.62109 0.66309
0 0.53776 0.78809 0.53776 0.85059 0.57031 0.85059 0.57031 0.78809
0 0.19141 0.54102 0.19141 0.63574 0.26042 0.63574 0.26042 0.54102
0 0.40495 0.52539 0.40495 0.59863 0.44531 0.59863 0.44531 0.52539
0 0.40365 0.65137 0.40365 0.72461 0.44531 0.72461 0.44531 0.65137
0 0.45833 0.52832 0.45833 0.60547 0.47396 0.60547 0.47396 0.52832
0 0.35677 0.52832 0.35677 0.60645 0.38542 0.60645 0.38542 0.52832
0 0.35677 0.6543 0.35677 0.72852 0.38672 0.72852 0.38672 0.6543
0 0.45833 0.65332 0.45833 0.72949 0.47396 0.72949 0.47396 0.65332
0 0.77995 0.46973 0.77995 0.5293 0.82422 0.5293 0.82422 0.46973
0 0.77604 0.58691 0.77604 0.64062 0.82943 0.64062 0.82943 0.58691
0 0.78255 0.34863 0.78255 0.40723 0.82682 0.40723 0.82682 0.34863
0 0.77604 0.70703 0.77604 0.76367 0.82552 0.76367 0.82552 0.70703
0 0.0091146 0.45508 0.0091146 0.51562 0.076823 0.51562 0.076823 0.45508
0 0.048177 0.34668 0.048177 0.40527 0.079427 0.40527 0.079427 0.34668
0 0.0052083 0.3457 0.0052083 0.4043 0.036458 0.4043 0.036458 0.3457
0 0.0091146 0.56738 0.0091146 0.62793 0.076823 0.62793 0.076823 0.56738
