0 0.17131 0.10742 0.17131 0.19531 0.23904 0.19531 0.23904 0.10742
0 0.35591 0.10352 0.35591 0.19043 0.41169 0.19043 0.41169 0.10352
0 0.43161 0.10352 0.43161 0.19141 0.48738 0.19141 0.48738 0.10352
0 0.50465 0.10645 0.50465 0.19336 0.56042 0.19336 0.56042 0.10645
0 0.57769 0.10645 0.57769 0.19434 0.63347 0.19434 0.63347 0.10645
0 0.749 0.1084 0.749 0.2002 0.81806 0.2002 0.81806 0.1084
0 0.17131 0.23926 0.17131 0.33496 0.24303 0.33496 0.24303 0.23926
0 0.3838 0.2373 0.3838 0.33301 0.45551 0.33301 0.45551 0.2373
0 0.53652 0.23926 0.53652 0.33496 0.60823 0.33496 0.60823 0.23926
0 0.74768 0.24414 0.74768 0.33984 0.81806 0.33984 0.81806 0.24414
0 0.17264 0.37793 0.17264 0.48242 0.24967 0.48242 0.24967 0.37793
0 0.3838 0.375 0.3838 0.47949 0.46082 0.47949 0.46082 0.375
0 0.53386 0.37695 0.53386 0.48145 0.61089 0.48145 0.61089 0.37695
0 0.74104 0.38184 0.74104 0.48633 0.81806 0.48633 0.81806 0.38184
0 0.53254 0.52539 0.53254 0.64648 0.61487 0.64648 0.61487 0.52539
0 0.73971 0.52734 0.73971 0.64844 0.82337 0.64844 0.82337 0.52734
0 0.73838 0.68848 0.73838 0.80957 0.82205 0.80957 0.82205 0.68848
0 0.37981 0.52441 0.37981 0.64551 0.46348 0.64551 0.46348 0.52441
0 0.46348 0.6875 0.46348 0.81836 0.52855 0.81836 0.52855 0.6875
0 0.55378 0.68848 0.55378 0.81543 0.59363 0.81543 0.59363 0.68848
0 0.40505 0.68848 0.40505 0.81543 0.44489 0.81543 0.44489 0.68848
1 0.42629 0.85938 0.42629 0.99707 0.56839 0.99707 0.56839 0.85938
