0 0.15529 0.087891 0.15529 0.14844 0.18771 0.14844 0.18771 0.087891
0 0.11263 0.089844 0.11263 0.15039 0.14505 0.15039 0.14505 0.089844
0 0.068259 0.09082 0.068259 0.15137 0.098976 0.15137 0.098976 0.09082
0 0.25256 0.086914 0.25256 0.14746 0.28328 0.14746 0.28328 0.086914
0 0.29863 0.086914 0.29863 0.14746 0.32935 0.14746 0.32935 0.086914
0 0.343 0.085938 0.343 0.14648 0.37543 0.14648 0.37543 0.085938
0 0.44198 0.084961 0.44198 0.14551 0.4744 0.14551 0.4744 0.084961
0 0.48464 0.085938 0.48464 0.14648 0.51536 0.14648 0.51536 0.085938
0 0.53584 0.083984 0.53584 0.14453 0.56655 0.14453 0.56655 0.083984
0 0.63311 0.084961 0.63311 0.14551 0.66382 0.14551 0.66382 0.084961
0 0.67747 0.084961 0.67747 0.14551 0.70819 0.14551 0.70819 0.084961
0 0.72355 0.084961 0.72355 0.14551 0.75597 0.14551 0.75597 0.084961
0 0.06314 0.19531 0.06314 0.25977 0.093857 0.25977 0.093857 0.19531
0 0.10922 0.19336 0.10922 0.25977 0.13823 0.25977 0.13823 0.19336
0 0.15358 0.19336 0.15358 0.25977 0.18259 0.25977 0.18259 0.19336
0 0.24232 0.19238 0.24232 0.25879 0.27986 0.25879 0.27986 0.19238
0 0.29181 0.19141 0.29181 0.25781 0.32935 0.25781 0.32935 0.19141
0 0.33447 0.18945 0.33447 0.25586 0.37031 0.25586 0.37031 0.18945
0 0.43345 0.18945 0.43345 0.25684 0.46928 0.25684 0.46928 0.18945
0 0.48123 0.18848 0.48123 0.25586 0.51706 0.25586 0.51706 0.18848
0 0.52389 0.18945 0.52389 0.25586 0.56143 0.25586 0.56143 0.18945
0 0.72014 0.19043 0.72014 0.25684 0.75597 0.25684 0.75597 0.19043
0 0.67235 0.18945 0.67235 0.25586 0.70819 0.25586 0.70819 0.18945
0 0.62628 0.18848 0.62628 0.25586 0.66382 0.25586 0.66382 0.18848
0 0.81741 0.19141 0.81741 0.25781 0.85495 0.25781 0.85495 0.19141
0 0.86519 0.19238 0.86519 0.25879 0.90102 0.25879 0.90102 0.19238
0 0.91297 0.19141 0.91297 0.25781 0.94881 0.25781 0.94881 0.19141
0 0.91126 0.29785 0.91126 0.36523 0.9471 0.36523 0.9471 0.29785
0 0.86519 0.29883 0.86519 0.36719 0.90102 0.36719 0.90102 0.29883
0 0.8157 0.29785 0.8157 0.36621 0.85154 0.36621 0.85154 0.29785
0 0.71843 0.29688 0.71843 0.36523 0.75427 0.36523 0.75427 0.29688
0 0.67235 0.29688 0.67235 0.36523 0.7099 0.36523 0.7099 0.29688
0 0.62287 0.29785 0.62287 0.36523 0.66041 0.36523 0.66041 0.29785
0 0.52389 0.29688 0.52389 0.36523 0.55973 0.36523 0.55973 0.29688
0 0.47782 0.29785 0.47782 0.36621 0.51365 0.36621 0.51365 0.29785
0 0.43174 0.29688 0.43174 0.36523 0.46758 0.36523 0.46758 0.29688
0 0.33447 0.29785 0.33447 0.36621 0.37201 0.36621 0.37201 0.29785
0 0.28669 0.29785 0.28669 0.36621 0.32423 0.36621 0.32423 0.29785
0 0.24403 0.29883 0.24403 0.36719 0.27986 0.36719 0.27986 0.29883
0 0.1041 0.30176 0.1041 0.36719 0.13652 0.36719 0.13652 0.30176
0 0.14676 0.30078 0.14676 0.36621 0.17918 0.36621 0.17918 0.30078
0 0.059727 0.30078 0.059727 0.36621 0.093857 0.36621 0.093857 0.30078
0 0.05802 0.4082 0.05802 0.47363 0.090444 0.47363 0.090444 0.4082
0 0.098976 0.4082 0.098976 0.47461 0.13481 0.47461 0.13481 0.4082
0 0.14676 0.4082 0.14676 0.47559 0.18089 0.47559 0.18089 0.4082
0 0.23891 0.4082 0.23891 0.47461 0.27474 0.47461 0.27474 0.4082
0 0.28669 0.40723 0.28669 0.47461 0.32253 0.47461 0.32253 0.40723
0 0.33106 0.40723 0.33106 0.47461 0.36689 0.47461 0.36689 0.40723
0 0.43174 0.4082 0.43174 0.47559 0.46587 0.47559 0.46587 0.4082
0 0.47611 0.40625 0.47611 0.47461 0.51024 0.47461 0.51024 0.40625
0 0.5273 0.40625 0.5273 0.47461 0.56143 0.47461 0.56143 0.40625
0 0.62287 0.40723 0.62287 0.47461 0.657 0.47461 0.657 0.40723
0 0.66894 0.40625 0.66894 0.47461 0.70307 0.47461 0.70307 0.40625
0 0.71672 0.4082 0.71672 0.47559 0.75256 0.47559 0.75256 0.4082
0 0.8157 0.40723 0.8157 0.47461 0.85154 0.47461 0.85154 0.40723
0 0.86348 0.40625 0.86348 0.47461 0.89932 0.47461 0.89932 0.40625
0 0.91297 0.40625 0.91297 0.47461 0.94881 0.47461 0.94881 0.40625
0 0.91297 0.51758 0.91297 0.58496 0.9471 0.58496 0.9471 0.51758
0 0.86519 0.51758 0.86519 0.58496 0.89932 0.58496 0.89932 0.51758
0 0.8157 0.51758 0.8157 0.58496 0.85154 0.58496 0.85154 0.51758
0 0.71502 0.5166 0.71502 0.58398 0.74915 0.58398 0.74915 0.5166
0 0.67065 0.5166 0.67065 0.58398 0.70478 0.58398 0.70478 0.5166
0 0.62457 0.51758 0.62457 0.58496 0.6587 0.58496 0.6587 0.51758
0 0.52218 0.51758 0.52218 0.58496 0.55802 0.58496 0.55802 0.51758
0 0.4744 0.51562 0.4744 0.58301 0.51024 0.58301 0.51024 0.51562
0 0.42833 0.51758 0.42833 0.58496 0.46416 0.58496 0.46416 0.51758
0 0.33447 0.51758 0.33447 0.58496 0.37031 0.58496 0.37031 0.51758
0 0.28498 0.51758 0.28498 0.58496 0.32082 0.58496 0.32082 0.51758
0 0.23891 0.51758 0.23891 0.58496 0.27304 0.58496 0.27304 0.51758
0 0.14676 0.51758 0.14676 0.58496 0.18089 0.58496 0.18089 0.51758
0 0.10239 0.51562 0.10239 0.58301 0.13823 0.58301 0.13823 0.51562
0 0.054608 0.51562 0.054608 0.58301 0.090444 0.58301 0.090444 0.51562
0 0.91126 0.62695 0.91126 0.69043 0.94539 0.69043 0.94539 0.62695
0 0.86348 0.62695 0.86348 0.69141 0.89761 0.69141 0.89761 0.62695
0 0.81741 0.62695 0.81741 0.69141 0.85324 0.69141 0.85324 0.62695
0 0.71672 0.62598 0.71672 0.69043 0.75085 0.69043 0.75085 0.62598
0 0.67065 0.62695 0.67065 0.69043 0.70648 0.69043 0.70648 0.62695
0 0.62116 0.62598 0.62116 0.69043 0.657 0.69043 0.657 0.62598
0 0.52218 0.625 0.52218 0.68945 0.55631 0.68945 0.55631 0.625
0 0.47782 0.625 0.47782 0.68945 0.51365 0.68945 0.51365 0.625
0 0.42833 0.625 0.42833 0.68945 0.46416 0.68945 0.46416 0.625
0 0.32935 0.62402 0.32935 0.68848 0.36348 0.68848 0.36348 0.62402
0 0.28498 0.62402 0.28498 0.68848 0.31911 0.68848 0.31911 0.62402
0 0.23891 0.62402 0.23891 0.68848 0.27474 0.68848 0.27474 0.62402
0 0.10239 0.62402 0.10239 0.6875 0.13652 0.6875 0.13652 0.62402
0 0.054608 0.62402 0.054608 0.6875 0.088737 0.6875 0.088737 0.62402
0 0.14676 0.62305 0.14676 0.6875 0.17747 0.6875 0.17747 0.62305
0 0.095563 0.74609 0.095563 0.81543 0.13823 0.81543 0.13823 0.74609
0 0.042662 0.74609 0.042662 0.81543 0.085324 0.81543 0.085324 0.74609
0 0.14676 0.74512 0.14676 0.81641 0.17065 0.81641 0.17065 0.74512
0 0.33618 0.74707 0.33618 0.81934 0.36007 0.81934 0.36007 0.74707
0 0.5256 0.74805 0.5256 0.81934 0.54949 0.81934 0.54949 0.74805
0 0.72184 0.75 0.72184 0.82129 0.74573 0.82129 0.74573 0.75
0 0.28328 0.74609 0.28328 0.81641 0.32594 0.81641 0.32594 0.74609
0 0.22526 0.74512 0.22526 0.81543 0.26792 0.81543 0.26792 0.74512
0 0.41126 0.74902 0.41126 0.81934 0.45392 0.81934 0.45392 0.74902
0 0.4727 0.74902 0.4727 0.81934 0.51536 0.81934 0.51536 0.74902
0 0.66212 0.74902 0.66212 0.81934 0.70478 0.81934 0.70478 0.74902
0 0.6041 0.74805 0.6041 0.81836 0.64676 0.81836 0.64676 0.74805
0 0.80375 0.75098 0.80375 0.82129 0.84642 0.82129 0.84642 0.75098
0 0.85666 0.75 0.85666 0.82031 0.89761 0.82031 0.89761 0.75
0 0.9198 0.74805 0.9198 0.81934 0.94369 0.81934 0.94369 0.74805
0 0.91126 0.085938 0.91126 0.14648 0.94369 0.14648 0.94369 0.085938
0 0.82594 0.085938 0.82594 0.14551 0.90273 0.14551 0.90273 0.085938
