0 0.14597 0.21875 0.14597 0.33984 0.2484 0.33984 0.2484 0.21875
0 0.3726 0.21777 0.3726 0.33887 0.47631 0.33887 0.47631 0.21777
0 0.65045 0.2168 0.65045 0.33789 0.75416 0.33789 0.75416 0.2168
0 0.92574 0.21387 0.92574 0.33496 0.9936 0.33496 0.9936 0.21387
0 0.13316 0.4834 0.13316 0.6123 0.24456 0.6123 0.24456 0.4834
0 0.37004 0.48438 0.37004 0.61328 0.48143 0.61328 0.48143 0.48438
0 0.93086 0.48145 0.93086 0.61035 0.98976 0.61035 0.98976 0.48145
0 0.36236 0.77832 0.36236 0.8916 0.49168 0.8916 0.49168 0.77832
0 0.64405 0.48828 0.64405 0.62109 0.77593 0.62109 0.77593 0.48828
0 0.137 0.7793 0.137 0.89551 0.24328 0.89551 0.24328 0.7793
0 0.93086 0.7793 0.93086 0.89258 0.99232 0.89258 0.99232 0.7793
1 0.58771 0.71777 0.58771 0.95996 0.82586 0.95996 0.82586 0.71777
