0 0.47526 0.77539 0.47526 0.81445 0.49219 0.81445 0.49219 0.77539
0 0.5026 0.76953 0.5026 0.81445 0.53255 0.81445 0.53255 0.76953
0 0.54167 0.77344 0.54167 0.81543 0.5612 0.81543 0.5612 0.77344
0 0.70182 0.90625 0.70182 0.98145 0.7474 0.98145 0.7474 0.90625
1 0.47656 0.84082 0.47656 0.96973 0.56771 0.96973 0.56771 0.84082
0 0.22656 0.25684 0.22656 0.33203 0.27214 0.33203 0.27214 0.25684
0 0.29167 0.25586 0.29167 0.33203 0.33724 0.33203 0.33724 0.25586
0 0.46615 0.25879 0.46615 0.33496 0.51172 0.33496 0.51172 0.25879
0 0.53125 0.25879 0.53125 0.33398 0.57682 0.33398 0.57682 0.25879
0 0.69271 0.25781 0.69271 0.33203 0.7513 0.33203 0.7513 0.25781
0 0.8724 0.25488 0.8724 0.33203 0.92057 0.33203 0.92057 0.25488
0 0.53125 0.4248 0.53125 0.50391 0.57682 0.50391 0.57682 0.4248
0 0.46615 0.42578 0.46615 0.50488 0.51302 0.50488 0.51302 0.42578
0 0.8737 0.42188 0.8737 0.50195 0.92057 0.50195 0.92057 0.42188
0 0.69401 0.4248 0.69401 0.50293 0.7526 0.50293 0.7526 0.4248
0 0.69661 0.089844 0.69661 0.16797 0.75521 0.16797 0.75521 0.089844
0 0.53125 0.089844 0.53125 0.1709 0.57943 0.1709 0.57943 0.089844
0 0.46484 0.089844 0.46484 0.1709 0.51302 0.1709 0.51302 0.089844
0 0.2526 0.085938 0.2526 0.16992 0.3112 0.16992 0.3112 0.085938
0 0.8737 0.084961 0.8737 0.16602 0.92188 0.16602 0.92188 0.084961
0 0.9388 0.084961 0.9388 0.16602 0.98698 0.16602 0.98698 0.084961
0 0.22135 0.5918 0.22135 0.67285 0.26953 0.67285 0.26953 0.5918
0 0.28646 0.59277 0.28646 0.67383 0.33464 0.67383 0.33464 0.59277
0 0.22135 0.76367 0.22135 0.84863 0.26693 0.84863 0.26693 0.76367
0 0.28516 0.76367 0.28516 0.84863 0.33203 0.84863 0.33203 0.76367
0 0.46484 0.59473 0.46484 0.67578 0.51042 0.67578 0.51042 0.59473
0 0.52865 0.59473 0.52865 0.67578 0.57422 0.67578 0.57422 0.59473
0 0.69271 0.59375 0.69271 0.67676 0.7526 0.67676 0.7526 0.59375
0 0.69271 0.76367 0.69271 0.84766 0.7513 0.84766 0.7513 0.76367
0 0.23307 0.90723 0.23307 0.97754 0.3151 0.97754 0.3151 0.90723
0 0.22786 0.42188 0.22786 0.50293 0.33203 0.50293 0.33203 0.42188
0 0.86979 0.5918 0.86979 0.6748 0.92969 0.6748 0.92969 0.5918
0 0.045573 0.23438 0.045573 0.32129 0.08724 0.32129 0.08724 0.23438
0 0.042969 0.43164 0.042969 0.48438 0.084635 0.48438 0.084635 0.43164
0 0.042969 0.39551 0.042969 0.42676 0.084635 0.42676 0.084635 0.39551
