0 0.46644 0.42968 0.46644 0.51932 0.53188 0.51932 0.53188 0.42968
0 0.25168 0.43586 0.25168 0.51623 0.31376 0.51623 0.31376 0.43586
0 0.07047 0.4374 0.07047 0.51777 0.13255 0.51777 0.13255 0.4374
0 0.24832 0.57651 0.24832 0.66461 0.30872 0.66461 0.30872 0.57651
0 0.062081 0.57342 0.062081 0.66151 0.12248 0.66151 0.12248 0.57342
0 0.4698 0.57805 0.4698 0.66615 0.5302 0.66615 0.5302 0.57805
0 0.8943 0.42504 0.8943 0.51468 0.95805 0.51468 0.95805 0.42504
0 0.90436 0.57651 0.90436 0.66306 0.96477 0.66306 0.96477 0.57651
0 0.058725 0.72025 0.058725 0.80835 0.11913 0.80835 0.11913 0.72025
0 0.24497 0.7187 0.24497 0.80835 0.30537 0.80835 0.30537 0.7187
0 0.4698 0.72488 0.4698 0.81298 0.5302 0.81298 0.5302 0.72488
0 0.90604 0.72334 0.90604 0.81298 0.96644 0.81298 0.96644 0.72334
0 0.09396 0.30603 0.09396 0.34776 0.13423 0.34776 0.13423 0.30603
0 0.27181 0.30139 0.27181 0.34312 0.31208 0.34312 0.31208 0.30139
0 0.69295 0.29521 0.69295 0.35394 0.73658 0.35394 0.73658 0.29521
0 0.66275 0.43895 0.66275 0.53014 0.70805 0.53014 0.70805 0.43895
0 0.7198 0.43431 0.7198 0.5255 0.76678 0.5255 0.76678 0.43431
0 0.7198 0.59042 0.7198 0.66615 0.7651 0.66615 0.7651 0.59042
0 0.66107 0.59042 0.66107 0.68624 0.70973 0.68624 0.70973 0.59042
0 0.66443 0.7357 0.66443 0.80062 0.70805 0.80062 0.70805 0.7357
0 0.72483 0.73725 0.72483 0.80216 0.76846 0.80216 0.76846 0.73725
0 0.47987 0.29366 0.47987 0.34003 0.52349 0.34003 0.52349 0.29366
0 0.89597 0.29057 0.89597 0.33694 0.94295 0.33694 0.94295 0.29057
