0 0.13574 0.18316 0.13574 0.32939 0.18652 0.32939 0.18652 0.18316
0 0.26172 0.18464 0.26172 0.32939 0.31348 0.32939 0.31348 0.18464
0 0.3877 0.18316 0.3877 0.32792 0.43848 0.32792 0.43848 0.18316
0 0.51367 0.18464 0.51367 0.32939 0.56445 0.32939 0.56445 0.18464
0 0.6416 0.18316 0.6416 0.32939 0.69336 0.32939 0.69336 0.18316
0 0.13477 0.46233 0.13477 0.62186 0.18555 0.62186 0.18555 0.46233
0 0.25977 0.46381 0.25977 0.62334 0.31152 0.62334 0.31152 0.46381
0 0.38672 0.46381 0.38672 0.62334 0.43848 0.62334 0.43848 0.46381
0 0.51465 0.46233 0.51465 0.62186 0.56641 0.62186 0.56641 0.46233
0 0.6416 0.46381 0.6416 0.62334 0.69336 0.62334 0.69336 0.46381
0 0.89355 0.21418 0.89355 0.32053 0.94336 0.32053 0.94336 0.21418
0 0.84082 0.21418 0.84082 0.32053 0.88574 0.32053 0.88574 0.21418
0 0.89551 0.45495 0.89551 0.56425 0.94336 0.56425 0.94336 0.45495
0 0.84375 0.45495 0.84375 0.56425 0.88477 0.56425 0.88477 0.45495
1 0.5 0.75628 0.5 0.94978 0.57422 0.94978 0.57422 0.75628
