0 0.10141 0.25391 0.10141 0.34473 0.16365 0.34473 0.16365 0.25391
0 0.25602 0.25391 0.25602 0.34473 0.31727 0.34473 0.31727 0.25391
0 0.46486 0.25293 0.46486 0.34473 0.52711 0.34473 0.52711 0.25293
0 0.68273 0.25488 0.68273 0.3457 0.74498 0.3457 0.74498 0.25488
0 0.83936 0.25293 0.83936 0.34375 0.90161 0.34375 0.90161 0.25293
0 0.83534 0.10938 0.83534 0.20117 0.89759 0.20117 0.89759 0.10938
0 0.68173 0.10938 0.68173 0.2002 0.74297 0.2002 0.74297 0.10938
0 0.46787 0.10938 0.46787 0.2002 0.53012 0.2002 0.53012 0.10938
0 0.25803 0.11133 0.25803 0.20215 0.31928 0.20215 0.31928 0.11133
0 0.10542 0.11328 0.10542 0.2041 0.16667 0.2041 0.16667 0.11328
0 0.25602 0.39648 0.25602 0.49609 0.31928 0.49609 0.31928 0.39648
0 0.10542 0.39746 0.10542 0.49707 0.16767 0.49707 0.16767 0.39746
0 0.46888 0.39551 0.46888 0.49512 0.53213 0.49512 0.53213 0.39551
0 0.68173 0.39648 0.68173 0.49609 0.74398 0.49609 0.74398 0.39648
0 0.84036 0.39746 0.84036 0.49707 0.90361 0.49707 0.90361 0.39746
0 0.1004 0.55371 0.1004 0.66113 0.16867 0.66113 0.16867 0.55371
0 0.25301 0.55469 0.25301 0.66211 0.32129 0.66211 0.32129 0.55469
0 0.46486 0.55859 0.46486 0.65625 0.53715 0.65625 0.53715 0.55859
0 0.68173 0.55469 0.68173 0.66211 0.75301 0.66211 0.75301 0.55469
0 0.83635 0.55371 0.83635 0.66211 0.90663 0.66211 0.90663 0.55371
0 0.84438 0.70508 0.84438 0.8125 0.90361 0.8125 0.90361 0.70508
0 0.68373 0.70605 0.68373 0.81445 0.74297 0.81445 0.74297 0.70605
0 0.25904 0.70508 0.25904 0.81348 0.31727 0.81348 0.31727 0.70508
0 0.10542 0.70508 0.10542 0.8125 0.16466 0.8125 0.16466 0.70508
1 0.4247 0.75781 0.4247 0.99512 0.57932 0.99512 0.57932 0.75781
