0 0.11035 0.285 0.11035 0.39875 0.15918 0.39875 0.15918 0.285
0 0.25 0.28875 0.25 0.40125 0.2998 0.40125 0.2998 0.28875
0 0.36816 0.28875 0.36816 0.40125 0.41699 0.40125 0.41699 0.28875
0 0.1123 0.495 0.1123 0.61 0.16016 0.61 0.16016 0.495
0 0.25098 0.49625 0.25098 0.61 0.29883 0.61 0.29883 0.49625
0 0.36914 0.49625 0.36914 0.61 0.41797 0.61 0.41797 0.49625
0 0.48535 0.28625 0.48535 0.4 0.53516 0.4 0.53516 0.28625
0 0.60449 0.28625 0.60449 0.4 0.65332 0.4 0.65332 0.28625
0 0.74512 0.28125 0.74512 0.3975 0.79297 0.3975 0.79297 0.28125
0 0.48438 0.495 0.48438 0.61 0.53418 0.61 0.53418 0.495
0 0.60352 0.495 0.60352 0.61 0.65234 0.61 0.65234 0.495
0 0.74316 0.49375 0.74316 0.60875 0.79199 0.60875 0.79199 0.49375
0 0.48438 0.69625 0.48438 0.81375 0.5332 0.81375 0.5332 0.69625
0 0.60254 0.695 0.60254 0.815 0.65234 0.815 0.65234 0.695
0 0.74121 0.69375 0.74121 0.8125 0.79102 0.8125 0.79102 0.69375
0 0.1123 0.69625 0.1123 0.81375 0.16113 0.81375 0.16113 0.69625
0 0.25 0.6975 0.25 0.81375 0.29883 0.81375 0.29883 0.6975
0 0.36719 0.6975 0.36719 0.8125 0.41699 0.8125 0.41699 0.6975
0 0.25488 0.20875 0.25488 0.23875 0.2959 0.23875 0.2959 0.20875
0 0.11719 0.20625 0.11719 0.2375 0.15723 0.2375 0.15723 0.20625
0 0.37305 0.2075 0.37305 0.24125 0.41309 0.24125 0.41309 0.2075
0 0.49023 0.20625 0.49023 0.24 0.53027 0.24 0.53027 0.20625
0 0.60938 0.205 0.60938 0.23875 0.64941 0.23875 0.64941 0.205
0 0.74902 0.19875 0.74902 0.235 0.79395 0.235 0.79395 0.19875
0 0.91602 0.2325 0.91602 0.255 0.94238 0.255 0.94238 0.2325
0 0.56055 0.89625 0.56055 0.995 0.60938 0.995 0.60938 0.89625
0 0.73633 0.89625 0.73633 0.995 0.78516 0.995 0.78516 0.89625
0 0.29199 0.89625 0.29199 0.995 0.34082 0.995 0.34082 0.89625
0 0.1123 0.8975 0.1123 0.99625 0.16113 0.99625 0.16113 0.8975
