0 0.057617 0.43236 0.057617 0.62204 0.15039 0.62204 0.15039 0.43236
0 0.25293 0.43236 0.25293 0.62204 0.34473 0.62204 0.34473 0.43236
0 0.44629 0.44073 0.44629 0.6318 0.53809 0.6318 0.53809 0.44073
0 0.63574 0.44491 0.63574 0.63598 0.72754 0.63598 0.72754 0.44491
0 0.80176 0.4477 0.80176 0.63459 0.88477 0.63459 0.88477 0.4477
0 0.79395 0.089261 0.79395 0.2622 0.87695 0.2622 0.87695 0.089261
0 0.63477 0.078103 0.63477 0.25105 0.71777 0.25105 0.71777 0.078103
0 0.44922 0.06834 0.44922 0.24128 0.53223 0.24128 0.53223 0.06834
0 0.25586 0.061367 0.25586 0.23431 0.33887 0.23431 0.33887 0.061367
0 0.071289 0.76151 0.071289 0.87587 0.14062 0.87587 0.14062 0.76151
0 0.26465 0.76709 0.26465 0.88145 0.33398 0.88145 0.33398 0.76709
0 0.45996 0.77127 0.45996 0.88563 0.53027 0.88563 0.53027 0.77127
0 0.81738 0.7629 0.81738 0.87727 0.88672 0.87727 0.88672 0.7629
1 0.63184 0.73501 0.63184 0.95955 0.73438 0.95955 0.73438 0.73501
0 0.06543 0.059972 0.06543 0.23291 0.14746 0.23291 0.14746 0.059972
