0 0.037109 0.1289 0.037109 0.23867 0.095703 0.23867 0.095703 0.1289
0 0.18359 0.12689 0.18359 0.23766 0.24219 0.23766 0.24219 0.12689
0 0.33301 0.12588 0.33301 0.23666 0.3916 0.23666 0.3916 0.12588
0 0.48047 0.12487 0.48047 0.23464 0.53906 0.23464 0.53906 0.12487
0 0.62891 0.12991 0.62891 0.23968 0.6875 0.23968 0.6875 0.12991
0 0.77051 0.13394 0.77051 0.24371 0.82812 0.24371 0.82812 0.13394
0 0.91406 0.13797 0.91406 0.24874 0.97168 0.24874 0.97168 0.13797
0 0.035156 0.33938 0.035156 0.46022 0.092773 0.46022 0.092773 0.33938
0 0.18164 0.33635 0.18164 0.4572 0.23926 0.4572 0.23926 0.33635
0 0.33301 0.33837 0.33301 0.45921 0.3916 0.45921 0.3916 0.33837
0 0.48242 0.33837 0.48242 0.45921 0.54004 0.45921 0.54004 0.33837
0 0.63184 0.34139 0.63184 0.46224 0.69043 0.46224 0.69043 0.34139
0 0.77734 0.34139 0.77734 0.46224 0.83594 0.46224 0.83594 0.34139
0 0.91602 0.34542 0.91602 0.46727 0.97461 0.46727 0.97461 0.34542
0 0.91504 0.58409 0.91504 0.70896 0.97363 0.70896 0.97363 0.58409
0 0.77539 0.5861 0.77539 0.71198 0.83301 0.71198 0.83301 0.5861
0 0.63281 0.5861 0.63281 0.71198 0.69043 0.71198 0.69043 0.5861
0 0.33301 0.58207 0.33301 0.714 0.39453 0.714 0.39453 0.58207
0 0.18262 0.58308 0.18262 0.71501 0.24414 0.71501 0.24414 0.58308
0 0.033203 0.58308 0.033203 0.71501 0.094727 0.71501 0.094727 0.58308
0 0.47754 0.58308 0.47754 0.70695 0.54102 0.70695 0.54102 0.58308
0 0.18164 0.81873 0.18164 0.92649 0.24512 0.92649 0.24512 0.81873
0 0.040039 0.81772 0.040039 0.92346 0.098633 0.92346 0.098633 0.81772
0 0.32812 0.82175 0.32812 0.93051 0.39453 0.93051 0.39453 0.82175
0 0.625 0.82175 0.625 0.95368 0.69141 0.95368 0.69141 0.82175
0 0.76562 0.81571 0.76562 0.94763 0.83301 0.94763 0.83301 0.81571
1 0.4668 0.8137 0.4668 0.99698 0.54883 0.99698 0.54883 0.8137
