0 0.28447 0.089844 0.28447 0.15332 0.3672 0.15332 0.3672 0.089844
0 0.54572 0.089844 0.54572 0.15332 0.62845 0.15332 0.62845 0.089844
0 0.14949 0.25391 0.14949 0.33691 0.24673 0.33691 0.24673 0.25391
0 0.40784 0.24902 0.40784 0.33203 0.50653 0.33203 0.50653 0.24902
0 0.73585 0.25293 0.73585 0.33594 0.83454 0.33594 0.83454 0.25293
0 0.7402 0.43262 0.7402 0.52539 0.8389 0.52539 0.8389 0.43262
0 0.40348 0.43066 0.40348 0.52344 0.50218 0.52344 0.50218 0.43066
0 0.15239 0.43164 0.15239 0.52441 0.25109 0.52441 0.25109 0.43164
0 0.1553 0.62891 0.1553 0.7207 0.25399 0.7207 0.25399 0.62891
0 0.40348 0.62793 0.40348 0.7207 0.50218 0.7207 0.50218 0.62793
0 0.74311 0.62891 0.74311 0.7207 0.84035 0.7207 0.84035 0.62891
1 0.66763 0.8252 0.66763 0.9707 0.83019 0.9707 0.83019 0.8252
1 0.28012 0.82422 0.28012 0.97168 0.38607 0.97168 0.38607 0.82422
