0 0.2813 0.13393 0.2813 0.19643 0.32075 0.19643 0.32075 0.13393
0 0.14065 0.15848 0.14065 0.18973 0.21441 0.18973 0.21441 0.15848
0 0.71698 0.13393 0.71698 0.19643 0.75643 0.19643 0.75643 0.13393
0 0.81647 0.15848 0.81647 0.18973 0.88336 0.18973 0.88336 0.15848
0 0.16295 0.30804 0.16295 0.42188 0.22298 0.42188 0.22298 0.30804
0 0.36192 0.3058 0.36192 0.41964 0.42024 0.41964 0.42024 0.3058
0 0.16295 0.51339 0.16295 0.6317 0.22127 0.6317 0.22127 0.51339
0 0.36192 0.51339 0.36192 0.6317 0.42196 0.6317 0.42196 0.51339
0 0.16295 0.72321 0.16295 0.84598 0.22298 0.84598 0.22298 0.72321
0 0.36364 0.72321 0.36364 0.84598 0.42367 0.84598 0.42367 0.72321
0 0.49228 0.30804 0.49228 0.41741 0.5506 0.41741 0.5506 0.30804
0 0.62436 0.3058 0.62436 0.41964 0.68096 0.41964 0.68096 0.3058
0 0.55918 0.3058 0.55918 0.45536 0.61578 0.45536 0.61578 0.3058
0 0.80789 0.3192 0.80789 0.41518 0.88165 0.41518 0.88165 0.3192
0 0.81304 0.52455 0.81304 0.62054 0.88679 0.62054 0.88679 0.52455
0 0.8199 0.72545 0.8199 0.83482 0.89365 0.83482 0.89365 0.72545
0 0.54717 0.49554 0.54717 0.62054 0.58491 0.62054 0.58491 0.49554
0 0.59691 0.49107 0.59691 0.6183 0.63636 0.6183 0.63636 0.49107
0 0.64494 0.49554 0.64494 0.62277 0.67238 0.62277 0.67238 0.49554
0 0.50257 0.49777 0.50257 0.625 0.53516 0.625 0.53516 0.49777
0 0.54889 0.70759 0.54889 0.83482 0.58834 0.83482 0.58834 0.70759
0 0.59863 0.70982 0.59863 0.83705 0.63808 0.83705 0.63808 0.70982
0 0.64837 0.71429 0.64837 0.84152 0.67753 0.84152 0.67753 0.71429
0 0.50257 0.71429 0.50257 0.83929 0.53859 0.83929 0.53859 0.71429
0 0.88851 0.32143 0.88851 0.41295 0.91595 0.41295 0.91595 0.32143
0 0.77358 0.3192 0.77358 0.41071 0.80103 0.41071 0.80103 0.3192
0 0.89365 0.52232 0.89365 0.62277 0.92281 0.62277 0.92281 0.52232
0 0.77702 0.52455 0.77702 0.625 0.80617 0.625 0.80617 0.52455
0 0.90223 0.72768 0.90223 0.83036 0.93139 0.83036 0.93139 0.72768
0 0.78388 0.72321 0.78388 0.83482 0.81304 0.83482 0.81304 0.72321
0 0.46998 0.10938 0.46998 0.19866 0.56604 0.19866 0.56604 0.10938
0 0.50257 0.011161 0.50257 0.066964 0.53173 0.066964 0.53173 0.011161
0 0.61407 0.92188 0.61407 0.97545 0.65866 0.97545 0.65866 0.92188
0 0.53345 0.92188 0.53345 0.97768 0.57804 0.97768 0.57804 0.92188
0 0.84563 0.91741 0.84563 0.96875 0.87993 0.96875 0.87993 0.91741
0 0.90051 0.91518 0.90051 0.96652 0.93482 0.96652 0.93482 0.91518
0 0.79417 0.91741 0.79417 0.96875 0.82847 0.96875 0.82847 0.91741
0 0.34305 0.92411 0.34305 0.95536 0.37221 0.95536 0.37221 0.92411
0 0.4048 0.92411 0.4048 0.95536 0.43568 0.95536 0.43568 0.92411
0 0.14923 0.92857 0.14923 0.97991 0.22642 0.97991 0.22642 0.92857
