0 0.17578 0.15646 0.17578 0.2517 0.21094 0.2517 0.21094 0.15646
0 0.29785 0.15782 0.29785 0.25442 0.33301 0.25442 0.33301 0.15782
0 0.3584 0.15918 0.3584 0.25578 0.39453 0.25578 0.39453 0.15918
0 0.43359 0.15782 0.43359 0.25442 0.46875 0.25442 0.46875 0.15782
0 0.49414 0.15782 0.49414 0.25442 0.5293 0.25442 0.5293 0.15782
0 0.56934 0.15918 0.56934 0.25578 0.60547 0.25578 0.60547 0.15918
0 0.62891 0.15782 0.62891 0.25442 0.66406 0.25442 0.66406 0.15782
0 0.70605 0.15646 0.70605 0.25442 0.74121 0.25442 0.74121 0.15646
0 0.76465 0.15646 0.76465 0.25442 0.80078 0.25442 0.80078 0.15646
0 0.29785 0.36327 0.29785 0.45986 0.33398 0.45986 0.33398 0.36327
0 0.35742 0.36327 0.35742 0.46259 0.39258 0.46259 0.39258 0.36327
0 0.43457 0.36327 0.43457 0.46122 0.46973 0.46122 0.46973 0.36327
0 0.49316 0.3619 0.49316 0.46259 0.53027 0.46259 0.53027 0.3619
0 0.56934 0.3619 0.56934 0.46122 0.60645 0.46122 0.60645 0.3619
0 0.62891 0.36054 0.62891 0.46122 0.66309 0.46122 0.66309 0.36054
0 0.17773 0.3619 0.17773 0.46122 0.21289 0.46122 0.21289 0.3619
0 0.70605 0.36054 0.70605 0.45986 0.74121 0.45986 0.74121 0.36054
0 0.76367 0.35918 0.76367 0.45986 0.79883 0.45986 0.79883 0.35918
0 0.17676 0.56871 0.17676 0.67211 0.21289 0.67211 0.21289 0.56871
0 0.29883 0.56735 0.29883 0.67347 0.33398 0.67347 0.33398 0.56735
0 0.36035 0.56735 0.36035 0.67347 0.39551 0.67347 0.39551 0.56735
0 0.43457 0.56871 0.43457 0.67483 0.46973 0.67483 0.46973 0.56871
0 0.49219 0.57007 0.49219 0.67483 0.52832 0.67483 0.52832 0.57007
0 0.56934 0.56871 0.56934 0.67483 0.60449 0.67483 0.60449 0.56871
0 0.62695 0.56735 0.62695 0.67347 0.66211 0.67347 0.66211 0.56735
0 0.70508 0.56735 0.70508 0.67347 0.74023 0.67347 0.74023 0.56735
0 0.76367 0.56871 0.76367 0.67211 0.7998 0.67211 0.7998 0.56871
0 0.056641 0.19048 0.056641 0.27755 0.079102 0.27755 0.079102 0.19048
0 0.057617 0.38503 0.057617 0.4898 0.080078 0.4898 0.080078 0.38503
0 0.056641 0.58367 0.056641 0.68435 0.080078 0.68435 0.080078 0.58367
0 0.85938 0.21769 0.85938 0.31565 0.89551 0.31565 0.89551 0.21769
0 0.91992 0.21497 0.91992 0.31429 0.95605 0.31429 0.95605 0.21497
0 0.86035 0.42041 0.86035 0.51973 0.89746 0.51973 0.89746 0.42041
0 0.91992 0.42041 0.91992 0.51837 0.95801 0.51837 0.95801 0.42041
0 0.86035 0.62449 0.86035 0.73061 0.89648 0.73061 0.89648 0.62449
0 0.9209 0.62313 0.9209 0.73197 0.95801 0.73197 0.95801 0.62313
0 0.15918 0.76871 0.15918 0.89796 0.23242 0.89796 0.23242 0.76871
0 0.31348 0.76871 0.31348 0.89388 0.38379 0.89388 0.38379 0.76871
1 0.45215 0.76871 0.45215 0.97551 0.51855 0.97551 0.51855 0.76871
0 0.056641 0.82041 0.056641 0.91973 0.079102 0.91973 0.079102 0.82041
