0 0.059361 0.094862 0.059361 0.2253 0.10807 0.2253 0.10807 0.094862
0 0.1172 0.092885 0.1172 0.2253 0.16743 0.2253 0.16743 0.092885
0 0.4277 0.083004 0.4277 0.21344 0.47945 0.21344 0.47945 0.083004
0 0.49011 0.081028 0.49011 0.21146 0.54033 0.21146 0.54033 0.081028
0 0.056317 0.34783 0.056317 0.49605 0.10654 0.49605 0.10654 0.34783
0 0.11872 0.3498 0.11872 0.49802 0.16895 0.49802 0.16895 0.3498
0 0.42618 0.34585 0.42618 0.49209 0.47489 0.49209 0.47489 0.34585
0 0.49619 0.34585 0.49619 0.49209 0.5449 0.49209 0.5449 0.34585
0 0.82192 0.34387 0.82192 0.49012 0.87215 0.49012 0.87215 0.34387
0 0.76104 0.34585 0.76104 0.49209 0.81126 0.49209 0.81126 0.34585
0 0.76256 0.098814 0.76256 0.21542 0.80822 0.21542 0.80822 0.098814
0 0.81735 0.098814 0.81735 0.21542 0.86301 0.21542 0.86301 0.098814
0 0.76408 0.61858 0.76408 0.76285 0.81431 0.76285 0.81431 0.61858
0 0.82496 0.6166 0.82496 0.76877 0.87671 0.76877 0.87671 0.6166
0 0.48706 0.62055 0.48706 0.7747 0.54338 0.7747 0.54338 0.62055
0 0.42466 0.62055 0.42466 0.77273 0.47945 0.77273 0.47945 0.62055
0 0.054795 0.62253 0.054795 0.77075 0.10198 0.77075 0.10198 0.62253
0 0.11416 0.62253 0.11416 0.77075 0.16134 0.77075 0.16134 0.62253
0 0.76256 0.88933 0.76256 0.99407 0.80974 0.99407 0.80974 0.88933
0 0.82496 0.88735 0.82496 0.99209 0.87215 0.99209 0.87215 0.88735
0 0.48858 0.89723 0.48858 0.99407 0.53881 0.99407 0.53881 0.89723
0 0.4277 0.89921 0.4277 0.99407 0.47793 0.99407 0.47793 0.89921
0 0.11416 0.8913 0.11416 0.99407 0.16591 0.99407 0.16591 0.8913
0 0.050228 0.88933 0.050228 0.99407 0.10198 0.99407 0.10198 0.88933
