0 0.24219 0.18741 0.24219 0.21477 0.28125 0.21477 0.28125 0.18741
0 0.37305 0.18878 0.37305 0.21614 0.41113 0.21614 0.41113 0.18878
0 0.50391 0.18878 0.50391 0.21477 0.54297 0.21477 0.54297 0.18878
0 0.63867 0.18878 0.63867 0.21614 0.67676 0.21614 0.67676 0.18878
0 0.23438 0.30369 0.23438 0.45144 0.29199 0.45144 0.29199 0.30369
0 0.36523 0.30369 0.36523 0.4528 0.42285 0.4528 0.42285 0.30369
0 0.49805 0.30369 0.49805 0.4528 0.55469 0.4528 0.55469 0.30369
0 0.62891 0.30233 0.62891 0.45007 0.68652 0.45007 0.68652 0.30233
0 0.23438 0.59371 0.23438 0.74145 0.29199 0.74145 0.29199 0.59371
0 0.36523 0.59234 0.36523 0.74008 0.42285 0.74008 0.42285 0.59234
0 0.49805 0.59371 0.49805 0.74282 0.55469 0.74282 0.55469 0.59371
0 0.62988 0.59508 0.62988 0.74282 0.68652 0.74282 0.68652 0.59508
0 0.05957 0.30643 0.05957 0.4446 0.11719 0.4446 0.11719 0.30643
0 0.058594 0.5814 0.058594 0.74145 0.11719 0.74145 0.11719 0.5814
0 0.78711 0.32832 0.78711 0.39672 0.86816 0.39672 0.86816 0.32832
0 0.80176 0.48427 0.80176 0.6539 0.89941 0.6539 0.89941 0.48427
0 0.80273 0.72503 0.80273 0.89877 0.89941 0.89877 0.89941 0.72503
0 0.77246 0.72503 0.77246 0.90014 0.79688 0.90014 0.79688 0.72503
0 0.77246 0.48837 0.77246 0.66211 0.79688 0.66211 0.79688 0.48837
0 0.068359 0.16826 0.068359 0.19562 0.1084 0.19562 0.1084 0.16826
