0 0.094727 0.22379 0.094727 0.36391 0.15332 0.36391 0.15332 0.22379
0 0.18457 0.22278 0.18457 0.3629 0.24316 0.3629 0.24316 0.22278
0 0.32617 0.22984 0.32617 0.36895 0.39746 0.36895 0.39746 0.22984
0 0.59375 0.22883 0.59375 0.36895 0.66797 0.36895 0.66797 0.22883
0 0.7666 0.22077 0.7666 0.36089 0.82422 0.36089 0.82422 0.22077
0 0.8584 0.22077 0.8584 0.3619 0.91699 0.3619 0.91699 0.22077
0 0.095703 0.47782 0.095703 0.61895 0.1543 0.61895 0.1543 0.47782
0 0.18555 0.47782 0.18555 0.61794 0.24316 0.61794 0.24316 0.47782
0 0.32715 0.48185 0.32715 0.62198 0.39844 0.62198 0.39844 0.48185
0 0.5957 0.48085 0.5957 0.62097 0.66992 0.62097 0.66992 0.48085
0 0.76758 0.47681 0.76758 0.61794 0.8252 0.61794 0.8252 0.47681
0 0.8584 0.47782 0.8584 0.61794 0.91602 0.61794 0.91602 0.47782
0 0.094727 0.73891 0.094727 0.87399 0.15234 0.87399 0.15234 0.73891
0 0.18555 0.7379 0.18555 0.87298 0.24316 0.87298 0.24316 0.7379
0 0.76758 0.73891 0.76758 0.87399 0.82227 0.87399 0.82227 0.73891
0 0.85742 0.73891 0.85742 0.87399 0.91504 0.87399 0.91504 0.73891
0 0.59668 0.73891 0.59668 0.88004 0.66406 0.88004 0.66406 0.73891
1 0.46387 0.73891 0.46387 0.9254 0.5293 0.9254 0.5293 0.73891
1 0.31543 0.7379 0.31543 0.9244 0.40527 0.9244 0.40527 0.7379
