0 0.22871 0.27104 0.22871 0.41246 0.31073 0.41246 0.31073 0.27104
0 0.79653 0.26936 0.79653 0.41077 0.87855 0.41077 0.87855 0.26936
0 0.22871 0.49663 0.22871 0.63805 0.31073 0.63805 0.31073 0.49663
0 0.79811 0.49327 0.79811 0.63468 0.88013 0.63468 0.88013 0.49327
0 0.23817 0.72222 0.23817 0.86195 0.32019 0.86195 0.32019 0.72222
0 0.80599 0.71886 0.80599 0.8569 0.88013 0.8569 0.88013 0.71886
0 0.48107 0.27273 0.48107 0.43098 0.54416 0.43098 0.54416 0.27273
0 0.56625 0.26936 0.56625 0.43771 0.62934 0.43771 0.62934 0.26936
0 0.48265 0.49832 0.48265 0.66162 0.54416 0.66162 0.54416 0.49832
0 0.56625 0.49663 0.56625 0.63805 0.62618 0.63805 0.62618 0.49663
0 0.58517 0.73906 0.58517 0.85859 0.63722 0.85859 0.63722 0.73906
0 0.23817 0.055556 0.23817 0.15825 0.30126 0.15825 0.30126 0.055556
0 0.81073 0.06229 0.81073 0.15993 0.87066 0.15993 0.87066 0.06229
0 0.5205 0.06229 0.5205 0.15825 0.55047 0.15825 0.55047 0.06229
0 0.5694 0.060606 0.5694 0.15993 0.6041 0.15993 0.6041 0.060606
