0 0.089076 0.11035 0.089076 0.17188 0.18319 0.17188 0.18319 0.11035
0 0.26723 0.10645 0.26723 0.16797 0.36134 0.16797 0.36134 0.10645
0 0.44874 0.10547 0.44874 0.16797 0.54622 0.16797 0.54622 0.10547
0 0.63529 0.10547 0.63529 0.16699 0.72941 0.16699 0.72941 0.10547
0 0.81176 0.10645 0.81176 0.16797 0.90588 0.16797 0.90588 0.10645
0 0.26555 0.30762 0.26555 0.36523 0.36303 0.36523 0.36303 0.30762
0 0.082353 0.31055 0.082353 0.36816 0.17983 0.36816 0.17983 0.31055
0 0.4521 0.30566 0.4521 0.36328 0.54958 0.36328 0.54958 0.30566
0 0.64034 0.30664 0.64034 0.36426 0.73782 0.36426 0.73782 0.30664
0 0.82017 0.30957 0.82017 0.36719 0.91765 0.36719 0.91765 0.30957
0 0.087395 0.21094 0.087395 0.24316 0.18487 0.24316 0.18487 0.21094
0 0.26723 0.20801 0.26723 0.24023 0.36303 0.24023 0.36303 0.20801
0 0.45042 0.20703 0.45042 0.23828 0.5479 0.23828 0.5479 0.20703
0 0.63025 0.20801 0.63025 0.24023 0.72605 0.24023 0.72605 0.20801
0 0.81176 0.20703 0.81176 0.24219 0.90756 0.24219 0.90756 0.20703
0 0.080672 0.41211 0.080672 0.47949 0.17815 0.47949 0.17815 0.41211
0 0.080672 0.51855 0.080672 0.58594 0.17815 0.58594 0.17815 0.51855
0 0.82185 0.41113 0.82185 0.47852 0.91933 0.47852 0.91933 0.41113
0 0.82017 0.5166 0.82017 0.58398 0.91765 0.58398 0.91765 0.5166
0 0.60672 0.41797 0.60672 0.48145 0.72941 0.48145 0.72941 0.41797
0 0.42521 0.41699 0.42521 0.47754 0.58151 0.47754 0.58151 0.41699
0 0.27395 0.41797 0.27395 0.48145 0.39496 0.48145 0.39496 0.41797
0 0.26891 0.52148 0.26891 0.58887 0.39496 0.58887 0.39496 0.52148
0 0.60504 0.52051 0.60504 0.58789 0.72941 0.58789 0.72941 0.52051
0 0.42185 0.5166 0.42185 0.58594 0.57983 0.58594 0.57983 0.5166
0 0.078992 0.62305 0.078992 0.68848 0.17647 0.68848 0.17647 0.62305
0 0.82185 0.62109 0.82185 0.68457 0.92101 0.68457 0.92101 0.62109
0 0.6084 0.62305 0.6084 0.6875 0.72941 0.6875 0.72941 0.62305
0 0.26555 0.62598 0.26555 0.68652 0.39496 0.68652 0.39496 0.62598
0 0.42017 0.62109 0.42017 0.68457 0.58319 0.68457 0.58319 0.62109
0 0.60504 0.7627 0.60504 0.82227 0.7479 0.82227 0.7479 0.7627
0 0.42185 0.76172 0.42185 0.82227 0.58319 0.82227 0.58319 0.76172
0 0.25882 0.76465 0.25882 0.82422 0.4 0.82422 0.4 0.76465
0 0.080672 0.7373 0.080672 0.82129 0.18319 0.82129 0.18319 0.7373
0 0.82185 0.73535 0.82185 0.81934 0.92437 0.81934 0.92437 0.73535
0 0.25714 0.74023 0.25714 0.75586 0.40168 0.75586 0.40168 0.74023
0 0.60168 0.73926 0.60168 0.75488 0.74622 0.75488 0.74622 0.73926
0 0.42185 0.73926 0.42185 0.75488 0.58487 0.75488 0.58487 0.73926
