0 0.40095 0.18996 0.40095 0.28821 0.46751 0.28821 0.46751 0.18996
0 0.51189 0.18777 0.51189 0.28384 0.57845 0.28384 0.57845 0.18777
0 0.25832 0.18996 0.25832 0.28821 0.3233 0.28821 0.3233 0.18996
0 0.66086 0.18996 0.66086 0.28603 0.72583 0.28603 0.72583 0.18996
0 0.25515 0.39956 0.25515 0.49563 0.32488 0.49563 0.32488 0.39956
0 0.40412 0.39738 0.40412 0.49345 0.47385 0.49345 0.47385 0.39738
0 0.51347 0.39738 0.51347 0.49345 0.58003 0.49345 0.58003 0.39738
0 0.66244 0.3952 0.66244 0.49127 0.73376 0.49127 0.73376 0.3952
0 0.66561 0.6048 0.66561 0.69869 0.73693 0.69869 0.73693 0.6048
0 0.51506 0.60044 0.51506 0.69651 0.58637 0.69651 0.58637 0.60044
0 0.40571 0.60044 0.40571 0.69651 0.47544 0.69651 0.47544 0.60044
0 0.25515 0.59825 0.25515 0.69432 0.32647 0.69432 0.32647 0.59825
0 0.25832 0.80131 0.25832 0.89738 0.32805 0.89738 0.32805 0.80131
0 0.40729 0.80568 0.40729 0.89956 0.47702 0.89956 0.47702 0.80568
0 0.51823 0.80349 0.51823 0.89956 0.58954 0.89956 0.58954 0.80349
0 0.66719 0.80349 0.66719 0.89956 0.73693 0.89956 0.73693 0.80349
0 0.019017 0.3952 0.019017 0.49782 0.1252 0.49782 0.1252 0.3952
0 0.017433 0.5917 0.017433 0.69432 0.12203 0.69432 0.12203 0.5917
0 0.017433 0.79258 0.017433 0.8952 0.12361 0.8952 0.12361 0.79258
0 0.86846 0.3952 0.86846 0.49782 0.97306 0.49782 0.97306 0.3952
0 0.87163 0.6048 0.87163 0.70742 0.97623 0.70742 0.97623 0.6048
0 0.87639 0.80349 0.87639 0.90611 0.98098 0.90611 0.98098 0.80349
