0 0.10137 0.17676 0.10137 0.26074 0.15148 0.26074 0.15148 0.17676
0 0.17198 0.1748 0.17198 0.25879 0.2221 0.25879 0.2221 0.1748
0 0.35877 0.18359 0.35877 0.2666 0.43052 0.2666 0.43052 0.18359
0 0.48064 0.18457 0.48064 0.26562 0.53075 0.26562 0.53075 0.18457
0 0.5467 0.18457 0.5467 0.26562 0.59681 0.26562 0.59681 0.18457
0 0.65718 0.18457 0.65718 0.2666 0.70729 0.2666 0.70729 0.18457
0 0.72437 0.18652 0.72437 0.26758 0.77449 0.26758 0.77449 0.18652
0 0.83257 0.18555 0.83257 0.2666 0.88269 0.2666 0.88269 0.18555
0 0.90205 0.18457 0.90205 0.2666 0.95216 0.2666 0.95216 0.18457
0 0.35877 0.3457 0.35877 0.42871 0.42938 0.42871 0.42938 0.3457
0 0.47836 0.34668 0.47836 0.43164 0.52847 0.43164 0.52847 0.34668
0 0.54556 0.34668 0.54556 0.43066 0.59567 0.43066 0.59567 0.34668
0 0.65831 0.34668 0.65831 0.42969 0.70843 0.42969 0.70843 0.34668
0 0.72437 0.34668 0.72437 0.42969 0.77449 0.42969 0.77449 0.34668
0 0.83599 0.34668 0.83599 0.42969 0.8861 0.42969 0.8861 0.34668
0 0.89863 0.34766 0.89863 0.43066 0.94989 0.43066 0.94989 0.34766
0 0.35763 0.50781 0.35763 0.59082 0.42938 0.59082 0.42938 0.50781
0 0.48064 0.50781 0.48064 0.58984 0.53075 0.58984 0.53075 0.50781
0 0.54556 0.50879 0.54556 0.58984 0.59567 0.58984 0.59567 0.50879
0 0.65718 0.50781 0.65718 0.59082 0.70729 0.59082 0.70729 0.50781
0 0.72323 0.50977 0.72323 0.59082 0.77335 0.59082 0.77335 0.50977
0 0.83257 0.50879 0.83257 0.59082 0.88383 0.59082 0.88383 0.50879
0 0.90091 0.50977 0.90091 0.5918 0.95103 0.5918 0.95103 0.50977
0 0.12187 0.34277 0.12187 0.42578 0.20501 0.42578 0.20501 0.34277
0 0.12073 0.50586 0.12073 0.58984 0.20273 0.58984 0.20273 0.50586
0 0.13667 0.68066 0.13667 0.76465 0.22893 0.76465 0.22893 0.68066
0 0.37016 0.67969 0.37016 0.7627 0.43736 0.7627 0.43736 0.67969
0 0.49431 0.67871 0.49431 0.76172 0.53872 0.76172 0.53872 0.67871
0 0.55239 0.67871 0.55239 0.76172 0.59909 0.76172 0.59909 0.67871
0 0.66856 0.67871 0.66856 0.76172 0.71412 0.76172 0.71412 0.67871
0 0.72551 0.67871 0.72551 0.76172 0.77221 0.76172 0.77221 0.67871
0 0.90319 0.67773 0.90319 0.76074 0.94989 0.76074 0.94989 0.67773
0 0.84282 0.67871 0.84282 0.76172 0.88724 0.76172 0.88724 0.67871
0 0.49203 0.82715 0.49203 0.91699 0.53872 0.91699 0.53872 0.82715
0 0.55011 0.82617 0.55011 0.91895 0.59567 0.91895 0.59567 0.82617
0 0.66629 0.82812 0.66629 0.91895 0.71298 0.91895 0.71298 0.82812
0 0.72323 0.82715 0.72323 0.91895 0.76993 0.91895 0.76993 0.82715
0 0.84396 0.82617 0.84396 0.91895 0.88952 0.91895 0.88952 0.82617
0 0.90091 0.82617 0.90091 0.91895 0.94647 0.91895 0.94647 0.82617
