0 0.021484 0.15854 0.021484 0.22474 0.061523 0.22474 0.061523 0.15854
0 0.020508 0.29094 0.020508 0.35714 0.060547 0.35714 0.060547 0.29094
0 0.020508 0.42334 0.020508 0.48955 0.060547 0.48955 0.060547 0.42334
0 0.021484 0.55923 0.021484 0.62544 0.061523 0.62544 0.061523 0.55923
0 0.019531 0.69338 0.019531 0.75958 0.05957 0.75958 0.05957 0.69338
0 0.017578 0.83972 0.017578 0.90592 0.057617 0.90592 0.057617 0.83972
0 0.22461 0.11324 0.22461 0.15331 0.23926 0.15331 0.23926 0.11324
0 0.24414 0.11324 0.24414 0.15331 0.25879 0.15331 0.25879 0.11324
0 0.32227 0.1115 0.32227 0.15331 0.33789 0.15331 0.33789 0.1115
0 0.34277 0.11324 0.34277 0.15331 0.35742 0.15331 0.35742 0.11324
0 0.20898 0.21603 0.20898 0.27875 0.23828 0.27875 0.23828 0.21603
0 0.30859 0.21777 0.30859 0.27875 0.33887 0.27875 0.33887 0.21777
0 0.39941 0.21429 0.39941 0.27526 0.42871 0.27526 0.42871 0.21429
0 0.44141 0.21254 0.44141 0.27352 0.46875 0.27352 0.46875 0.21254
0 0.20703 0.33624 0.20703 0.43031 0.24023 0.43031 0.24023 0.33624
0 0.30859 0.33449 0.30859 0.42857 0.3418 0.42857 0.3418 0.33449
0 0.40137 0.33449 0.40137 0.42857 0.43457 0.42857 0.43457 0.33449
0 0.44043 0.33624 0.44043 0.43031 0.47266 0.43031 0.47266 0.33624
0 0.20508 0.49129 0.20508 0.59059 0.23926 0.59059 0.23926 0.49129
0 0.30664 0.49303 0.30664 0.59408 0.34082 0.59408 0.34082 0.49303
0 0.40137 0.49129 0.40137 0.59059 0.43555 0.59059 0.43555 0.49129
0 0.44043 0.49129 0.44043 0.59233 0.47461 0.59233 0.47461 0.49129
0 0.20312 0.65331 0.20312 0.75261 0.23633 0.75261 0.23633 0.65331
0 0.30371 0.65505 0.30371 0.75436 0.33789 0.75436 0.33789 0.65505
0 0.39746 0.65331 0.39746 0.75261 0.43164 0.75261 0.43164 0.65331
0 0.43848 0.65505 0.43848 0.75436 0.47168 0.75436 0.47168 0.65505
0 0.54883 0.062718 0.54883 0.13589 0.57422 0.13589 0.57422 0.062718
0 0.66113 0.060976 0.66113 0.13415 0.68652 0.13415 0.68652 0.060976
0 0.77441 0.06446 0.77441 0.13763 0.7998 0.13763 0.7998 0.06446
0 0.5459 0.22474 0.5459 0.31533 0.58008 0.31533 0.58008 0.22474
0 0.65723 0.22474 0.65723 0.33624 0.69141 0.33624 0.69141 0.22474
0 0.77246 0.22648 0.77246 0.31707 0.80566 0.31707 0.80566 0.22648
0 0.54395 0.39199 0.54395 0.50174 0.58008 0.50174 0.58008 0.39199
0 0.77051 0.39373 0.77051 0.50174 0.80664 0.50174 0.80664 0.39373
0 0.6582 0.39547 0.6582 0.52439 0.69336 0.52439 0.69336 0.39547
0 0.54492 0.58014 0.54492 0.75261 0.58105 0.75261 0.58105 0.58014
0 0.6543 0.57666 0.6543 0.75087 0.69043 0.75087 0.69043 0.57666
0 0.77051 0.5784 0.77051 0.75261 0.80762 0.75261 0.80762 0.5784
0 0.90234 0.34669 0.90234 0.44425 0.93555 0.44425 0.93555 0.34669
0 0.90234 0.50523 0.90234 0.58188 0.93457 0.58188 0.93457 0.50523
0 0.87891 0.66725 0.87891 0.79965 0.95508 0.79965 0.95508 0.66725
0 0.88477 0.10627 0.88477 0.15854 0.91602 0.15854 0.91602 0.10627
0 0.90332 0.20383 0.90332 0.277 0.93066 0.277 0.93066 0.20383
0 0.43359 0.11498 0.43359 0.15679 0.44824 0.15679 0.44824 0.11498
0 0.45312 0.11498 0.45312 0.15505 0.46777 0.15505 0.46777 0.11498
