0 0.14939 0.081055 0.14939 0.14355 0.20188 0.14355 0.20188 0.081055
0 0.33513 0.079102 0.33513 0.1377 0.38493 0.1377 0.38493 0.079102
0 0.84388 0.080078 0.84388 0.13965 0.89637 0.13965 0.89637 0.080078
0 0.44818 0.079102 0.44818 0.1377 0.49798 0.1377 0.49798 0.079102
0 0.55855 0.078125 0.55855 0.1377 0.60834 0.1377 0.60834 0.078125
0 0.6716 0.078125 0.6716 0.1377 0.7214 0.1377 0.7214 0.078125
0 0.14266 0.22168 0.14266 0.30273 0.20996 0.30273 0.20996 0.22168
0 0.33109 0.22754 0.33109 0.30371 0.38358 0.30371 0.38358 0.22754
0 0.83311 0.21973 0.83311 0.30078 0.9004 0.30078 0.9004 0.21973
0 0.44415 0.22754 0.44415 0.30273 0.49664 0.30273 0.49664 0.22754
0 0.55451 0.22754 0.55451 0.30273 0.607 0.30273 0.607 0.22754
0 0.66622 0.22754 0.66622 0.30273 0.71871 0.30273 0.71871 0.22754
0 0.33109 0.38672 0.33109 0.46289 0.38358 0.46289 0.38358 0.38672
0 0.44415 0.38574 0.44415 0.46289 0.49664 0.46289 0.49664 0.38574
0 0.55451 0.38574 0.55451 0.46289 0.607 0.46289 0.607 0.38574
0 0.66487 0.38574 0.66487 0.46094 0.71736 0.46094 0.71736 0.38574
0 0.32974 0.5332 0.32974 0.62109 0.38223 0.62109 0.38223 0.5332
0 0.54913 0.53125 0.54913 0.61035 0.61104 0.61035 0.61104 0.53125
0 0.66353 0.53223 0.66353 0.62109 0.71602 0.62109 0.71602 0.53223
0 0.33244 0.70215 0.33244 0.77832 0.38627 0.77832 0.38627 0.70215
0 0.4428 0.7041 0.4428 0.7793 0.49529 0.7793 0.49529 0.7041
0 0.55451 0.70215 0.55451 0.7793 0.607 0.7793 0.607 0.70215
0 0.66487 0.70215 0.66487 0.77734 0.71871 0.77734 0.71871 0.70215
0 0.12786 0.38281 0.12786 0.46094 0.16689 0.46094 0.16689 0.38281
0 0.18573 0.38281 0.18573 0.46094 0.22476 0.46094 0.22476 0.38281
0 0.81427 0.38379 0.81427 0.46191 0.8533 0.46191 0.8533 0.38379
0 0.87483 0.38379 0.87483 0.46191 0.91252 0.46191 0.91252 0.38379
0 0.12921 0.53223 0.12921 0.61914 0.16689 0.61914 0.16689 0.53223
0 0.18708 0.53125 0.18708 0.61914 0.22611 0.61914 0.22611 0.53125
0 0.81157 0.53125 0.81157 0.61914 0.85061 0.61914 0.85061 0.53125
0 0.87214 0.53027 0.87214 0.61914 0.9179 0.61914 0.9179 0.53027
0 0.49664 0.85352 0.49664 0.93359 0.55451 0.93359 0.55451 0.85352
0 0.61238 0.85352 0.61238 0.93359 0.67026 0.93359 0.67026 0.85352
0 0.12517 0.85156 0.12517 0.94727 0.23419 0.94727 0.23419 0.85156
0 0.80754 0.85156 0.80754 0.94531 0.92194 0.94531 0.92194 0.85156
0 0.13594 0.70117 0.13594 0.7793 0.21938 0.7793 0.21938 0.70117
0 0.82234 0.7002 0.82234 0.7793 0.90713 0.7793 0.90713 0.7002
1 0.37147 0.8457 0.37147 0.97949 0.45491 0.97949 0.45491 0.8457
0 0.44011 0.53125 0.44011 0.61035 0.50202 0.61035 0.50202 0.53125
