0 0.24513 0.075967 0.24513 0.15055 0.31476 0.15055 0.31476 0.075967
0 0.48329 0.08011 0.48329 0.15055 0.58078 0.15055 0.58078 0.08011
0 0.76602 0.43232 0.76602 0.53867 0.84819 0.53867 0.84819 0.43232
0 0.77019 0.62017 0.77019 0.73066 0.8454 0.73066 0.8454 0.62017
0 0.77298 0.25829 0.77298 0.35083 0.84123 0.35083 0.84123 0.25829
0 0.25209 0.25414 0.25209 0.33978 0.31894 0.33978 0.31894 0.25414
0 0.24652 0.42265 0.24652 0.53039 0.31616 0.53039 0.31616 0.42265
0 0.23816 0.61188 0.23816 0.72514 0.31198 0.72514 0.31198 0.61188
0 0.08078 0.6105 0.08078 0.71961 0.1546 0.71961 0.1546 0.6105
0 0.090529 0.42265 0.090529 0.52486 0.16295 0.52486 0.16295 0.42265
0 0.094708 0.24862 0.094708 0.33564 0.16156 0.33564 0.16156 0.24862
0 0.49164 0.25138 0.49164 0.34254 0.54178 0.34254 0.54178 0.25138
0 0.55153 0.25276 0.55153 0.34254 0.60167 0.34254 0.60167 0.25276
0 0.55014 0.42265 0.55014 0.56354 0.60028 0.56354 0.60028 0.42265
0 0.48747 0.42265 0.48747 0.56354 0.5376 0.56354 0.5376 0.42265
0 0.48189 0.61464 0.48189 0.76519 0.53482 0.76519 0.53482 0.61464
0 0.54318 0.61464 0.54318 0.76519 0.5961 0.76519 0.5961 0.61464
1 0.80641 0.81215 0.80641 0.9558 0.84401 0.9558 0.84401 0.81215
1 0.044568 0.79696 0.044568 0.99171 0.15181 0.99171 0.15181 0.79696
