0 0.087533 0.1748 0.087533 0.26367 0.15517 0.26367 0.15517 0.1748
0 0.28117 0.16797 0.28117 0.25586 0.34881 0.25586 0.34881 0.16797
0 0.48408 0.16602 0.48408 0.25391 0.55172 0.25391 0.55172 0.16602
0 0.68302 0.16895 0.68302 0.25684 0.75066 0.25684 0.75066 0.16895
0 0.87931 0.17188 0.87931 0.25977 0.94695 0.25977 0.94695 0.17188
0 0.68568 0.33691 0.68568 0.43945 0.75995 0.43945 0.75995 0.33691
0 0.88064 0.33984 0.88064 0.44336 0.95491 0.44336 0.95491 0.33984
0 0.48143 0.33496 0.48143 0.43848 0.5557 0.43848 0.5557 0.33496
0 0.27851 0.33594 0.27851 0.43945 0.35411 0.43945 0.35411 0.33594
0 0.082228 0.3418 0.082228 0.44434 0.1565 0.44434 0.1565 0.3418
0 0.083554 0.53418 0.083554 0.6377 0.15782 0.6377 0.15782 0.53418
0 0.27719 0.53418 0.27719 0.64062 0.35146 0.64062 0.35146 0.53418
0 0.48143 0.53027 0.48143 0.64062 0.5557 0.64062 0.5557 0.53027
0 0.687 0.53027 0.687 0.6416 0.76127 0.6416 0.76127 0.53027
0 0.88329 0.53027 0.88329 0.64062 0.95889 0.64062 0.95889 0.53027
0 0.68568 0.7207 0.68568 0.83203 0.75995 0.83203 0.75995 0.7207
0 0.48143 0.72266 0.48143 0.83398 0.55703 0.83398 0.55703 0.72266
0 0.27984 0.72266 0.27984 0.83301 0.35411 0.83301 0.35411 0.72266
0 0.084881 0.71973 0.084881 0.83105 0.15915 0.83105 0.15915 0.71973
