0 0.0625 0.33786 0.0625 0.42334 0.10352 0.42334 0.10352 0.33786
0 0.20312 0.18318 0.20312 0.2768 0.24316 0.2768 0.24316 0.18318
0 0.28516 0.18318 0.28516 0.2768 0.32617 0.2768 0.32617 0.18318
0 0.36719 0.18318 0.36719 0.2768 0.4082 0.2768 0.4082 0.18318
0 0.45117 0.18453 0.45117 0.2768 0.49219 0.2768 0.49219 0.18453
0 0.53516 0.18453 0.53516 0.27815 0.5752 0.27815 0.5752 0.18453
0 0.62012 0.18182 0.62012 0.27815 0.66113 0.27815 0.66113 0.18182
0 0.70215 0.18046 0.70215 0.2768 0.74219 0.2768 0.74219 0.18046
0 0.2041 0.35821 0.2041 0.45997 0.24414 0.45997 0.24414 0.35821
0 0.28613 0.35685 0.28613 0.45997 0.32617 0.45997 0.32617 0.35685
0 0.36816 0.35685 0.36816 0.45862 0.40918 0.45862 0.40918 0.35685
0 0.45117 0.35685 0.45117 0.45862 0.49219 0.45862 0.49219 0.35685
0 0.53418 0.35821 0.53418 0.45997 0.5752 0.45997 0.5752 0.35821
0 0.62012 0.3555 0.62012 0.45726 0.66016 0.45726 0.66016 0.3555
0 0.70215 0.35685 0.70215 0.45862 0.74316 0.45862 0.74316 0.35685
0 0.20312 0.55631 0.20312 0.65943 0.24414 0.65943 0.24414 0.55631
0 0.28516 0.55495 0.28516 0.65943 0.32617 0.65943 0.32617 0.55495
0 0.36719 0.55767 0.36719 0.66079 0.4082 0.66079 0.4082 0.55767
0 0.45117 0.55767 0.45117 0.66214 0.49219 0.66214 0.49219 0.55767
0 0.53418 0.55902 0.53418 0.66214 0.57422 0.66214 0.57422 0.55902
0 0.61816 0.55631 0.61816 0.66079 0.65918 0.66079 0.65918 0.55631
0 0.70117 0.55631 0.70117 0.66079 0.74219 0.66079 0.74219 0.55631
0 0.061523 0.51696 0.061523 0.6133 0.11035 0.6133 0.11035 0.51696
1 0.36621 0.74627 0.36621 0.89009 0.41113 0.89009 0.41113 0.74627
1 0.61426 0.74763 0.61426 0.89009 0.66016 0.89009 0.66016 0.74763
