0 0.27083 0.34473 0.27083 0.4043 0.30729 0.4043 0.30729 0.34473
0 0.32943 0.34473 0.32943 0.40527 0.36458 0.40527 0.36458 0.34473
0 0.42969 0.3457 0.42969 0.40527 0.46875 0.40527 0.46875 0.3457
0 0.53646 0.34473 0.53646 0.40527 0.57422 0.40527 0.57422 0.34473
0 0.63932 0.3457 0.63932 0.40625 0.67839 0.40625 0.67839 0.3457
0 0.78646 0.34277 0.78646 0.40234 0.83464 0.40234 0.83464 0.34277
0 0.78646 0.46582 0.78646 0.52539 0.83594 0.52539 0.83594 0.46582
0 0.78646 0.58887 0.78646 0.68066 0.83464 0.68066 0.83464 0.58887
0 0.78646 0.71582 0.78646 0.81152 0.83464 0.81152 0.83464 0.71582
0 0.78776 0.84473 0.78776 0.91016 0.83073 0.91016 0.83073 0.84473
0 0.63542 0.8457 0.63542 0.91309 0.68229 0.91309 0.68229 0.8457
0 0.53646 0.8457 0.53646 0.91309 0.57422 0.91309 0.57422 0.8457
0 0.53516 0.59082 0.53516 0.65332 0.57552 0.65332 0.57552 0.59082
0 0.63932 0.59082 0.63932 0.65332 0.67839 0.65332 0.67839 0.59082
0 0.53516 0.71777 0.53516 0.78418 0.57552 0.78418 0.57552 0.71777
0 0.63802 0.71777 0.63802 0.78516 0.67839 0.78516 0.67839 0.71777
0 0.53516 0.46777 0.53516 0.52832 0.57552 0.52832 0.57552 0.46777
0 0.63932 0.46777 0.63932 0.52832 0.67578 0.52832 0.67578 0.46777
0 0.27344 0.46777 0.27344 0.52734 0.30729 0.52734 0.30729 0.46777
0 0.33073 0.46777 0.33073 0.52734 0.36458 0.52734 0.36458 0.46777
0 0.27214 0.5918 0.27214 0.68164 0.30729 0.68164 0.30729 0.5918
0 0.32943 0.5918 0.32943 0.68164 0.36328 0.68164 0.36328 0.5918
0 0.42839 0.46777 0.42839 0.52734 0.46875 0.52734 0.46875 0.46777
0 0.42839 0.59082 0.42839 0.65234 0.46875 0.65234 0.46875 0.59082
0 0.42839 0.71777 0.42839 0.78516 0.46875 0.78516 0.46875 0.71777
0 0.42318 0.8457 0.42318 0.91309 0.47656 0.91309 0.47656 0.8457
1 0.29167 0.8457 0.29167 0.95605 0.34635 0.95605 0.34635 0.8457
0 0.32812 0.71777 0.32812 0.8125 0.36328 0.8125 0.36328 0.71777
0 0.27083 0.71777 0.27083 0.8125 0.30729 0.8125 0.30729 0.71777
0 0.16146 0.84473 0.16146 0.91211 0.21484 0.91211 0.21484 0.84473
