0 0.087891 0.23274 0.087891 0.32103 0.11426 0.32103 0.11426 0.23274
0 0.1543 0.23114 0.1543 0.32263 0.18164 0.32263 0.18164 0.23114
0 0.20117 0.23274 0.20117 0.32103 0.22949 0.32103 0.22949 0.23274
0 0.2666 0.23114 0.2666 0.32263 0.29297 0.32263 0.29297 0.23114
0 0.31348 0.23274 0.31348 0.32103 0.33984 0.32103 0.33984 0.23274
0 0.041016 0.23114 0.041016 0.32263 0.069336 0.32263 0.069336 0.23114
0 0.37988 0.23274 0.37988 0.32263 0.40723 0.32263 0.40723 0.23274
0 0.42578 0.23274 0.42578 0.32263 0.45312 0.32263 0.45312 0.23274
0 0.42578 0.41734 0.42578 0.50562 0.4541 0.50562 0.4541 0.41734
0 0.37891 0.41573 0.37891 0.50562 0.4082 0.50562 0.4082 0.41573
0 0.31348 0.41734 0.31348 0.50401 0.3418 0.50401 0.3418 0.41734
0 0.2666 0.41573 0.2666 0.50562 0.2959 0.50562 0.2959 0.41573
0 0.20117 0.41573 0.20117 0.50562 0.22949 0.50562 0.22949 0.41573
0 0.1543 0.41734 0.1543 0.50722 0.18262 0.50722 0.18262 0.41734
0 0.087891 0.41573 0.087891 0.50562 0.11621 0.50562 0.11621 0.41573
0 0.041016 0.41734 0.041016 0.50562 0.069336 0.50562 0.069336 0.41734
0 0.041016 0.60193 0.041016 0.69984 0.068359 0.69984 0.068359 0.60193
0 0.086914 0.60193 0.086914 0.69984 0.11426 0.69984 0.11426 0.60193
0 0.1543 0.60193 0.1543 0.69823 0.18262 0.69823 0.18262 0.60193
0 0.20117 0.60032 0.20117 0.69984 0.22852 0.69984 0.22852 0.60032
0 0.26758 0.60032 0.26758 0.69823 0.29492 0.69823 0.29492 0.60032
0 0.31445 0.60193 0.31445 0.69984 0.3418 0.69984 0.3418 0.60193
0 0.38086 0.60193 0.38086 0.69663 0.40723 0.69663 0.40723 0.60193
0 0.42578 0.60353 0.42578 0.69984 0.4541 0.69984 0.4541 0.60353
0 0.49707 0.27127 0.49707 0.36116 0.52441 0.36116 0.52441 0.27127
0 0.54102 0.27127 0.54102 0.36116 0.56934 0.36116 0.56934 0.27127
0 0.60352 0.27287 0.60352 0.35955 0.63184 0.35955 0.63184 0.27287
0 0.64844 0.26966 0.64844 0.35955 0.67773 0.35955 0.67773 0.26966
0 0.71191 0.27127 0.71191 0.35955 0.73926 0.35955 0.73926 0.27127
0 0.75781 0.27127 0.75781 0.35955 0.78418 0.35955 0.78418 0.27127
0 0.75781 0.45425 0.75781 0.54735 0.78418 0.54735 0.78418 0.45425
0 0.71387 0.45265 0.71387 0.54735 0.74023 0.54735 0.74023 0.45265
0 0.65039 0.45425 0.65039 0.54735 0.67773 0.54735 0.67773 0.45425
0 0.60547 0.45425 0.60547 0.54735 0.63281 0.54735 0.63281 0.45425
0 0.54199 0.45425 0.54199 0.54896 0.56934 0.54896 0.56934 0.45425
0 0.49707 0.45425 0.49707 0.54896 0.52441 0.54896 0.52441 0.45425
0 0.49609 0.64687 0.49609 0.73676 0.52441 0.73676 0.52441 0.64687
0 0.54297 0.64687 0.54297 0.73836 0.57031 0.73836 0.57031 0.64687
0 0.60547 0.64526 0.60547 0.73836 0.63379 0.73836 0.63379 0.64526
0 0.65039 0.64687 0.65039 0.73676 0.67871 0.73676 0.67871 0.64687
0 0.71387 0.64687 0.71387 0.73676 0.74121 0.73676 0.74121 0.64687
0 0.75879 0.64526 0.75879 0.73515 0.78613 0.73515 0.78613 0.64526
0 0.89062 0.69021 0.89062 0.78491 0.94238 0.78491 0.94238 0.69021
0 0.88574 0.46067 0.88574 0.58587 0.94043 0.58587 0.94043 0.46067
0 0.88281 0.26485 0.88281 0.36597 0.93457 0.36597 0.93457 0.26485
0 0.87305 0.078652 0.87305 0.1557 0.92285 0.1557 0.92285 0.078652
1 0.89062 0.84591 0.89062 1 0.95898 1 0.95898 0.84591
1 0.31445 0.79294 0.31445 0.96308 0.35352 0.96308 0.35352 0.79294
1 0.6543 0.82825 0.6543 0.97913 0.69434 0.97913 0.69434 0.82825
0 0.72266 0.82665 0.72266 0.96629 0.77344 0.96629 0.77344 0.82665
0 0.58984 0.82986 0.58984 0.96629 0.63281 0.96629 0.63281 0.82986
0 0.50586 0.82986 0.50586 0.97432 0.55957 0.97432 0.55957 0.82986
