0 0.24603 0.1377 0.24603 0.21387 0.31633 0.21387 0.31633 0.1377
0 0.4161 0.31348 0.4161 0.40137 0.46485 0.40137 0.46485 0.31348
0 0.2381 0.31055 0.2381 0.40039 0.31973 0.40039 0.31973 0.31055
0 0.41497 0.1416 0.41497 0.21777 0.47279 0.21777 0.47279 0.1416
0 0.48753 0.14258 0.48753 0.21875 0.54649 0.21875 0.54649 0.14258
0 0.62018 0.1416 0.62018 0.2168 0.67914 0.2168 0.67914 0.1416
0 0.69501 0.14258 0.69501 0.21777 0.75397 0.21777 0.75397 0.14258
0 0.86395 0.13672 0.86395 0.21289 0.93424 0.21289 0.93424 0.13672
0 0.49093 0.31445 0.49093 0.40234 0.53968 0.40234 0.53968 0.31445
0 0.62358 0.3125 0.62358 0.39941 0.67234 0.39941 0.67234 0.3125
0 0.69955 0.31348 0.69955 0.40039 0.74943 0.40039 0.74943 0.31348
0 0.85374 0.30859 0.85374 0.39941 0.93537 0.39941 0.93537 0.30859
0 0.23583 0.4834 0.23583 0.58008 0.31633 0.58008 0.31633 0.4834
0 0.4161 0.48535 0.4161 0.58008 0.46485 0.58008 0.46485 0.48535
0 0.4932 0.48535 0.4932 0.58008 0.54195 0.58008 0.54195 0.48535
0 0.62472 0.4834 0.62472 0.57812 0.67347 0.57812 0.67347 0.4834
0 0.69955 0.4834 0.69955 0.57812 0.7483 0.57812 0.7483 0.4834
0 0.85488 0.48242 0.85488 0.57812 0.93651 0.57812 0.93651 0.48242
0 0.23583 0.66309 0.23583 0.75391 0.31746 0.75391 0.31746 0.66309
0 0.49093 0.66406 0.49093 0.75586 0.54082 0.75586 0.54082 0.66406
0 0.41837 0.66406 0.41837 0.75684 0.46599 0.75684 0.46599 0.66406
0 0.62358 0.66309 0.62358 0.75781 0.67234 0.75781 0.67234 0.66309
0 0.69955 0.66211 0.69955 0.75684 0.7483 0.75684 0.7483 0.66211
0 0.85601 0.66113 0.85601 0.75586 0.93764 0.75586 0.93764 0.66113
0 0.64512 0.83984 0.64512 0.94336 0.72902 0.94336 0.72902 0.83984
1 0.21655 0.8418 0.21655 0.99414 0.3356 0.99414 0.3356 0.8418
1 0.43991 0.83887 0.43991 0.99023 0.52154 0.99023 0.52154 0.83887
0 0.021542 0.1748 0.021542 0.25879 0.10771 0.25879 0.10771 0.1748
0 0.024943 0.34375 0.024943 0.42676 0.10658 0.42676 0.10658 0.34375
0 0.024943 0.51172 0.024943 0.59473 0.10658 0.59473 0.10658 0.51172
0 0.024943 0.67773 0.024943 0.75977 0.10544 0.75977 0.10544 0.67773
0 0.022676 0.84473 0.022676 0.92773 0.10204 0.92773 0.10204 0.84473
