0 0.28906 0.18979 0.28906 0.29506 0.32227 0.29506 0.32227 0.18979
0 0.05957 0.22488 0.05957 0.33014 0.097656 0.33014 0.097656 0.22488
0 0.058594 0.43222 0.058594 0.54705 0.098633 0.54705 0.098633 0.43222
0 0.061523 0.64912 0.061523 0.76077 0.098633 0.76077 0.098633 0.64912
0 0.15625 0.22488 0.15625 0.33014 0.19043 0.33014 0.19043 0.22488
0 0.20312 0.22648 0.20312 0.33333 0.23438 0.33333 0.23438 0.22648
0 0.15918 0.43222 0.15918 0.54705 0.19043 0.54705 0.19043 0.43222
0 0.15527 0.64912 0.15527 0.76077 0.19043 0.76077 0.19043 0.64912
0 0.20117 0.43222 0.20117 0.54864 0.23242 0.54864 0.23242 0.43222
0 0.2002 0.64753 0.2002 0.75917 0.23535 0.75917 0.23535 0.64753
0 0.33984 0.1882 0.33984 0.29346 0.37305 0.29346 0.37305 0.1882
0 0.42285 0.1882 0.42285 0.29346 0.45605 0.29346 0.45605 0.1882
0 0.50879 0.1882 0.50879 0.29346 0.54199 0.29346 0.54199 0.1882
0 0.5625 0.1866 0.5625 0.29346 0.5957 0.29346 0.5957 0.1866
0 0.65137 0.18979 0.65137 0.29506 0.68359 0.29506 0.68359 0.18979
0 0.74316 0.18979 0.74316 0.29506 0.77637 0.29506 0.77637 0.18979
0 0.79785 0.1882 0.79785 0.29346 0.83008 0.29346 0.83008 0.1882
0 0.28809 0.39075 0.28809 0.51037 0.32129 0.51037 0.32129 0.39075
0 0.28418 0.61244 0.28418 0.73365 0.32129 0.73365 0.32129 0.61244
0 0.42383 0.84051 0.42383 0.95694 0.45703 0.95694 0.45703 0.84051
0 0.34277 0.38915 0.34277 0.50877 0.375 0.50877 0.375 0.38915
0 0.41992 0.39234 0.41992 0.51196 0.45605 0.51196 0.45605 0.39234
0 0.50879 0.39234 0.50879 0.51196 0.54199 0.51196 0.54199 0.39234
0 0.56152 0.39234 0.56152 0.51196 0.59473 0.51196 0.59473 0.39234
0 0.65234 0.39075 0.65234 0.51037 0.68555 0.51037 0.68555 0.39075
0 0.74414 0.39234 0.74414 0.51196 0.77734 0.51196 0.77734 0.39234
0 0.79785 0.39234 0.79785 0.51196 0.83105 0.51196 0.83105 0.39234
0 0.34277 0.61404 0.34277 0.73365 0.37598 0.73365 0.37598 0.61404
0 0.41992 0.61722 0.41992 0.73844 0.45605 0.73844 0.45605 0.61722
0 0.51172 0.61882 0.51172 0.73844 0.54492 0.73844 0.54492 0.61882
0 0.56152 0.61563 0.56152 0.73525 0.59473 0.73525 0.59473 0.61563
0 0.74121 0.61404 0.74121 0.73365 0.77441 0.73365 0.77441 0.61404
0 0.64746 0.61563 0.64746 0.73684 0.68359 0.73684 0.68359 0.61563
0 0.79492 0.61722 0.79492 0.73684 0.82812 0.73684 0.82812 0.61722
0 0.65332 0.84051 0.65332 0.95694 0.6875 0.95694 0.6875 0.84051
0 0.5166 0.83732 0.5166 0.95694 0.5459 0.95694 0.5459 0.83732
0 0.56641 0.83732 0.56641 0.95694 0.5957 0.95694 0.5957 0.83732
0 0.79785 0.83732 0.79785 0.95694 0.82715 0.95694 0.82715 0.83732
0 0.89941 0.19936 0.89941 0.31419 0.94434 0.31419 0.94434 0.19936
0 0.89844 0.42584 0.89844 0.53907 0.94238 0.53907 0.94238 0.42584
0 0.89746 0.64115 0.89746 0.75758 0.94336 0.75758 0.94336 0.64115
0 0.89453 0.85805 0.89453 0.98405 0.94434 0.98405 0.94434 0.85805
1 0.74707 0.83892 0.74707 1 0.77637 1 0.77637 0.83892
1 0.28613 0.83892 0.28613 0.99522 0.36523 0.99522 0.36523 0.83892
1 0.16309 0.86284 0.16309 1 0.24023 1 0.24023 0.86284
0 0.061523 0.86284 0.061523 0.99681 0.098633 0.99681 0.098633 0.86284
