0 0.066176 0.13184 0.066176 0.21191 0.12941 0.21191 0.12941 0.13184
0 0.20147 0.13184 0.20147 0.21191 0.26765 0.21191 0.26765 0.13184
0 0.14559 0.27832 0.14559 0.38184 0.18971 0.38184 0.18971 0.27832
0 0.21618 0.27734 0.21618 0.38086 0.25882 0.38086 0.25882 0.27734
0 0.71765 0.12988 0.71765 0.20996 0.78529 0.20996 0.78529 0.12988
0 0.85735 0.12988 0.85735 0.20996 0.925 0.20996 0.925 0.12988
0 0.50735 0.12793 0.50735 0.1875 0.56471 0.1875 0.56471 0.12793
0 0.42794 0.12891 0.42794 0.18848 0.48529 0.18848 0.48529 0.12891
0 0.43088 0.27539 0.43088 0.37988 0.48971 0.37988 0.48971 0.27539
0 0.50294 0.27734 0.50294 0.38184 0.56029 0.38184 0.56029 0.27734
0 0.72647 0.27539 0.72647 0.37891 0.77647 0.37891 0.77647 0.27539
0 0.79706 0.27441 0.79706 0.37793 0.84559 0.37793 0.84559 0.27441
0 0.86471 0.27539 0.86471 0.37891 0.91471 0.37891 0.91471 0.27539
0 0.089706 0.43945 0.089706 0.53223 0.16029 0.53223 0.16029 0.43945
0 0.17647 0.43848 0.17647 0.53223 0.24706 0.53223 0.24706 0.43848
0 0.41324 0.43652 0.41324 0.53027 0.48382 0.53027 0.48382 0.43652
0 0.50735 0.43652 0.50735 0.53027 0.57647 0.53027 0.57647 0.43652
0 0.74265 0.43652 0.74265 0.5293 0.81324 0.5293 0.81324 0.43652
0 0.82941 0.43652 0.82941 0.53027 0.9 0.53027 0.9 0.43652
0 0.72353 0.77051 0.72353 0.87012 0.79118 0.87012 0.79118 0.77051
0 0.85735 0.76855 0.85735 0.86719 0.925 0.86719 0.925 0.76855
0 0.42206 0.59961 0.42206 0.71387 0.46176 0.71387 0.46176 0.59961
0 0.47794 0.59961 0.47794 0.71387 0.51618 0.71387 0.51618 0.59961
0 0.53235 0.59961 0.53235 0.71387 0.57206 0.71387 0.57206 0.59961
0 0.77206 0.60059 0.77206 0.72168 0.86618 0.72168 0.86618 0.60059
0 0.12059 0.60156 0.12059 0.72266 0.21471 0.72266 0.21471 0.60156
0 0.20588 0.77148 0.20588 0.87012 0.27353 0.87012 0.27353 0.77148
0 0.070588 0.77246 0.070588 0.87109 0.13824 0.87109 0.13824 0.77246
1 0.425 0.78809 0.425 0.9668 0.575 0.9668 0.575 0.78809
0 0.075 0.27832 0.075 0.38184 0.11912 0.38184 0.11912 0.27832
