0 0.09082 0.18765 0.09082 0.26667 0.1377 0.26667 0.1377 0.18765
0 0.088867 0.32222 0.088867 0.40123 0.1377 0.40123 0.1377 0.32222
0 0.086914 0.45926 0.086914 0.53704 0.13672 0.53704 0.13672 0.45926
0 0.086914 0.59136 0.086914 0.67037 0.13672 0.67037 0.13672 0.59136
0 0.085938 0.72593 0.085938 0.80494 0.13574 0.80494 0.13574 0.72593
0 0.90039 0.18642 0.90039 0.26543 0.9502 0.26543 0.9502 0.18642
0 0.90234 0.32593 0.90234 0.4037 0.95215 0.4037 0.95215 0.32593
0 0.90234 0.45802 0.90234 0.53704 0.95215 0.53704 0.95215 0.45802
0 0.9043 0.59506 0.9043 0.67407 0.9541 0.67407 0.9541 0.59506
0 0.90332 0.72963 0.90332 0.80864 0.95312 0.80864 0.95312 0.72963
0 0.21582 0.18642 0.21582 0.26667 0.24805 0.26667 0.24805 0.18642
0 0.29297 0.18519 0.29297 0.26543 0.3252 0.26543 0.3252 0.18519
0 0.34961 0.18642 0.34961 0.2679 0.38184 0.2679 0.38184 0.18642
0 0.41699 0.18519 0.41699 0.26667 0.44922 0.26667 0.44922 0.18519
0 0.4873 0.18519 0.4873 0.26667 0.51953 0.26667 0.51953 0.18519
0 0.21484 0.31975 0.21484 0.40123 0.24707 0.40123 0.24707 0.31975
0 0.29199 0.31975 0.29199 0.4 0.32227 0.4 0.32227 0.31975
0 0.35059 0.31975 0.35059 0.4 0.38086 0.4 0.38086 0.31975
0 0.41797 0.31975 0.41797 0.4 0.44922 0.4 0.44922 0.31975
0 0.48633 0.32099 0.48633 0.40123 0.51758 0.40123 0.51758 0.32099
0 0.54492 0.32346 0.54492 0.4037 0.57617 0.4037 0.57617 0.32346
0 0.61523 0.32099 0.61523 0.40123 0.64551 0.40123 0.64551 0.32099
0 0.61523 0.18642 0.61523 0.26667 0.64648 0.26667 0.64648 0.18642
0 0.5459 0.18395 0.5459 0.2642 0.57617 0.2642 0.57617 0.18395
0 0.21582 0.45802 0.21582 0.53827 0.24609 0.53827 0.24609 0.45802
0 0.29297 0.45802 0.29297 0.53827 0.32422 0.53827 0.32422 0.45802
0 0.34863 0.45679 0.34863 0.53704 0.37891 0.53704 0.37891 0.45679
0 0.41797 0.45802 0.41797 0.53827 0.44922 0.53827 0.44922 0.45802
0 0.48926 0.45679 0.48926 0.53704 0.52051 0.53704 0.52051 0.45679
0 0.54688 0.45556 0.54688 0.5358 0.57715 0.5358 0.57715 0.45556
0 0.61621 0.45802 0.61621 0.53827 0.64746 0.53827 0.64746 0.45802
0 0.21582 0.59012 0.21582 0.67037 0.24609 0.67037 0.24609 0.59012
0 0.29297 0.59136 0.29297 0.6716 0.32422 0.6716 0.32422 0.59136
0 0.34863 0.59259 0.34863 0.67284 0.37988 0.67284 0.37988 0.59259
0 0.41895 0.59259 0.41895 0.67284 0.4502 0.67284 0.4502 0.59259
0 0.49023 0.59383 0.49023 0.67407 0.52051 0.67407 0.52051 0.59383
0 0.54883 0.59259 0.54883 0.67284 0.58008 0.67284 0.58008 0.59259
0 0.61719 0.59259 0.61719 0.67284 0.64844 0.67284 0.64844 0.59259
0 0.68457 0.18642 0.68457 0.26543 0.71582 0.26543 0.71582 0.18642
0 0.74121 0.18765 0.74121 0.2679 0.77246 0.2679 0.77246 0.18765
0 0.81836 0.18765 0.81836 0.2679 0.84961 0.2679 0.84961 0.18765
0 0.82031 0.31975 0.82031 0.4 0.85156 0.4 0.85156 0.31975
0 0.74121 0.32222 0.74121 0.40247 0.77246 0.40247 0.77246 0.32222
0 0.68652 0.32099 0.68652 0.40123 0.7168 0.40123 0.7168 0.32099
0 0.68652 0.45679 0.68652 0.53704 0.71777 0.53704 0.71777 0.45679
0 0.74121 0.45802 0.74121 0.53827 0.77246 0.53827 0.77246 0.45802
0 0.82031 0.45679 0.82031 0.53704 0.85156 0.53704 0.85156 0.45679
0 0.82227 0.59383 0.82227 0.67407 0.85352 0.67407 0.85352 0.59383
0 0.74121 0.59383 0.74121 0.67407 0.77246 0.67407 0.77246 0.59383
0 0.68848 0.59383 0.68848 0.67407 0.71973 0.67407 0.71973 0.59383
0 0.82031 0.7284 0.82031 0.80741 0.85156 0.80741 0.85156 0.7284
0 0.74121 0.7284 0.74121 0.80741 0.77246 0.80741 0.77246 0.7284
0 0.68652 0.72963 0.68652 0.80988 0.7168 0.80988 0.7168 0.72963
0 0.61719 0.7284 0.61719 0.80864 0.64746 0.80864 0.64746 0.7284
0 0.54395 0.7284 0.54395 0.80864 0.57422 0.80864 0.57422 0.7284
0 0.48926 0.72593 0.48926 0.80617 0.51953 0.80617 0.51953 0.72593
0 0.41895 0.7284 0.41895 0.80741 0.4502 0.80741 0.4502 0.7284
0 0.21582 0.72593 0.21582 0.80617 0.24609 0.80617 0.24609 0.72593
0 0.34863 0.72716 0.34863 0.80741 0.37988 0.80741 0.37988 0.72716
0 0.29297 0.72716 0.29297 0.80617 0.32422 0.80617 0.32422 0.72716
1 0.25098 0.88148 0.25098 0.99012 0.28809 0.99012 0.28809 0.88148
1 0.44043 0.88272 0.44043 0.99136 0.47754 0.99136 0.47754 0.88272
1 0.60547 0.88519 0.60547 0.99383 0.64258 0.99383 0.64258 0.88519
1 0.09082 0.91481 0.09082 0.99506 0.12988 0.99506 0.12988 0.91481
