0 0.067383 0.24213 0.067383 0.32695 0.1416 0.32695 0.1416 0.24213
0 0.064453 0.34747 0.064453 0.42955 0.1377 0.42955 0.1377 0.34747
0 0.0625 0.44733 0.0625 0.52804 0.13672 0.52804 0.13672 0.44733
0 0.060547 0.55267 0.060547 0.63338 0.13477 0.63338 0.13477 0.55267
0 0.060547 0.6539 0.060547 0.73461 0.13477 0.73461 0.13477 0.6539
0 0.060547 0.7565 0.060547 0.83721 0.13477 0.83721 0.13477 0.7565
0 0.057617 0.85773 0.057617 0.93844 0.13184 0.93844 0.13184 0.85773
0 0.50879 0.10944 0.50879 0.19836 0.53711 0.19836 0.53711 0.10944
0 0.5459 0.11354 0.5459 0.20109 0.5752 0.20109 0.5752 0.11354
0 0.33789 0.11628 0.33789 0.19562 0.36719 0.19562 0.36719 0.11628
0 0.30078 0.11491 0.30078 0.19699 0.33008 0.19699 0.33008 0.11491
0 0.2959 0.31464 0.2959 0.42955 0.3291 0.42955 0.3291 0.31464
0 0.33594 0.31464 0.33594 0.42955 0.36914 0.42955 0.36914 0.31464
0 0.50391 0.31464 0.50391 0.42955 0.53711 0.42955 0.53711 0.31464
0 0.5459 0.31464 0.5459 0.42955 0.5791 0.42955 0.5791 0.31464
0 0.75195 0.31737 0.75195 0.43092 0.78516 0.43092 0.78516 0.31737
0 0.71289 0.31737 0.71289 0.43092 0.74609 0.43092 0.74609 0.31737
0 0.75098 0.51436 0.75098 0.63475 0.78418 0.63475 0.78418 0.51436
0 0.70996 0.5171 0.70996 0.63748 0.74316 0.63748 0.74316 0.5171
0 0.75293 0.71956 0.75293 0.83858 0.78516 0.83858 0.78516 0.71956
0 0.71191 0.72093 0.71191 0.83995 0.74414 0.83995 0.74414 0.72093
0 0.52246 0.49384 0.52246 0.6197 0.56934 0.6197 0.56934 0.49384
0 0.51953 0.70451 0.51953 0.83037 0.56641 0.83037 0.56641 0.70451
0 0.33398 0.51436 0.33398 0.63611 0.36816 0.63611 0.36816 0.51436
0 0.29102 0.51573 0.29102 0.63748 0.3252 0.63748 0.3252 0.51573
0 0.33008 0.7264 0.33008 0.84815 0.36426 0.84815 0.36426 0.7264
0 0.28809 0.7223 0.28809 0.84405 0.32227 0.84405 0.32227 0.7223
0 0.4248 0.69904 0.4248 0.82627 0.48145 0.82627 0.48145 0.69904
0 0.42871 0.48153 0.42871 0.61012 0.48535 0.61012 0.48535 0.48153
0 0.51465 0.92613 0.51465 0.99179 0.56641 0.99179 0.56641 0.92613
0 0.4248 0.92613 0.4248 0.99316 0.48047 0.99316 0.48047 0.92613
