0 0.1849 0.14258 0.1849 0.21387 0.25391 0.21387 0.25391 0.14258
0 0.34635 0.14355 0.34635 0.21484 0.41406 0.21484 0.41406 0.14355
0 0.1849 0.2832 0.1849 0.35547 0.25391 0.35547 0.25391 0.2832
0 0.34375 0.28516 0.34375 0.35547 0.41276 0.35547 0.41276 0.28516
0 0.50521 0.14551 0.50521 0.21582 0.57422 0.21582 0.57422 0.14551
0 0.50521 0.28516 0.50521 0.35547 0.57422 0.35547 0.57422 0.28516
0 0.66536 0.14551 0.66536 0.2168 0.73438 0.2168 0.73438 0.14551
0 0.66406 0.28613 0.66406 0.35547 0.73307 0.35547 0.73307 0.28613
0 0.66276 0.42383 0.66276 0.49414 0.73307 0.49414 0.73307 0.42383
0 0.5026 0.42383 0.5026 0.49414 0.57161 0.49414 0.57161 0.42383
0 0.66016 0.5625 0.66016 0.66797 0.72917 0.66797 0.72917 0.5625
0 0.5013 0.56152 0.5013 0.66797 0.57161 0.66797 0.57161 0.56152
0 0.66016 0.7002 0.66016 0.77051 0.72786 0.77051 0.72786 0.7002
0 0.5013 0.69922 0.5013 0.77051 0.57031 0.77051 0.57031 0.69922
0 0.34245 0.69824 0.34245 0.76953 0.41146 0.76953 0.41146 0.69824
0 0.34245 0.5625 0.34245 0.66797 0.41276 0.66797 0.41276 0.5625
0 0.18359 0.69922 0.18359 0.76953 0.2526 0.76953 0.2526 0.69922
0 0.18359 0.56152 0.18359 0.63281 0.2526 0.63281 0.2526 0.56152
0 0.18229 0.42285 0.18229 0.49414 0.2526 0.49414 0.2526 0.42285
0 0.34505 0.42285 0.34505 0.49512 0.41406 0.49512 0.41406 0.42285
0 0.022135 0.14258 0.022135 0.21289 0.092448 0.21289 0.092448 0.14258
0 0.022135 0.28223 0.022135 0.35352 0.092448 0.35352 0.092448 0.28223
0 0.022135 0.0019531 0.022135 0.067383 0.091146 0.067383 0.091146 0.0019531
0 0.1849 0.0039062 0.1849 0.069336 0.25521 0.069336 0.25521 0.0039062
0 0.34635 0.0029297 0.34635 0.069336 0.41667 0.069336 0.41667 0.0029297
0 0.50521 0.0058594 0.50521 0.072266 0.57552 0.072266 0.57552 0.0058594
0 0.66667 0.0058594 0.66667 0.071289 0.73698 0.071289 0.73698 0.0058594
0 0.82552 0.0058594 0.82552 0.072266 0.89583 0.072266 0.89583 0.0058594
0 0.82552 0.14648 0.82552 0.21582 0.89453 0.21582 0.89453 0.14648
0 0.82161 0.28516 0.82161 0.3584 0.89193 0.3584 0.89193 0.28516
0 0.82031 0.42383 0.82031 0.49707 0.89193 0.49707 0.89193 0.42383
0 0.81901 0.56055 0.81901 0.63379 0.88932 0.63379 0.88932 0.56055
0 0.81771 0.69727 0.81771 0.77051 0.88932 0.77051 0.88932 0.69727
0 0.37109 0.84766 0.37109 0.9082 0.42839 0.9082 0.42839 0.84766
0 0.23177 0.84863 0.23177 0.91016 0.29036 0.91016 0.29036 0.84863
0 0.64583 0.84766 0.64583 0.9082 0.70312 0.9082 0.70312 0.84766
0 0.78125 0.84766 0.78125 0.9082 0.83854 0.9082 0.83854 0.84766
1 0.47917 0.84277 0.47917 0.97363 0.59375 0.97363 0.59375 0.84277
