0 0.59505 0.67773 0.59505 0.69141 0.61589 0.69141 0.61589 0.67773
0 0.61979 0.67773 0.61979 0.69141 0.64583 0.69141 0.64583 0.67773
0 0.61979 0.69434 0.61979 0.72363 0.64583 0.72363 0.64583 0.69434
0 0.59505 0.69434 0.59505 0.72363 0.61589 0.72363 0.61589 0.69434
0 0.59115 0.76465 0.59115 0.81543 0.64323 0.81543 0.64323 0.76465
0 0.41276 0.86035 0.41276 0.89551 0.44922 0.89551 0.44922 0.86035
0 0.15104 0.76465 0.15104 0.81445 0.20443 0.81445 0.20443 0.76465
0 0.15234 0.67676 0.15234 0.69141 0.17578 0.69141 0.17578 0.67676
0 0.18099 0.67773 0.18099 0.69141 0.20443 0.69141 0.20443 0.67773
0 0.18099 0.69434 0.18099 0.72266 0.20443 0.72266 0.20443 0.69434
0 0.15234 0.69434 0.15234 0.72266 0.17578 0.72266 0.17578 0.69434
0 0.37891 0.67285 0.37891 0.6875 0.40365 0.6875 0.40365 0.67285
0 0.40755 0.67285 0.40755 0.68848 0.43229 0.68848 0.43229 0.67285
0 0.40755 0.69043 0.40755 0.72168 0.43229 0.72168 0.43229 0.69043
0 0.37891 0.69043 0.37891 0.72168 0.40365 0.72168 0.40365 0.69043
0 0.7487 0.50488 0.7487 0.54883 0.78385 0.54883 0.78385 0.50488
0 0.73047 0.59668 0.73047 0.64062 0.75781 0.64062 0.75781 0.59668
0 0.76953 0.59766 0.76953 0.63965 0.79427 0.63965 0.79427 0.59766
0 0.73568 0.78516 0.73568 0.83008 0.76302 0.83008 0.76302 0.78516
0 0.73698 0.69043 0.73698 0.73438 0.79557 0.73438 0.79557 0.69043
0 0.042969 0.5498 0.042969 0.60059 0.070312 0.60059 0.070312 0.5498
0 0.0039062 0.54883 0.0039062 0.60059 0.03125 0.60059 0.03125 0.54883
0 0.041667 0.64062 0.041667 0.68945 0.072917 0.68945 0.072917 0.64062
0 0.041667 0.73633 0.041667 0.78613 0.071615 0.78613 0.071615 0.73633
0 0.34766 0.94434 0.34766 0.97949 0.37891 0.97949 0.37891 0.94434
0 0.27995 0.94336 0.27995 0.97852 0.3112 0.97852 0.3112 0.94336
0 0.15495 0.93945 0.15495 0.97461 0.20182 0.97461 0.20182 0.93945
0 0.73568 0.88086 0.73568 0.92578 0.76172 0.92578 0.76172 0.88086
1 0.41146 0.91504 0.41146 0.99023 0.45443 0.99023 0.45443 0.91504
0 0.17969 0.49707 0.17969 0.53711 0.20312 0.53711 0.20312 0.49707
0 0.15234 0.49609 0.15234 0.53711 0.17578 0.53711 0.17578 0.49609
0 0.39714 0.49805 0.39714 0.54004 0.42057 0.54004 0.42057 0.49805
0 0.37109 0.49805 0.37109 0.54004 0.39323 0.54004 0.39323 0.49805
0 0.61979 0.49707 0.61979 0.53906 0.64193 0.53906 0.64193 0.49707
0 0.59245 0.49707 0.59245 0.53906 0.61458 0.53906 0.61458 0.49707
0 0.6224 0.58496 0.6224 0.63281 0.64714 0.63281 0.64714 0.58496
0 0.59375 0.58496 0.59375 0.63281 0.61589 0.63281 0.61589 0.58496
0 0.36979 0.58496 0.36979 0.63281 0.39193 0.63281 0.39193 0.58496
0 0.40234 0.58496 0.40234 0.63281 0.42448 0.63281 0.42448 0.58496
0 0.18359 0.58398 0.18359 0.63184 0.20573 0.63184 0.20573 0.58398
0 0.15234 0.58301 0.15234 0.63086 0.17448 0.63086 0.17448 0.58301
0 0.27604 0.49219 0.27604 0.54102 0.3125 0.54102 0.3125 0.49219
0 0.48438 0.49219 0.48438 0.54102 0.52083 0.54102 0.52083 0.49219
0 0.48307 0.58398 0.48307 0.63281 0.51953 0.63281 0.51953 0.58398
0 0.27734 0.58398 0.27734 0.63281 0.3138 0.63281 0.3138 0.58398
0 0.27734 0.67188 0.27734 0.72559 0.3125 0.72559 0.3125 0.67188
0 0.48438 0.67188 0.48438 0.72559 0.51953 0.72559 0.51953 0.67188
0 0.48047 0.76855 0.48047 0.81738 0.51823 0.81738 0.51823 0.76855
0 0.41146 0.76855 0.41146 0.81738 0.44792 0.81738 0.44792 0.76855
0 0.34375 0.76855 0.34375 0.81836 0.38021 0.81836 0.38021 0.76855
0 0.27474 0.76953 0.27474 0.81934 0.3112 0.81934 0.3112 0.76953
0 0.15625 0.85742 0.15625 0.90918 0.20312 0.90918 0.20312 0.85742
0 0.59766 0.85742 0.59766 0.91016 0.64453 0.91016 0.64453 0.85742
0 0.48438 0.85938 0.48438 0.90918 0.52083 0.90918 0.52083 0.85938
0 0.34635 0.85938 0.34635 0.90918 0.38281 0.90918 0.38281 0.85938
0 0.27604 0.85938 0.27604 0.90918 0.3125 0.90918 0.3125 0.85938
