0 0.17949 0.11181 0.17949 0.18776 0.25049 0.18776 0.25049 0.11181
0 0.26627 0.11392 0.26627 0.18776 0.33728 0.18776 0.33728 0.11392
0 0.35503 0.11603 0.35503 0.19198 0.42604 0.19198 0.42604 0.11603
0 0.44379 0.11814 0.44379 0.19409 0.51479 0.19409 0.51479 0.11814
0 0.53254 0.11814 0.53254 0.19409 0.60552 0.19409 0.60552 0.11814
0 0.09073 0.11392 0.09073 0.18776 0.16174 0.18776 0.16174 0.11392
0 0.20118 0.25949 0.20118 0.36709 0.26233 0.36709 0.26233 0.25949
0 0.37278 0.25949 0.37278 0.37131 0.4359 0.37131 0.4359 0.25949
0 0.55227 0.2616 0.55227 0.37131 0.61538 0.37131 0.61538 0.2616
0 0.77515 0.26793 0.77515 0.37553 0.83629 0.37553 0.83629 0.26793
0 0.77515 0.45359 0.77515 0.5865 0.83826 0.5865 0.83826 0.45359
0 0.54832 0.44726 0.54832 0.57806 0.61933 0.57806 0.61933 0.44726
0 0.36884 0.44515 0.36884 0.57595 0.43984 0.57595 0.43984 0.44515
0 0.19329 0.44304 0.19329 0.57384 0.2643 0.57384 0.2643 0.44304
0 0.19921 0.6519 0.19921 0.76582 0.26233 0.76582 0.26233 0.6519
0 0.37278 0.65401 0.37278 0.76793 0.4359 0.76793 0.4359 0.65401
0 0.55227 0.66034 0.55227 0.77426 0.61538 0.77426 0.61538 0.66034
0 0.77712 0.66245 0.77712 0.77637 0.84024 0.77637 0.84024 0.66245
