0 0.15878 0.073242 0.15878 0.12012 0.28378 0.12012 0.28378 0.073242
0 0.69932 0.073242 0.69932 0.12109 0.82432 0.12109 0.82432 0.073242
0 0.41554 0.072266 0.41554 0.11914 0.57095 0.11914 0.57095 0.072266
0 0.16216 0.15234 0.16216 0.19238 0.28716 0.19238 0.28716 0.15234
0 0.7027 0.15137 0.7027 0.19141 0.8277 0.19141 0.8277 0.15137
0 0.41554 0.15234 0.41554 0.19238 0.57432 0.19238 0.57432 0.15234
0 0.14865 0.24609 0.14865 0.29297 0.29054 0.29297 0.29054 0.24609
0 0.69257 0.24609 0.69257 0.29297 0.83446 0.29297 0.83446 0.24609
0 0.41554 0.24609 0.41554 0.29297 0.57432 0.29297 0.57432 0.24609
0 0.15203 0.32715 0.15203 0.38672 0.28041 0.38672 0.28041 0.32715
0 0.7027 0.32617 0.7027 0.38477 0.83446 0.38477 0.83446 0.32617
0 0.41216 0.32812 0.41216 0.38477 0.57432 0.38477 0.57432 0.32812
0 0.41554 0.41602 0.41554 0.48145 0.57432 0.48145 0.57432 0.41602
0 0.71284 0.41699 0.71284 0.47461 0.83784 0.47461 0.83784 0.41699
0 0.15878 0.41895 0.15878 0.47656 0.28378 0.47656 0.28378 0.41895
0 0.71622 0.5166 0.71622 0.56445 0.84797 0.56445 0.84797 0.5166
0 0.14865 0.52051 0.14865 0.56738 0.28041 0.56738 0.28041 0.52051
0 0.71622 0.60352 0.71622 0.65723 0.83784 0.65723 0.83784 0.60352
0 0.16216 0.60547 0.16216 0.66016 0.28716 0.66016 0.28716 0.60547
0 0.41892 0.60352 0.41892 0.66504 0.58446 0.66504 0.58446 0.60352
0 0.41892 0.70117 0.41892 0.75488 0.58108 0.75488 0.58108 0.70117
0 0.71284 0.69922 0.71284 0.75293 0.84122 0.75293 0.84122 0.69922
0 0.16216 0.70312 0.16216 0.75684 0.28041 0.75684 0.28041 0.70312
0 0.38176 0.80664 0.38176 0.85938 0.74324 0.85938 0.74324 0.80664
0 0.79392 0.80469 0.79392 0.85938 0.84797 0.85938 0.84797 0.80469
0 0.38514 0.51953 0.38514 0.56445 0.61486 0.56445 0.61486 0.51953
