0 0.067383 0.25822 0.067383 0.36184 0.092773 0.36184 0.092773 0.25822
0 0.18262 0.25493 0.18262 0.3602 0.2168 0.3602 0.2168 0.25493
0 0.066406 0.46053 0.066406 0.56414 0.09375 0.56414 0.09375 0.46053
0 0.18164 0.45724 0.18164 0.56086 0.21582 0.56086 0.21582 0.45724
0 0.32812 0.25493 0.32812 0.36184 0.35449 0.36184 0.35449 0.25493
0 0.32715 0.45724 0.32715 0.56086 0.35352 0.56086 0.35352 0.45724
0 0.035156 0.25822 0.035156 0.36349 0.061523 0.36349 0.061523 0.25822
0 0.03418 0.46053 0.03418 0.56414 0.061523 0.56414 0.061523 0.46053
0 0.066406 0.66612 0.066406 0.76974 0.09375 0.76974 0.09375 0.66612
0 0.03418 0.66612 0.03418 0.76974 0.061523 0.76974 0.061523 0.66612
0 0.18262 0.66447 0.18262 0.76974 0.2168 0.76974 0.2168 0.66447
0 0.29688 0.45724 0.29688 0.56086 0.32227 0.56086 0.32227 0.45724
0 0.42285 0.45559 0.42285 0.55921 0.44922 0.55921 0.44922 0.45559
0 0.45508 0.45559 0.45508 0.56086 0.48145 0.56086 0.48145 0.45559
0 0.29688 0.66447 0.29688 0.76809 0.32324 0.76809 0.32324 0.66447
0 0.32812 0.66447 0.32812 0.76974 0.35449 0.76974 0.35449 0.66447
0 0.29688 0.25493 0.29688 0.36184 0.32324 0.36184 0.32324 0.25493
0 0.4541 0.25329 0.4541 0.36184 0.48047 0.36184 0.48047 0.25329
0 0.42383 0.25493 0.42383 0.36184 0.44922 0.36184 0.44922 0.25493
0 0.56348 0.25493 0.56348 0.3602 0.59863 0.3602 0.59863 0.25493
0 0.42285 0.66447 0.42285 0.77303 0.44922 0.77303 0.44922 0.66447
0 0.4541 0.66283 0.4541 0.77303 0.48047 0.77303 0.48047 0.66283
0 0.56445 0.45395 0.56445 0.56086 0.59863 0.56086 0.59863 0.45395
0 0.56348 0.66283 0.56348 0.76809 0.59863 0.76809 0.59863 0.66283
0 0.67383 0.23849 0.67383 0.33717 0.70312 0.33717 0.70312 0.23849
0 0.67383 0.43914 0.67383 0.53947 0.70312 0.53947 0.70312 0.43914
0 0.6748 0.63487 0.6748 0.74178 0.70508 0.74178 0.70508 0.63487
0 0.72168 0.23684 0.72168 0.33717 0.75098 0.33717 0.75098 0.23684
0 0.7207 0.43914 0.7207 0.53783 0.75 0.53783 0.75 0.43914
0 0.79297 0.24507 0.79297 0.34375 0.82422 0.34375 0.82422 0.24507
0 0.72168 0.63651 0.72168 0.74342 0.75195 0.74342 0.75195 0.63651
0 0.79102 0.44243 0.79102 0.54605 0.8252 0.54605 0.8252 0.44243
0 0.79395 0.6398 0.79395 0.74507 0.82715 0.74507 0.82715 0.6398
0 0.86816 0.6398 0.86816 0.74507 0.90137 0.74507 0.90137 0.6398
0 0.86523 0.44243 0.86523 0.54605 0.89844 0.54605 0.89844 0.44243
0 0.93848 0.44243 0.93848 0.54441 0.97168 0.54441 0.97168 0.44243
0 0.86621 0.24342 0.86621 0.34211 0.89844 0.34211 0.89844 0.24342
0 0.94043 0.24342 0.94043 0.34211 0.97266 0.34211 0.97266 0.24342
1 0.5459 0.86842 0.5459 0.99671 0.61719 0.99671 0.61719 0.86842
0 0.18945 0.085526 0.18945 0.125 0.21191 0.125 0.21191 0.085526
0 0.57031 0.083882 0.57031 0.12664 0.59375 0.12664 0.59375 0.083882
