0 0.24572 0.11011 0.24572 0.17753 0.27372 0.17753 0.27372 0.11011
0 0.18974 0.11011 0.18974 0.17753 0.21928 0.17753 0.21928 0.11011
0 0.13686 0.11236 0.13686 0.17978 0.1633 0.17978 0.1633 0.11236
0 0.24572 0.25843 0.24572 0.34157 0.27527 0.34157 0.27527 0.25843
0 0.19285 0.26067 0.19285 0.34157 0.22084 0.34157 0.22084 0.26067
0 0.1353 0.26067 0.1353 0.34157 0.16485 0.34157 0.16485 0.26067
0 0.24728 0.41348 0.24728 0.49438 0.27683 0.49438 0.27683 0.41348
0 0.19285 0.41348 0.19285 0.49663 0.2224 0.49663 0.2224 0.41348
0 0.13841 0.41348 0.13841 0.49663 0.16641 0.49663 0.16641 0.41348
0 0.24728 0.5618 0.24728 0.64045 0.27683 0.64045 0.27683 0.5618
0 0.1944 0.55955 0.1944 0.6382 0.22395 0.6382 0.22395 0.55955
0 0.13841 0.56404 0.13841 0.64045 0.16796 0.64045 0.16796 0.56404
0 0.24883 0.69888 0.24883 0.77079 0.27994 0.77079 0.27994 0.69888
0 0.19596 0.69888 0.19596 0.77303 0.22551 0.77303 0.22551 0.69888
0 0.14308 0.69888 0.14308 0.77303 0.17418 0.77303 0.17418 0.69888
0 0.42457 0.10562 0.42457 0.19326 0.4619 0.19326 0.4619 0.10562
0 0.3437 0.10787 0.3437 0.19326 0.38103 0.19326 0.38103 0.10787
0 0.50078 0.10562 0.50078 0.19101 0.5381 0.19101 0.5381 0.10562
0 0.34837 0.51685 0.34837 0.60225 0.38258 0.60225 0.38258 0.51685
0 0.42457 0.51685 0.42457 0.60449 0.46034 0.60449 0.46034 0.51685
0 0.34681 0.24494 0.34681 0.32809 0.38258 0.32809 0.38258 0.24494
0 0.42146 0.24494 0.42146 0.32809 0.45879 0.32809 0.45879 0.24494
0 0.50389 0.2427 0.50389 0.32584 0.54121 0.32584 0.54121 0.2427
0 0.34526 0.37753 0.34526 0.46292 0.38725 0.46292 0.38725 0.37753
0 0.42146 0.37753 0.42146 0.46292 0.46345 0.46292 0.46345 0.37753
0 0.49767 0.37528 0.49767 0.45843 0.53966 0.45843 0.53966 0.37528
0 0.50389 0.51685 0.50389 0.60225 0.54432 0.60225 0.54432 0.51685
0 0.34681 0.65843 0.34681 0.75056 0.38569 0.75056 0.38569 0.65843
0 0.42613 0.65843 0.42613 0.75056 0.46345 0.75056 0.46345 0.65843
0 0.50233 0.65843 0.50233 0.74831 0.53966 0.74831 0.53966 0.65843
0 0.73095 0.25843 0.73095 0.33933 0.7605 0.33933 0.7605 0.25843
0 0.79782 0.25843 0.79782 0.33933 0.82737 0.33933 0.82737 0.25843
0 0.86003 0.25843 0.86003 0.33933 0.88958 0.33933 0.88958 0.25843
0 0.72939 0.39775 0.72939 0.4809 0.75894 0.4809 0.75894 0.39775
0 0.79627 0.4 0.79627 0.4809 0.82582 0.4809 0.82582 0.4
0 0.86314 0.39775 0.86314 0.4809 0.89114 0.4809 0.89114 0.39775
0 0.86159 0.55056 0.86159 0.62697 0.89114 0.62697 0.89114 0.55056
0 0.79627 0.55056 0.79627 0.62697 0.82582 0.62697 0.82582 0.55056
0 0.7325 0.55281 0.7325 0.62921 0.76205 0.62921 0.76205 0.55281
0 0.86003 0.69438 0.86003 0.77528 0.88958 0.77528 0.88958 0.69438
0 0.79782 0.69438 0.79782 0.77528 0.82737 0.77528 0.82737 0.69438
0 0.73095 0.69438 0.73095 0.77528 0.7605 0.77528 0.7605 0.69438
0 0.60809 0.67865 0.60809 0.77079 0.62986 0.77079 0.62986 0.67865
0 0.63919 0.6764 0.63919 0.77079 0.65785 0.77079 0.65785 0.6764
0 0.66719 0.67865 0.66719 0.77079 0.6874 0.77079 0.6874 0.67865
0 0.70295 0.096629 0.70295 0.1236 0.7154 0.1236 0.7154 0.096629
0 0.7465 0.10112 0.7465 0.13034 0.75894 0.13034 0.75894 0.10112
0 0.6563 0.30787 0.6563 0.36629 0.68274 0.36629 0.68274 0.30787
0 0.65008 0.43146 0.65008 0.48989 0.67496 0.48989 0.67496 0.43146
0 0.65319 0.55056 0.65319 0.60899 0.67807 0.60899 0.67807 0.55056
1 0.43235 0.82472 0.43235 0.95955 0.46501 0.95955 0.46501 0.82472
1 0.87558 0.82697 0.87558 0.95056 0.90669 0.95056 0.90669 0.82697
1 0.7776 0.85169 0.7776 0.94831 0.80249 0.94831 0.80249 0.85169
1 0.62675 0.84494 0.62675 0.95955 0.6703 0.95955 0.6703 0.84494
