0 0.17505 0.12693 0.17505 0.21362 0.21932 0.21362 0.21932 0.12693
0 0.22938 0.12693 0.22938 0.21053 0.27364 0.21053 0.27364 0.12693
0 0.36217 0.12384 0.36217 0.20743 0.40443 0.20743 0.40443 0.12384
0 0.41449 0.12074 0.41449 0.20743 0.45875 0.20743 0.45875 0.12074
0 0.60161 0.11765 0.60161 0.20433 0.64588 0.20433 0.64588 0.11765
0 0.5493 0.11765 0.5493 0.20433 0.59155 0.20433 0.59155 0.11765
0 0.62173 0.29412 0.62173 0.39938 0.666 0.39938 0.666 0.29412
0 0.56338 0.29412 0.56338 0.39628 0.60765 0.39628 0.60765 0.29412
0 0.42455 0.29102 0.42455 0.40248 0.47082 0.40248 0.47082 0.29102
0 0.37022 0.29102 0.37022 0.40248 0.4165 0.40248 0.4165 0.29102
0 0.2334 0.29412 0.2334 0.40248 0.27968 0.40248 0.27968 0.29412
0 0.17907 0.29102 0.17907 0.40248 0.22535 0.40248 0.22535 0.29102
0 0.2334 0.49845 0.2334 0.60681 0.27968 0.60681 0.27968 0.49845
0 0.17907 0.49845 0.17907 0.60991 0.22535 0.60991 0.22535 0.49845
0 0.37223 0.49845 0.37223 0.60681 0.41851 0.60681 0.41851 0.49845
0 0.42656 0.49845 0.42656 0.60681 0.47284 0.60681 0.47284 0.49845
0 0.27364 0.027864 0.27364 0.065015 0.29779 0.065015 0.29779 0.027864
0 0.44266 0.024768 0.44266 0.058824 0.4668 0.058824 0.4668 0.024768
0 0.56539 0.49845 0.56539 0.60681 0.60966 0.60681 0.60966 0.49845
0 0.62374 0.49845 0.62374 0.60681 0.67002 0.60681 0.67002 0.49845
