0 0.23389 0.10449 0.23389 0.14062 0.29282 0.14062 0.29282 0.10449
0 0.31308 0.10742 0.31308 0.14258 0.37201 0.14258 0.37201 0.10742
0 0.43831 0.10742 0.43831 0.14453 0.49171 0.14453 0.49171 0.10742
0 0.51565 0.10742 0.51565 0.14453 0.5709 0.14453 0.5709 0.10742
0 0.6372 0.11035 0.6372 0.14844 0.69061 0.14844 0.69061 0.11035
0 0.71087 0.11133 0.71087 0.14941 0.76611 0.14941 0.76611 0.11133
0 0.23573 0.17871 0.23573 0.21387 0.29282 0.21387 0.29282 0.17871
0 0.31308 0.18164 0.31308 0.2168 0.36832 0.2168 0.36832 0.18164
0 0.43462 0.18066 0.43462 0.21582 0.49171 0.21582 0.49171 0.18066
0 0.51565 0.18262 0.51565 0.21777 0.5709 0.21777 0.5709 0.18262
0 0.6372 0.18457 0.6372 0.21875 0.69245 0.21875 0.69245 0.18457
0 0.71455 0.18457 0.71455 0.21973 0.7698 0.21973 0.7698 0.18457
0 0.71087 0.25781 0.71087 0.29297 0.76796 0.29297 0.76796 0.25781
0 0.63904 0.25684 0.63904 0.29199 0.69613 0.29199 0.69613 0.25684
0 0.51381 0.25781 0.51381 0.29297 0.5709 0.29297 0.5709 0.25781
0 0.43646 0.25586 0.43646 0.29102 0.49171 0.29102 0.49171 0.25586
0 0.31492 0.25586 0.31492 0.29102 0.37201 0.29102 0.37201 0.25586
0 0.23389 0.25684 0.23389 0.29199 0.29098 0.29199 0.29098 0.25684
0 0.23757 0.3291 0.23757 0.36426 0.29282 0.36426 0.29282 0.3291
0 0.31676 0.3291 0.31676 0.36426 0.37201 0.36426 0.37201 0.3291
0 0.43831 0.33105 0.43831 0.36621 0.49355 0.36621 0.49355 0.33105
0 0.5175 0.33105 0.5175 0.36621 0.57274 0.36621 0.57274 0.33105
0 0.6372 0.3291 0.6372 0.36426 0.69245 0.36426 0.69245 0.3291
0 0.70902 0.33008 0.70902 0.36523 0.76611 0.36523 0.76611 0.33008
0 0.87477 0.33301 0.87477 0.36816 0.9337 0.36816 0.9337 0.33301
0 0.87845 0.26172 0.87845 0.29688 0.9337 0.29688 0.9337 0.26172
0 0.060773 0.25684 0.060773 0.29199 0.12155 0.29199 0.12155 0.25684
0 0.060773 0.3291 0.060773 0.36426 0.12523 0.36426 0.12523 0.3291
0 0.069982 0.40625 0.069982 0.44141 0.12523 0.44141 0.12523 0.40625
0 0.064457 0.48047 0.064457 0.51562 0.12707 0.51562 0.12707 0.48047
0 0.071823 0.55469 0.071823 0.58984 0.12891 0.58984 0.12891 0.55469
0 0.073665 0.62793 0.073665 0.66309 0.13076 0.66309 0.13076 0.62793
0 0.23941 0.4043 0.23941 0.43945 0.2965 0.43945 0.2965 0.4043
0 0.31676 0.4043 0.31676 0.43945 0.37201 0.43945 0.37201 0.4043
0 0.32044 0.47852 0.32044 0.51367 0.37569 0.51367 0.37569 0.47852
0 0.23941 0.47852 0.23941 0.51367 0.2965 0.51367 0.2965 0.47852
0 0.23757 0.55273 0.23757 0.58789 0.29466 0.58789 0.29466 0.55273
0 0.32044 0.55371 0.32044 0.58887 0.37569 0.58887 0.37569 0.55371
0 0.43646 0.40527 0.43646 0.44043 0.49355 0.44043 0.49355 0.40527
0 0.5175 0.4043 0.5175 0.43945 0.57459 0.43945 0.57459 0.4043
0 0.63536 0.40625 0.63536 0.44141 0.69245 0.44141 0.69245 0.40625
0 0.71455 0.40527 0.71455 0.44043 0.77164 0.44043 0.77164 0.40527
0 0.87293 0.40527 0.87293 0.44238 0.93738 0.44238 0.93738 0.40527
0 0.87293 0.47852 0.87293 0.51562 0.93554 0.51562 0.93554 0.47852
0 0.71271 0.47852 0.71271 0.51367 0.7698 0.51367 0.7698 0.47852
0 0.63904 0.47852 0.63904 0.51367 0.69429 0.51367 0.69429 0.47852
0 0.51565 0.47852 0.51565 0.51367 0.5709 0.51367 0.5709 0.47852
0 0.44199 0.47949 0.44199 0.51465 0.49724 0.51465 0.49724 0.47949
0 0.87845 0.55176 0.87845 0.58691 0.9337 0.58691 0.9337 0.55176
0 0.71823 0.55273 0.71823 0.58789 0.77348 0.58789 0.77348 0.55273
0 0.63536 0.55273 0.63536 0.58789 0.69245 0.58789 0.69245 0.55273
0 0.5175 0.55176 0.5175 0.58691 0.57274 0.58691 0.57274 0.55176
0 0.44015 0.55371 0.44015 0.58887 0.49724 0.58887 0.49724 0.55371
0 0.87293 0.69531 0.87293 0.73047 0.93002 0.73047 0.93002 0.69531
0 0.87845 0.62402 0.87845 0.65918 0.93554 0.65918 0.93554 0.62402
0 0.07919 0.7002 0.07919 0.73535 0.13628 0.73535 0.13628 0.7002
0 0.084715 0.77637 0.084715 0.81738 0.1418 0.81738 0.1418 0.77637
0 0.084715 0.77637 0.084715 0.8291 0.1418 0.8291 0.1418 0.77637
0 0.87293 0.76953 0.87293 0.80957 0.92818 0.80957 0.92818 0.76953
0 0.26335 0.7002 0.26335 0.73633 0.36648 0.73633 0.36648 0.7002
0 0.26151 0.62598 0.26151 0.66602 0.35912 0.66602 0.35912 0.62598
0 0.46041 0.62598 0.46041 0.66699 0.55801 0.66699 0.55801 0.62598
0 0.65562 0.62305 0.65562 0.66406 0.75322 0.66406 0.75322 0.62305
0 0.65378 0.69629 0.65378 0.73633 0.75322 0.73633 0.75322 0.69629
0 0.46225 0.69629 0.46225 0.7373 0.56169 0.7373 0.56169 0.69629
0 0.26888 0.77344 0.26888 0.82129 0.3628 0.82129 0.3628 0.77344
0 0.46409 0.77246 0.46409 0.82422 0.55801 0.82422 0.55801 0.77246
0 0.65562 0.77148 0.65562 0.82324 0.74954 0.82324 0.74954 0.77148
0 0.46593 0.039062 0.46593 0.06543 0.51381 0.06543 0.51381 0.039062
0 0.34991 0.038086 0.34991 0.064453 0.39779 0.064453 0.39779 0.038086
0 0.27993 0.035156 0.27993 0.061523 0.32781 0.061523 0.32781 0.035156
0 0.53223 0.040039 0.53223 0.066406 0.58011 0.066406 0.58011 0.040039
0 0.64641 0.041992 0.64641 0.069336 0.69429 0.069336 0.69429 0.041992
0 0.71823 0.042969 0.71823 0.069336 0.76611 0.069336 0.76611 0.042969
1 0.07919 0.93164 0.07919 0.99023 0.15285 0.99023 0.15285 0.93164
1 0.86004 0.9209 0.86004 0.97363 0.93002 0.97363 0.93002 0.9209
1 0.26335 0.87012 0.26335 0.97754 0.3849 0.97754 0.3849 0.87012
1 0.45304 0.86816 0.45304 0.97461 0.57459 0.97461 0.57459 0.86816
1 0.63904 0.86719 0.63904 0.97363 0.76059 0.97363 0.76059 0.86719
