0 0.43175 0.14458 0.43175 0.24337 0.50317 0.24337 0.50317 0.14458
0 0.75238 0.14458 0.75238 0.24337 0.82381 0.24337 0.82381 0.14458
0 0.40952 0.32289 0.40952 0.42169 0.48095 0.42169 0.48095 0.32289
0 0.78254 0.3253 0.78254 0.42651 0.84762 0.42651 0.84762 0.3253
0 0.4127 0.51566 0.4127 0.57108 0.47937 0.57108 0.47937 0.51566
0 0.77937 0.51807 0.77937 0.57108 0.84603 0.57108 0.84603 0.51807
0 0.6 0.14217 0.6 0.20723 0.66984 0.20723 0.66984 0.14217
0 0.18571 0.098795 0.18571 0.18072 0.2746 0.18072 0.2746 0.098795
0 0.11746 0.26506 0.11746 0.42892 0.19365 0.42892 0.19365 0.26506
0 0.24921 0.27711 0.24921 0.45301 0.32381 0.45301 0.32381 0.27711
0 0.59683 0.32048 0.59683 0.47711 0.66984 0.47711 0.66984 0.32048
0 0.6 0.51566 0.6 0.56867 0.66667 0.56867 0.66667 0.51566
0 0.15714 0.47711 0.15714 0.57108 0.20476 0.57108 0.20476 0.47711
0 0.10476 0.4747 0.10476 0.56627 0.14444 0.56627 0.14444 0.4747
0 0.23016 0.47952 0.23016 0.57108 0.2746 0.57108 0.2746 0.47952
0 0.29048 0.49157 0.29048 0.57108 0.33175 0.57108 0.33175 0.49157
