0 0.073211 0.31871 0.073211 0.37182 0.1198 0.37182 0.1198 0.31871
0 0.21131 0.32102 0.21131 0.36721 0.26456 0.36721 0.26456 0.32102
0 0.3411 0.32102 0.3411 0.36721 0.39434 0.36721 0.39434 0.32102
0 0.82196 0.31871 0.82196 0.36952 0.90017 0.36952 0.90017 0.31871
0 0.7188 0.31871 0.7188 0.36721 0.797 0.36721 0.797 0.31871
0 0.61897 0.31871 0.61897 0.36952 0.69717 0.36952 0.69717 0.31871
0 0.51913 0.32102 0.51913 0.36952 0.59734 0.36952 0.59734 0.32102
0 0.42097 0.31871 0.42097 0.36952 0.49917 0.36952 0.49917 0.31871
0 0.92845 0.31871 0.92845 0.36721 0.98336 0.36721 0.98336 0.31871
0 0.52413 0.53118 0.52413 0.61894 0.59734 0.61894 0.59734 0.53118
0 0.62396 0.53118 0.62396 0.61894 0.69717 0.61894 0.69717 0.53118
0 0.72379 0.53118 0.72379 0.62125 0.797 0.62125 0.797 0.53118
0 0.42429 0.53118 0.42429 0.61894 0.49917 0.61894 0.49917 0.53118
0 0.16473 0.50808 0.16473 0.62125 0.31448 0.62125 0.31448 0.50808
0 0.82363 0.53118 0.82363 0.61894 0.90017 0.61894 0.90017 0.53118
0 0.34443 0.52887 0.34443 0.61894 0.39767 0.61894 0.39767 0.52887
0 0.93344 0.53118 0.93344 0.61663 0.98336 0.61663 0.98336 0.53118
0 0.16473 0.72748 0.16473 0.80831 0.22296 0.80831 0.22296 0.72748
0 0.2579 0.72748 0.2579 0.80831 0.31614 0.80831 0.31614 0.72748
0 0.22962 0.72748 0.22962 0.81062 0.25458 0.81062 0.25458 0.72748
0 0.25957 0.63741 0.25957 0.70439 0.3178 0.70439 0.3178 0.63741
0 0.16473 0.63741 0.16473 0.70439 0.22296 0.70439 0.22296 0.63741
0 0.22795 0.63741 0.22795 0.70439 0.25125 0.70439 0.25125 0.63741
0 0.42596 0.63741 0.42596 0.70439 0.5025 0.70439 0.5025 0.63741
0 0.52246 0.63741 0.52246 0.70439 0.60067 0.70439 0.60067 0.63741
0 0.62396 0.63972 0.62396 0.70439 0.70216 0.70439 0.70216 0.63972
0 0.72546 0.63972 0.72546 0.7067 0.802 0.7067 0.802 0.63972
0 0.82696 0.63972 0.82696 0.7067 0.90516 0.7067 0.90516 0.63972
0 0.72712 0.71824 0.72712 0.80831 0.80366 0.80831 0.80366 0.71824
0 0.82529 0.71594 0.82529 0.80831 0.90183 0.80831 0.90183 0.71594
0 0.52579 0.71363 0.52579 0.806 0.60233 0.806 0.60233 0.71363
0 0.42429 0.71363 0.42429 0.806 0.50083 0.806 0.50083 0.71363
0 0.3411 0.66051 0.3411 0.70901 0.39933 0.70901 0.39933 0.66051
0 0.34609 0.7321 0.34609 0.75982 0.39767 0.75982 0.39767 0.7321
0 0.9218 0.194 0.9218 0.28176 0.97837 0.28176 0.97837 0.194
0 0.33611 0.1963 0.33611 0.28868 0.39434 0.28868 0.39434 0.1963
0 0.22795 0.21016 0.22795 0.26328 0.24792 0.26328 0.24792 0.21016
0 0.44925 0.21016 0.44925 0.26097 0.46922 0.26097 0.46922 0.21016
0 0.54908 0.21016 0.54908 0.26328 0.56739 0.26328 0.56739 0.21016
0 0.64725 0.20785 0.64725 0.25866 0.66556 0.25866 0.66556 0.20785
0 0.74709 0.20785 0.74709 0.25866 0.76539 0.25866 0.76539 0.20785
0 0.84692 0.20785 0.84692 0.25866 0.86689 0.25866 0.86689 0.20785
0 0.079867 0.18938 0.079867 0.24942 0.10982 0.24942 0.10982 0.18938
0 0.35774 0.14781 0.35774 0.18245 0.37937 0.18245 0.37937 0.14781
0 0.94176 0.14088 0.94176 0.17783 0.96506 0.17783 0.96506 0.14088
0 0.25957 0.22402 0.25957 0.24942 0.27454 0.24942 0.27454 0.22402
0 0.28453 0.22633 0.28453 0.25173 0.2995 0.25173 0.2995 0.22633
0 0.48586 0.22171 0.48586 0.24711 0.49917 0.24711 0.49917 0.22171
0 0.51248 0.22171 0.51248 0.24711 0.52579 0.24711 0.52579 0.22171
0 0.68053 0.21709 0.68053 0.2448 0.69384 0.2448 0.69384 0.21709
0 0.71048 0.21709 0.71048 0.24249 0.72379 0.24249 0.72379 0.21709
0 0.81198 0.21709 0.81198 0.24249 0.82529 0.24249 0.82529 0.21709
0 0.7787 0.21709 0.7787 0.2448 0.79201 0.2448 0.79201 0.21709
1 0.06822 0.66513 0.06822 0.8291 0.12646 0.8291 0.12646 0.66513
1 0.93344 0.66513 0.93344 0.82679 0.98669 0.82679 0.98669 0.66513
0 0.16805 0.32102 0.16805 0.36952 0.19634 0.36952 0.19634 0.32102
0 0.27787 0.32102 0.27787 0.36952 0.30948 0.36952 0.30948 0.32102
0 0.074875 0.40878 0.074875 0.48499 0.11814 0.48499 0.11814 0.40878
0 0.20799 0.40878 0.20799 0.48268 0.26955 0.48268 0.26955 0.40878
0 0.076539 0.51501 0.076539 0.62125 0.11814 0.62125 0.11814 0.51501
0 0.34443 0.40878 0.34443 0.48499 0.39601 0.48499 0.39601 0.40878
0 0.42429 0.40647 0.42429 0.48037 0.49917 0.48037 0.49917 0.40647
0 0.52413 0.40878 0.52413 0.48499 0.599 0.48499 0.599 0.40878
0 0.62063 0.40878 0.62063 0.48499 0.69551 0.48499 0.69551 0.40878
0 0.72047 0.40647 0.72047 0.48268 0.79534 0.48268 0.79534 0.40647
0 0.8203 0.40878 0.8203 0.48499 0.89684 0.48499 0.89684 0.40878
0 0.93012 0.40647 0.93012 0.48268 0.98336 0.48268 0.98336 0.40647
0 0.16639 0.41109 0.16639 0.48268 0.203 0.48268 0.203 0.41109
0 0.27454 0.41109 0.27454 0.48268 0.31115 0.48268 0.31115 0.41109
