0 0.16016 0.27246 0.16016 0.33594 0.23828 0.33594 0.23828 0.27246
0 0.30339 0.27246 0.30339 0.33789 0.38021 0.33789 0.38021 0.27246
0 0.16146 0.41309 0.16146 0.48535 0.23828 0.48535 0.23828 0.41309
0 0.30469 0.41309 0.30469 0.48535 0.38151 0.48535 0.38151 0.41309
0 0.44401 0.27344 0.44401 0.33887 0.52214 0.33887 0.52214 0.27344
0 0.58724 0.27344 0.58724 0.33887 0.66406 0.33887 0.66406 0.27344
0 0.44661 0.41406 0.44661 0.48633 0.52214 0.48633 0.52214 0.41406
0 0.58724 0.41406 0.58724 0.48633 0.66536 0.48633 0.66536 0.41406
0 0.72656 0.27539 0.72656 0.33887 0.80208 0.33887 0.80208 0.27539
0 0.72786 0.41504 0.72786 0.48633 0.80339 0.48633 0.80339 0.41504
0 0.58724 0.55469 0.58724 0.62695 0.66406 0.62695 0.66406 0.55469
0 0.72786 0.55566 0.72786 0.62598 0.80599 0.62598 0.80599 0.55566
0 0.58724 0.69434 0.58724 0.7666 0.66406 0.7666 0.66406 0.69434
0 0.72786 0.69434 0.72786 0.76562 0.80469 0.76562 0.80469 0.69434
0 0.59766 0.83984 0.59766 0.91016 0.64714 0.91016 0.64714 0.83984
0 0.73698 0.84082 0.73698 0.91016 0.78646 0.91016 0.78646 0.84082
0 0.45964 0.83984 0.45964 0.91016 0.50781 0.91016 0.50781 0.83984
0 0.30469 0.69531 0.30469 0.76367 0.38281 0.76367 0.38281 0.69531
0 0.44792 0.69531 0.44792 0.7666 0.52474 0.7666 0.52474 0.69531
1 0.30469 0.82812 0.30469 0.96582 0.38411 0.96582 0.38411 0.82812
0 0.17969 0.84082 0.17969 0.91309 0.22786 0.91309 0.22786 0.84082
0 0.16146 0.69531 0.16146 0.76758 0.23958 0.76758 0.23958 0.69531
0 0.16016 0.55371 0.16016 0.62695 0.23958 0.62695 0.23958 0.55371
0 0.30469 0.55371 0.30469 0.62793 0.38281 0.62793 0.38281 0.55371
0 0.44661 0.55371 0.44661 0.62793 0.52474 0.62793 0.52474 0.55371
0 0.027344 0.18066 0.027344 0.19824 0.10417 0.19824 0.10417 0.18066
0 0.16536 0.18164 0.16536 0.19922 0.24219 0.19922 0.24219 0.18164
0 0.30469 0.18262 0.30469 0.19922 0.38151 0.19922 0.38151 0.18262
0 0.44401 0.18359 0.44401 0.20117 0.51953 0.20117 0.51953 0.18359
0 0.57943 0.18359 0.57943 0.20117 0.65625 0.20117 0.65625 0.18359
0 0.71615 0.18555 0.71615 0.20312 0.79297 0.20312 0.79297 0.18555
0 0.015625 0.27441 0.015625 0.33789 0.095052 0.33789 0.095052 0.27441
0 0.91797 0.26855 0.91797 0.33203 0.99479 0.33203 0.99479 0.26855
