0 0.24479 0.40332 0.24479 0.47461 0.29818 0.47461 0.29818 0.40332
0 0.24349 0.54199 0.24349 0.61816 0.29688 0.61816 0.29688 0.54199
0 0.37109 0.4043 0.37109 0.47461 0.42578 0.47461 0.42578 0.4043
0 0.4987 0.40527 0.4987 0.47461 0.55339 0.47461 0.55339 0.40527
0 0.36979 0.54199 0.36979 0.61816 0.42318 0.61816 0.42318 0.54199
0 0.4987 0.54297 0.4987 0.61914 0.55208 0.61914 0.55208 0.54297
0 0.63542 0.40527 0.63542 0.47559 0.6888 0.47559 0.6888 0.40527
0 0.72005 0.40527 0.72005 0.47461 0.77474 0.47461 0.77474 0.40527
0 0.63542 0.54297 0.63542 0.61816 0.6875 0.61816 0.6875 0.54297
0 0.72005 0.54297 0.72005 0.61816 0.77344 0.61816 0.77344 0.54297
0 0.63281 0.68652 0.63281 0.7627 0.6862 0.7627 0.6862 0.68652
0 0.72005 0.68652 0.72005 0.7627 0.77474 0.7627 0.77474 0.68652
0 0.49609 0.68652 0.49609 0.7627 0.55078 0.7627 0.55078 0.68652
0 0.36979 0.68652 0.36979 0.78418 0.42318 0.78418 0.42318 0.68652
0 0.24219 0.68652 0.24219 0.76367 0.29688 0.76367 0.29688 0.68652
0 0.63411 0.85352 0.63411 0.92578 0.6875 0.92578 0.6875 0.85352
0 0.72005 0.85352 0.72005 0.9248 0.77344 0.9248 0.77344 0.85352
1 0.48568 0.8457 0.48568 0.95117 0.5612 0.95117 0.5612 0.8457
1 0.23047 0.8457 0.23047 0.95117 0.30729 0.95117 0.30729 0.8457
1 0.35807 0.8457 0.35807 0.95117 0.43359 0.95117 0.43359 0.8457
0 0.10677 0.4043 0.10677 0.47461 0.16016 0.47461 0.16016 0.4043
0 0.10677 0.54102 0.10677 0.61914 0.15755 0.61914 0.15755 0.54102
0 0.10547 0.68652 0.10547 0.7627 0.16016 0.7627 0.16016 0.68652
0 0.88021 0.28125 0.88021 0.33984 0.92318 0.33984 0.92318 0.28125
0 0.87891 0.3877 0.87891 0.44531 0.92188 0.44531 0.92188 0.3877
0 0.8776 0.49707 0.8776 0.55469 0.92057 0.55469 0.92057 0.49707
