0 0.074219 0.38391 0.074219 0.4591 0.10547 0.4591 0.10547 0.38391
0 0.14648 0.38259 0.14648 0.4591 0.17773 0.4591 0.17773 0.38259
0 0.21875 0.38127 0.21875 0.45646 0.25 0.45646 0.25 0.38127
0 0.28223 0.38127 0.28223 0.45646 0.3125 0.45646 0.3125 0.38127
0 0.35352 0.37071 0.35352 0.45251 0.38477 0.45251 0.38477 0.37071
0 0.42871 0.37995 0.42871 0.45515 0.45996 0.45515 0.45996 0.37995
0 0.51172 0.37863 0.51172 0.45515 0.54297 0.45515 0.54297 0.37863
0 0.59473 0.37863 0.59473 0.45383 0.62598 0.45383 0.62598 0.37863
0 0.66895 0.37203 0.66895 0.45119 0.7002 0.45119 0.7002 0.37203
0 0.74023 0.38127 0.74023 0.45646 0.77148 0.45646 0.77148 0.38127
0 0.80859 0.38259 0.80859 0.45778 0.83984 0.45778 0.83984 0.38259
0 0.87402 0.38127 0.87402 0.45646 0.9043 0.45646 0.9043 0.38127
0 0.94043 0.38259 0.94043 0.45778 0.9707 0.45778 0.9707 0.38259
0 0.074219 0.51319 0.074219 0.58839 0.10547 0.58839 0.10547 0.51319
0 0.14453 0.51319 0.14453 0.58839 0.17578 0.58839 0.17578 0.51319
0 0.21973 0.51451 0.21973 0.59103 0.25098 0.59103 0.25098 0.51451
0 0.2832 0.51319 0.2832 0.58839 0.31445 0.58839 0.31445 0.51319
0 0.35156 0.51055 0.35156 0.58575 0.38281 0.58575 0.38281 0.51055
0 0.6709 0.50792 0.6709 0.58443 0.70215 0.58443 0.70215 0.50792
0 0.74023 0.51187 0.74023 0.58707 0.77148 0.58707 0.77148 0.51187
0 0.80664 0.51055 0.80664 0.58575 0.83691 0.58575 0.83691 0.51055
0 0.87207 0.51187 0.87207 0.58707 0.90332 0.58707 0.90332 0.51187
0 0.93848 0.51055 0.93848 0.58575 0.96973 0.58575 0.96973 0.51055
0 0.80859 0.63984 0.80859 0.70053 0.83594 0.70053 0.83594 0.63984
0 0.87305 0.63984 0.87305 0.70053 0.90137 0.70053 0.90137 0.63984
0 0.93945 0.6372 0.93945 0.69789 0.96777 0.69789 0.96777 0.6372
0 0.74219 0.64116 0.74219 0.70185 0.76953 0.70185 0.76953 0.64116
0 0.67285 0.64116 0.67285 0.70185 0.7002 0.70185 0.7002 0.64116
0 0.59766 0.6438 0.59766 0.70449 0.62598 0.70449 0.62598 0.6438
0 0.51367 0.64248 0.51367 0.70317 0.54199 0.70317 0.54199 0.64248
0 0.42871 0.6438 0.42871 0.70449 0.45703 0.70449 0.45703 0.6438
0 0.35449 0.6438 0.35449 0.70449 0.38281 0.70449 0.38281 0.6438
0 0.28418 0.64644 0.28418 0.70712 0.3125 0.70712 0.3125 0.64644
0 0.22168 0.64512 0.22168 0.7058 0.24902 0.7058 0.24902 0.64512
0 0.076172 0.64248 0.076172 0.70317 0.10449 0.70317 0.10449 0.64248
0 0.42676 0.51319 0.42676 0.58707 0.46191 0.58707 0.46191 0.51319
0 0.50977 0.5066 0.50977 0.58707 0.54492 0.58707 0.54492 0.5066
0 0.59375 0.50923 0.59375 0.58707 0.62891 0.58707 0.62891 0.50923
0 0.16797 0.27704 0.16797 0.31794 0.1875 0.31794 0.1875 0.27704
0 0.27441 0.27309 0.27441 0.31398 0.29492 0.31398 0.29492 0.27309
0 0.87109 0.27309 0.87109 0.31398 0.89062 0.31398 0.89062 0.27309
0 0.76758 0.27177 0.76758 0.31266 0.78809 0.31266 0.78809 0.27177
0 0.50781 0.26121 0.50781 0.2942 0.54395 0.2942 0.54395 0.26121
1 0.13281 0.6438 0.13281 0.781 0.19434 0.781 0.19434 0.6438
