0 0.26735 0.2528 0.26735 0.29083 0.30204 0.29083 0.30204 0.2528
0 0.15306 0.25503 0.15306 0.29083 0.1898 0.29083 0.1898 0.25503
0 0.79796 0.2528 0.79796 0.29083 0.83265 0.29083 0.83265 0.2528
0 0.13673 0.34228 0.13673 0.40716 0.2 0.40716 0.2 0.34228
0 0.23878 0.34452 0.23878 0.4094 0.30204 0.4094 0.30204 0.34452
0 0.78163 0.34676 0.78163 0.39821 0.84082 0.39821 0.84082 0.34676
0 0.67959 0.34676 0.67959 0.39821 0.74082 0.39821 0.74082 0.34676
0 0.77755 0.44072 0.77755 0.49888 0.83673 0.49888 0.83673 0.44072
0 0.67959 0.44072 0.67959 0.49888 0.73878 0.49888 0.73878 0.44072
0 0.23673 0.44519 0.23673 0.50112 0.29796 0.50112 0.29796 0.44519
0 0.13673 0.44519 0.13673 0.50112 0.19796 0.50112 0.19796 0.44519
0 0.13673 0.53915 0.13673 0.61298 0.19592 0.61298 0.19592 0.53915
0 0.23673 0.54362 0.23673 0.61521 0.29592 0.61521 0.29592 0.54362
0 0.3898 0.53915 0.3898 0.61074 0.4551 0.61074 0.4551 0.53915
0 0.4898 0.54139 0.4898 0.61298 0.5551 0.61298 0.5551 0.54139
0 0.59184 0.53691 0.59184 0.6085 0.65714 0.6085 0.65714 0.53691
0 0.58776 0.434 0.58776 0.49441 0.65306 0.49441 0.65306 0.434
0 0.48571 0.43177 0.48571 0.48993 0.55102 0.48993 0.55102 0.43177
0 0.3898 0.434 0.3898 0.49217 0.4551 0.49217 0.4551 0.434
0 0.77143 0.54586 0.77143 0.61521 0.83673 0.61521 0.83673 0.54586
0 0.13469 0.63535 0.13469 0.71588 0.19184 0.71588 0.19184 0.63535
0 0.23673 0.63535 0.23673 0.71588 0.29592 0.71588 0.29592 0.63535
0 0.77551 0.63982 0.77551 0.71365 0.84286 0.71365 0.84286 0.63982
0 0.67347 0.63535 0.67347 0.70917 0.74286 0.70917 0.74286 0.63535
0 0.58776 0.28859 0.58776 0.40716 0.66531 0.40716 0.66531 0.28859
0 0.48571 0.28635 0.48571 0.40492 0.56531 0.40492 0.56531 0.28635
0 0.38571 0.29083 0.38571 0.40716 0.46327 0.40716 0.46327 0.29083
0 0.077551 0.34452 0.077551 0.40716 0.093878 0.40716 0.093878 0.34452
0 0.05102 0.34676 0.05102 0.4094 0.067347 0.4094 0.067347 0.34676
0 0.07551 0.44295 0.07551 0.50559 0.091837 0.50559 0.091837 0.44295
0 0.05102 0.44072 0.05102 0.50336 0.067347 0.50336 0.067347 0.44072
0 0.077551 0.25951 0.077551 0.29978 0.095918 0.29978 0.095918 0.25951
0 0.54694 0.14094 0.54694 0.19463 0.56531 0.19463 0.56531 0.14094
0 0.52041 0.1387 0.52041 0.19463 0.53878 0.19463 0.53878 0.1387
0 0.49388 0.14094 0.49388 0.19463 0.51224 0.19463 0.51224 0.14094
1 0.38571 0.63535 0.38571 0.72483 0.45918 0.72483 0.45918 0.63535
1 0.48776 0.63535 0.48776 0.72483 0.56122 0.72483 0.56122 0.63535
1 0.58571 0.63535 0.58571 0.7226 0.65918 0.7226 0.65918 0.63535
0 0.87143 0.34228 0.87143 0.39821 0.88571 0.39821 0.88571 0.34228
0 0.9 0.34452 0.9 0.40268 0.91429 0.40268 0.91429 0.34452
