0 0.61133 0.82555 0.61133 0.91646 0.64746 0.91646 0.64746 0.82555
0 0.61035 0.65971 0.61035 0.74693 0.64453 0.74693 0.64453 0.65971
0 0.60938 0.5 0.60938 0.58108 0.64355 0.58108 0.64355 0.5
0 0.60938 0.35012 0.60938 0.42629 0.64258 0.42629 0.64258 0.35012
0 0.36426 0.66708 0.36426 0.74447 0.39648 0.74447 0.39648 0.66708
0 0.29492 0.66708 0.29492 0.74447 0.32715 0.74447 0.32715 0.66708
0 0.29492 0.82801 0.29492 0.92015 0.32812 0.92015 0.32812 0.82801
0 0.22461 0.82924 0.22461 0.91892 0.25684 0.91892 0.25684 0.82924
0 0.15527 0.82924 0.15527 0.92015 0.1875 0.92015 0.1875 0.82924
0 0.22461 0.66708 0.22461 0.75184 0.25684 0.75184 0.25684 0.66708
0 0.1543 0.66708 0.1543 0.75184 0.18652 0.75184 0.18652 0.66708
0 0.36523 0.82801 0.36523 0.91892 0.39746 0.91892 0.39746 0.82801
0 0.50391 0.82801 0.50391 0.91769 0.53711 0.91769 0.53711 0.82801
0 0.43457 0.82801 0.43457 0.91892 0.4668 0.91892 0.4668 0.82801
0 0.50391 0.66708 0.50391 0.74816 0.53613 0.74816 0.53613 0.66708
0 0.43457 0.66708 0.43457 0.74816 0.4668 0.74816 0.4668 0.66708
0 0.50391 0.50491 0.50391 0.586 0.53613 0.586 0.53613 0.50491
0 0.43359 0.50491 0.43359 0.58477 0.46582 0.58477 0.46582 0.50491
0 0.36426 0.50491 0.36426 0.58477 0.39551 0.58477 0.39551 0.50491
0 0.50293 0.35627 0.50293 0.4312 0.53613 0.4312 0.53613 0.35627
0 0.43457 0.35627 0.43457 0.43243 0.46582 0.43243 0.46582 0.35627
0 0.36426 0.35627 0.36426 0.43243 0.39648 0.43243 0.39648 0.35627
0 0.29395 0.50491 0.29395 0.586 0.32617 0.586 0.32617 0.50491
0 0.22461 0.50491 0.22461 0.58722 0.25586 0.58722 0.25586 0.50491
0 0.1543 0.50614 0.1543 0.586 0.18652 0.586 0.18652 0.50614
0 0.29395 0.35627 0.29395 0.43366 0.32617 0.43366 0.32617 0.35627
0 0.22461 0.35504 0.22461 0.43243 0.25586 0.43243 0.25586 0.35504
0 0.1543 0.35504 0.1543 0.43243 0.18652 0.43243 0.18652 0.35504
0 0.05957 0.38206 0.05957 0.45946 0.09082 0.45946 0.09082 0.38206
0 0.060547 0.53563 0.060547 0.62162 0.092773 0.62162 0.092773 0.53563
0 0.05957 0.70393 0.05957 0.78624 0.094727 0.78624 0.094727 0.70393
0 0.064453 0.86241 0.064453 0.93857 0.09375 0.93857 0.09375 0.86241
0 0.70703 0.65971 0.70703 0.74816 0.71582 0.74816 0.71582 0.65971
0 0.70605 0.82187 0.70605 0.91769 0.71777 0.91769 0.71777 0.82187
