0 0.1744 0.049351 0.1744 0.13506 0.2144 0.13506 0.2144 0.049351
0 0.3072 0.044156 0.3072 0.12727 0.3472 0.12727 0.3472 0.044156
0 0.4384 0.031169 0.4384 0.11688 0.4784 0.11688 0.4784 0.031169
0 0.1632 0.21299 0.1632 0.3039 0.208 0.3039 0.208 0.21299
0 0.432 0.20519 0.432 0.2961 0.4784 0.2961 0.4784 0.20519
0 0.5728 0.2026 0.5728 0.2961 0.6192 0.2961 0.6192 0.2026
0 0.8544 0.20519 0.8544 0.2961 0.9056 0.2961 0.9056 0.20519
0 0.2976 0.20779 0.2976 0.27013 0.3392 0.27013 0.3392 0.20779
0 0.7136 0.1974 0.7136 0.26234 0.7616 0.26234 0.7616 0.1974
0 0.4272 0.38182 0.4272 0.51429 0.4784 0.51429 0.4784 0.38182
0 0.5696 0.38442 0.5696 0.51429 0.6192 0.51429 0.6192 0.38442
0 0.4256 0.56883 0.4256 0.70649 0.4768 0.70649 0.4768 0.56883
0 0.5696 0.57403 0.5696 0.71169 0.6208 0.71169 0.6208 0.57403
0 0.856 0.38182 0.856 0.48312 0.9056 0.48312 0.9056 0.38182
0 0.8544 0.57143 0.8544 0.67013 0.904 0.67013 0.904 0.57143
0 0.16 0.38701 0.16 0.48831 0.2096 0.48831 0.2096 0.38701
0 0.1568 0.56883 0.1568 0.66753 0.2064 0.66753 0.2064 0.56883
0 0.2432 0.36364 0.2432 0.46234 0.2768 0.46234 0.2768 0.36364
0 0.2832 0.36104 0.2832 0.45974 0.3152 0.45974 0.3152 0.36104
0 0.2432 0.55325 0.2432 0.65195 0.2752 0.65195 0.2752 0.55325
0 0.2816 0.55584 0.2816 0.65455 0.3136 0.65455 0.3136 0.55584
0 0.6864 0.35584 0.6864 0.45714 0.7184 0.45714 0.7184 0.35584
0 0.728 0.35844 0.728 0.45974 0.76 0.45974 0.76 0.35844
0 0.688 0.55584 0.688 0.65714 0.72 0.65714 0.72 0.55584
0 0.728 0.55584 0.728 0.65974 0.76 0.65974 0.76 0.55584
0 0.8336 0.76104 0.8336 0.91688 0.9248 0.91688 0.9248 0.76104
0 0.6944 0.75844 0.6944 0.91688 0.784 0.91688 0.784 0.75844
0 0.2736 0.75584 0.2736 0.90909 0.3616 0.90909 0.3616 0.75584
0 0.1408 0.75584 0.1408 0.9039 0.2288 0.9039 0.2288 0.75584
0 0.576 0.033766 0.576 0.11688 0.616 0.11688 0.616 0.033766
