0 0.14342 0.11719 0.14342 0.20996 0.25658 0.20996 0.25658 0.11719
0 0.45526 0.11719 0.45526 0.20996 0.56842 0.20996 0.56842 0.11719
0 0.76579 0.11914 0.76579 0.21191 0.87895 0.21191 0.87895 0.11914
0 0.76316 0.26855 0.76316 0.37012 0.88421 0.37012 0.88421 0.26855
0 0.45 0.26855 0.45 0.36914 0.57237 0.36914 0.57237 0.26855
0 0.13553 0.26953 0.13553 0.37109 0.25789 0.37109 0.25789 0.26953
0 0.13289 0.42969 0.13289 0.54297 0.26053 0.54297 0.26053 0.42969
0 0.44605 0.43164 0.44605 0.54492 0.575 0.54492 0.575 0.43164
0 0.76184 0.42871 0.76184 0.54395 0.88684 0.54395 0.88684 0.42871
0 0.75921 0.60059 0.75921 0.72168 0.88684 0.72168 0.88684 0.60059
0 0.44737 0.60254 0.44737 0.72363 0.575 0.72363 0.575 0.60254
0 0.13158 0.60352 0.13158 0.72461 0.25921 0.72461 0.25921 0.60352
1 0.43026 0.79297 0.43026 0.98828 0.59474 0.98828 0.59474 0.79297
1 0.092105 0.84473 0.092105 0.98633 0.30789 0.98633 0.30789 0.84473
0 0.48289 0.055664 0.48289 0.073242 0.49474 0.073242 0.49474 0.055664
0 0.52632 0.056641 0.52632 0.073242 0.53816 0.073242 0.53816 0.056641
0 0.17105 0.056641 0.17105 0.073242 0.23026 0.073242 0.23026 0.056641
0 0.79342 0.057617 0.79342 0.074219 0.85263 0.074219 0.85263 0.057617
