0 0.2207 0.13836 0.2207 0.20247 0.27832 0.20247 0.27832 0.13836
0 0.3916 0.13836 0.3916 0.20247 0.44922 0.20247 0.44922 0.13836
0 0.56152 0.13948 0.56152 0.2036 0.61914 0.2036 0.61914 0.13948
0 0.89453 0.14286 0.89453 0.20697 0.95215 0.20697 0.95215 0.14286
0 0.73047 0.13836 0.73047 0.20247 0.78809 0.20247 0.78809 0.13836
0 0.050781 0.31271 0.050781 0.4387 0.10547 0.4387 0.10547 0.31271
0 0.22168 0.31271 0.22168 0.4387 0.27734 0.4387 0.27734 0.31271
0 0.39551 0.31159 0.39551 0.44094 0.44922 0.44094 0.44922 0.31159
0 0.56348 0.31046 0.56348 0.43982 0.61719 0.43982 0.61719 0.31046
0 0.72852 0.31159 0.72852 0.44657 0.79199 0.44657 0.79199 0.31159
0 0.89746 0.31046 0.89746 0.4387 0.95898 0.4387 0.95898 0.31046
0 0.55664 0.50844 0.55664 0.66479 0.62891 0.66479 0.62891 0.50844
0 0.38379 0.50731 0.38379 0.66367 0.45703 0.66367 0.45703 0.50731
0 0.21191 0.50731 0.21191 0.66367 0.28516 0.66367 0.28516 0.50731
0 0.041016 0.50731 0.041016 0.66367 0.11426 0.66367 0.11426 0.50731
0 0.72852 0.50281 0.72852 0.66029 0.80078 0.66029 0.80078 0.50281
0 0.89648 0.50506 0.89648 0.65804 0.96875 0.65804 0.96875 0.50506
1 0.53516 0.86052 0.53516 0.98538 0.63477 0.98538 0.63477 0.86052
0 0.53125 0.76715 0.53125 0.82002 0.63965 0.82002 0.63965 0.76715
0 0.39551 0.77053 0.39551 0.82227 0.48438 0.82227 0.48438 0.77053
0 0.70703 0.76265 0.70703 0.81552 0.77246 0.81552 0.77246 0.76265
0 0.2627 0.77053 0.2627 0.8189 0.30762 0.8189 0.30762 0.77053
