0 0.26758 0.32348 0.26758 0.41835 0.31055 0.41835 0.31055 0.32348
0 0.35547 0.32193 0.35547 0.4168 0.39844 0.4168 0.39844 0.32193
0 0.45703 0.32037 0.45703 0.41524 0.5 0.41524 0.5 0.32037
0 0.5459 0.31571 0.5459 0.41524 0.5918 0.41524 0.5918 0.31571
0 0.66113 0.31415 0.66113 0.41369 0.70703 0.41369 0.70703 0.31415
0 0.77148 0.31571 0.77148 0.41213 0.81543 0.41213 0.81543 0.31571
0 0.43262 0.11042 0.43262 0.18974 0.49707 0.18974 0.49707 0.11042
0 0.28809 0.11509 0.28809 0.1944 0.35254 0.1944 0.35254 0.11509
0 0.57812 0.10731 0.57812 0.18507 0.64453 0.18507 0.64453 0.10731
0 0.75488 0.10731 0.75488 0.18351 0.7832 0.18351 0.7832 0.10731
0 0.26465 0.53188 0.26465 0.65785 0.31152 0.65785 0.31152 0.53188
0 0.35352 0.53188 0.35352 0.65785 0.40039 0.65785 0.40039 0.53188
0 0.4541 0.53344 0.4541 0.65941 0.5 0.65941 0.5 0.53344
0 0.5459 0.53188 0.5459 0.65785 0.5918 0.65785 0.5918 0.53188
0 0.6582 0.53033 0.6582 0.65474 0.70508 0.65474 0.70508 0.53033
0 0.76953 0.52877 0.76953 0.65319 0.81641 0.65319 0.81641 0.52877
0 0.45605 0.76361 0.45605 0.85692 0.49902 0.85692 0.49902 0.76361
0 0.54395 0.76361 0.54395 0.85692 0.58691 0.85692 0.58691 0.76361
0 0.35156 0.76205 0.35156 0.85537 0.39355 0.85537 0.39355 0.76205
0 0.27344 0.76205 0.27344 0.85381 0.31641 0.85381 0.31641 0.76205
0 0.6582 0.75894 0.6582 0.85226 0.70117 0.85226 0.70117 0.75894
0 0.095703 0.56765 0.095703 0.67807 0.1377 0.67807 0.1377 0.56765
0 0.099609 0.76361 0.099609 0.84603 0.13867 0.84603 0.13867 0.76361
0 0.094727 0.38103 0.094727 0.44946 0.13477 0.44946 0.13477 0.38103
1 0.77051 0.75272 0.77051 0.89425 0.8125 0.89425 0.8125 0.75272
