0 0.17057 0.39453 0.17057 0.46094 0.22266 0.46094 0.22266 0.39453
0 0.17057 0.54199 0.17057 0.61426 0.22396 0.61426 0.22396 0.54199
0 0.30859 0.39648 0.30859 0.46191 0.36198 0.46191 0.36198 0.39648
0 0.30859 0.54297 0.30859 0.61523 0.36068 0.61523 0.36068 0.54297
0 0.45052 0.39746 0.45052 0.46387 0.50391 0.46387 0.50391 0.39746
0 0.58724 0.39453 0.58724 0.46191 0.63802 0.46191 0.63802 0.39453
0 0.44922 0.54395 0.44922 0.61523 0.5026 0.61523 0.5026 0.54395
0 0.58594 0.54297 0.58594 0.61523 0.63672 0.61523 0.63672 0.54297
0 0.71875 0.39746 0.71875 0.46484 0.77083 0.46484 0.77083 0.39746
0 0.71875 0.54395 0.71875 0.61621 0.77083 0.61621 0.77083 0.54395
0 0.71875 0.69336 0.71875 0.77539 0.77083 0.77539 0.77083 0.69336
0 0.58333 0.69141 0.58333 0.77344 0.63802 0.77344 0.63802 0.69141
0 0.44792 0.6875 0.44792 0.79395 0.50391 0.79395 0.50391 0.6875
0 0.3099 0.69141 0.3099 0.77344 0.36198 0.77344 0.36198 0.69141
0 0.16927 0.68945 0.16927 0.77246 0.22266 0.77246 0.22266 0.68945
1 0.28125 0.82324 0.28125 0.97461 0.39193 0.97461 0.39193 0.82324
0 0.5625 0.83496 0.5625 0.95508 0.66016 0.95508 0.66016 0.83496
0 0.70312 0.83594 0.70312 0.95605 0.79297 0.95605 0.79297 0.83594
1 0.44922 0.89355 0.44922 0.97168 0.50781 0.97168 0.50781 0.89355
1 0.16536 0.89062 0.16536 0.97168 0.22135 0.97168 0.22135 0.89062
0 0.16536 0.83301 0.16536 0.87793 0.22396 0.87793 0.22396 0.83301
1 0.83984 0.83594 0.83984 0.9707 0.90885 0.9707 0.90885 0.83594
0 0.85677 0.40039 0.85677 0.4668 0.91016 0.4668 0.91016 0.40039
0 0.85417 0.54688 0.85417 0.61426 0.90625 0.61426 0.90625 0.54688
0 0.036458 0.39258 0.036458 0.45898 0.089844 0.45898 0.089844 0.39258
0 0.85807 0.69141 0.85807 0.77344 0.91016 0.77344 0.91016 0.69141
