0 0.077441 0.071289 0.077441 0.10742 0.30976 0.10742 0.30976 0.071289
0 0.39057 0.071289 0.39057 0.10742 0.6229 0.10742 0.6229 0.071289
0 0.71044 0.072266 0.71044 0.10742 0.94276 0.10742 0.94276 0.072266
0 0.71044 0.12988 0.71044 0.16504 0.93939 0.16504 0.93939 0.12988
0 0.39394 0.12793 0.39394 0.16406 0.62626 0.16406 0.62626 0.12793
0 0.074074 0.12891 0.074074 0.16504 0.3064 0.16504 0.3064 0.12891
0 0.077441 0.18457 0.077441 0.21191 0.30976 0.21191 0.30976 0.18457
0 0.39394 0.18457 0.39394 0.21191 0.62626 0.21191 0.62626 0.18457
0 0.7138 0.18555 0.7138 0.21289 0.94613 0.21289 0.94613 0.18555
0 0.73064 0.23633 0.73064 0.2793 0.96296 0.2793 0.96296 0.23633
0 0.73401 0.29785 0.73401 0.33789 0.9596 0.33789 0.9596 0.29785
0 0.73401 0.35742 0.73401 0.39746 0.9596 0.39746 0.9596 0.35742
0 0.73737 0.41699 0.73737 0.45703 0.96296 0.45703 0.96296 0.41699
0 0.73401 0.47559 0.73401 0.51562 0.9596 0.51562 0.9596 0.47559
0 0.73401 0.5332 0.73401 0.57324 0.9596 0.57324 0.9596 0.5332
0 0.73401 0.59277 0.73401 0.63281 0.9596 0.63281 0.9596 0.59277
0 0.73064 0.65137 0.73064 0.69141 0.95623 0.69141 0.95623 0.65137
0 0.72054 0.70703 0.72054 0.74707 0.94949 0.74707 0.94949 0.70703
0 0.72727 0.7666 0.72727 0.80664 0.95286 0.80664 0.95286 0.7666
0 0.090909 0.23438 0.090909 0.27344 0.16835 0.27344 0.16835 0.23438
0 0.25253 0.23535 0.25253 0.27344 0.32997 0.27344 0.32997 0.23535
0 0.41077 0.23633 0.41077 0.27441 0.48822 0.27441 0.48822 0.23633
0 0.57576 0.23633 0.57576 0.27441 0.6532 0.27441 0.6532 0.23633
0 0.094276 0.29297 0.094276 0.33105 0.17172 0.33105 0.17172 0.29297
0 0.25253 0.29297 0.25253 0.33105 0.32997 0.33105 0.32997 0.29297
0 0.41414 0.29297 0.41414 0.33203 0.49158 0.33203 0.49158 0.29297
0 0.57576 0.29395 0.57576 0.33203 0.6532 0.33203 0.6532 0.29395
0 0.094276 0.35156 0.094276 0.38965 0.17172 0.38965 0.17172 0.35156
0 0.25253 0.35254 0.25253 0.39062 0.32997 0.39062 0.32997 0.35254
0 0.41414 0.35156 0.41414 0.38965 0.49158 0.38965 0.49158 0.35156
0 0.57576 0.35254 0.57576 0.39062 0.6532 0.39062 0.6532 0.35254
0 0.57576 0.41211 0.57576 0.4502 0.6532 0.4502 0.6532 0.41211
0 0.41414 0.41211 0.41414 0.45117 0.49158 0.45117 0.49158 0.41211
0 0.25589 0.41113 0.25589 0.4502 0.33333 0.4502 0.33333 0.41113
0 0.094276 0.41016 0.094276 0.44922 0.17172 0.44922 0.17172 0.41016
0 0.090909 0.46875 0.090909 0.50781 0.16835 0.50781 0.16835 0.46875
0 0.25589 0.47168 0.25589 0.50977 0.33333 0.50977 0.33333 0.47168
0 0.41751 0.47168 0.41751 0.50977 0.49495 0.50977 0.49495 0.47168
0 0.57239 0.47266 0.57239 0.51172 0.64983 0.51172 0.64983 0.47266
0 0.57576 0.53027 0.57576 0.56934 0.6532 0.56934 0.6532 0.53027
0 0.41414 0.53027 0.41414 0.56836 0.49158 0.56836 0.49158 0.53027
0 0.25253 0.5293 0.25253 0.56836 0.32997 0.56836 0.32997 0.5293
0 0.094276 0.52832 0.094276 0.56738 0.17172 0.56738 0.17172 0.52832
0 0.097643 0.58789 0.097643 0.62695 0.17508 0.62695 0.17508 0.58789
0 0.25589 0.58887 0.25589 0.62695 0.33333 0.62695 0.33333 0.58887
0 0.41751 0.58984 0.41751 0.62891 0.49495 0.62891 0.49495 0.58984
0 0.57912 0.58887 0.57912 0.62793 0.65657 0.62793 0.65657 0.58887
0 0.57576 0.64844 0.57576 0.68652 0.6532 0.68652 0.6532 0.64844
0 0.41751 0.64844 0.41751 0.68652 0.49495 0.68652 0.49495 0.64844
0 0.25253 0.64648 0.25253 0.68555 0.32997 0.68555 0.32997 0.64648
0 0.097643 0.64648 0.097643 0.68457 0.17508 0.68457 0.17508 0.64648
0 0.097643 0.7041 0.097643 0.74219 0.17508 0.74219 0.17508 0.7041
0 0.25589 0.70508 0.25589 0.74316 0.33333 0.74316 0.33333 0.70508
0 0.41414 0.70605 0.41414 0.74414 0.49158 0.74414 0.49158 0.70605
0 0.56902 0.70605 0.56902 0.74512 0.64646 0.74512 0.64646 0.70605
0 0.57576 0.76367 0.57576 0.80273 0.6532 0.80273 0.6532 0.76367
0 0.41414 0.76367 0.41414 0.80176 0.49158 0.80176 0.49158 0.76367
0 0.25926 0.7627 0.25926 0.80176 0.3367 0.80176 0.3367 0.7627
0 0.097643 0.76172 0.097643 0.80078 0.17508 0.80078 0.17508 0.76172
0 0.10101 0.82227 0.10101 0.86328 0.32997 0.86328 0.32997 0.82227
0 0.10101 0.875 0.10101 0.91504 0.32997 0.91504 0.32997 0.875
