0 0.19531 0.19043 0.19531 0.28711 0.23047 0.28711 0.23047 0.19043
0 0.24219 0.19043 0.24219 0.28711 0.27604 0.28711 0.27604 0.19043
0 0.35547 0.19043 0.35547 0.28711 0.39062 0.28711 0.39062 0.19043
0 0.19792 0.38086 0.19792 0.46973 0.23177 0.46973 0.23177 0.38086
0 0.24349 0.38086 0.24349 0.46973 0.27734 0.46973 0.27734 0.38086
0 0.35677 0.38086 0.35677 0.47559 0.39062 0.47559 0.39062 0.38086
0 0.40365 0.38086 0.40365 0.5 0.4362 0.5 0.4362 0.38086
0 0.39974 0.19043 0.39974 0.28809 0.4349 0.28809 0.4349 0.19043
0 0.51562 0.19043 0.51562 0.28809 0.55208 0.28809 0.55208 0.19043
0 0.5599 0.19043 0.5599 0.28809 0.59766 0.28809 0.59766 0.19043
0 0.51693 0.38086 0.51693 0.4707 0.55078 0.4707 0.55078 0.38086
0 0.5638 0.38086 0.5638 0.4707 0.59766 0.4707 0.59766 0.38086
0 0.67969 0.2002 0.67969 0.30176 0.77474 0.30176 0.77474 0.2002
0 0.68229 0.35449 0.68229 0.45605 0.78385 0.45605 0.78385 0.35449
0 0.69141 0.5498 0.69141 0.58496 0.72526 0.58496 0.72526 0.5498
0 0.74089 0.55078 0.74089 0.58496 0.77474 0.58496 0.77474 0.55078
0 0.69271 0.59277 0.69271 0.65332 0.72656 0.65332 0.72656 0.59277
0 0.74089 0.59277 0.74089 0.65332 0.77344 0.65332 0.77344 0.59277
0 0.66927 0.75879 0.66927 0.81055 0.74479 0.81055 0.74479 0.75879
0 0.19922 0.56152 0.19922 0.59473 0.23177 0.59473 0.23177 0.56152
0 0.24479 0.56152 0.24479 0.5957 0.27865 0.5957 0.27865 0.56152
0 0.20052 0.7373 0.20052 0.83301 0.23438 0.83301 0.23438 0.7373
0 0.2474 0.7373 0.2474 0.83301 0.27865 0.83301 0.27865 0.7373
0 0.19922 0.60254 0.19922 0.65918 0.23177 0.65918 0.23177 0.60254
0 0.24609 0.60254 0.24609 0.66016 0.27865 0.66016 0.27865 0.60254
0 0.35807 0.60254 0.35807 0.65918 0.38932 0.65918 0.38932 0.60254
0 0.40365 0.60254 0.40365 0.65918 0.4375 0.65918 0.4375 0.60254
0 0.35807 0.56152 0.35807 0.59473 0.38932 0.59473 0.38932 0.56152
0 0.40234 0.56152 0.40234 0.59473 0.4375 0.59473 0.4375 0.56152
0 0.35807 0.73828 0.35807 0.83301 0.39062 0.83301 0.39062 0.73828
0 0.40495 0.73828 0.40495 0.83301 0.4388 0.83301 0.4388 0.73828
0 0.21354 0.89355 0.21354 0.95703 0.23828 0.95703 0.23828 0.89355
0 0.2526 0.89355 0.2526 0.95703 0.27604 0.95703 0.27604 0.89355
0 0.36719 0.8916 0.36719 0.95508 0.39323 0.95508 0.39323 0.8916
0 0.40755 0.89355 0.40755 0.95605 0.4349 0.95605 0.4349 0.89355
0 0.51693 0.7373 0.51693 0.83398 0.55208 0.83398 0.55208 0.7373
0 0.5651 0.7373 0.5651 0.83398 0.59766 0.83398 0.59766 0.7373
0 0.52344 0.89355 0.52344 0.95605 0.54948 0.95605 0.54948 0.89355
0 0.5638 0.89355 0.5638 0.95508 0.58984 0.95508 0.58984 0.89355
0 0.51823 0.56152 0.51823 0.59375 0.55078 0.59375 0.55078 0.56152
0 0.5638 0.56055 0.5638 0.5957 0.59766 0.5957 0.59766 0.56055
0 0.51823 0.60254 0.51823 0.66113 0.55078 0.66113 0.55078 0.60254
0 0.5651 0.60156 0.5651 0.66211 0.59766 0.66211 0.59766 0.60156
1 0.66406 0.85645 0.66406 0.96484 0.75391 0.96484 0.75391 0.85645
0 0.51562 0.020508 0.51562 0.11328 0.59766 0.11328 0.59766 0.020508
0 0.35677 0.019531 0.35677 0.1123 0.4375 0.1123 0.4375 0.019531
0 0.19531 0.022461 0.19531 0.11523 0.27604 0.11523 0.27604 0.022461
0 0.6862 0.017578 0.6862 0.086914 0.76432 0.086914 0.76432 0.017578
0 0.027344 0.029297 0.027344 0.085938 0.10807 0.085938 0.10807 0.029297
0 0.010417 0.20215 0.010417 0.27441 0.11068 0.27441 0.11068 0.20215
0 0.90234 0.2168 0.90234 0.29785 0.9362 0.29785 0.9362 0.2168
0 0.96484 0.049805 0.96484 0.12598 0.9987 0.12598 0.9987 0.049805
0 0.90365 0.049805 0.90365 0.12598 0.9362 0.12598 0.9362 0.049805
0 0.90234 0.38965 0.90234 0.4707 0.9362 0.4707 0.9362 0.38965
