0 0.75799 0.21094 0.75799 0.27832 0.81621 0.27832 0.81621 0.21094
0 0.94178 0.21289 0.94178 0.28125 0.99087 0.28125 0.99087 0.21289
0 0.5742 0.20996 0.5742 0.27734 0.63242 0.27734 0.63242 0.20996
0 0.38813 0.21094 0.38813 0.27832 0.44635 0.27832 0.44635 0.21094
0 0.20548 0.21484 0.20548 0.28223 0.2637 0.28223 0.2637 0.21484
0 0.028539 0.21875 0.028539 0.28613 0.086758 0.28613 0.086758 0.21875
0 0.20548 0.33691 0.20548 0.41602 0.2637 0.41602 0.2637 0.33691
0 0.38699 0.33398 0.38699 0.41309 0.44521 0.41309 0.44521 0.33398
0 0.57306 0.33301 0.57306 0.41211 0.63128 0.41211 0.63128 0.33301
0 0.76027 0.33203 0.76027 0.41113 0.81849 0.41113 0.81849 0.33203
0 0.57648 0.47461 0.57648 0.55371 0.6347 0.55371 0.6347 0.47461
0 0.38813 0.47461 0.38813 0.55371 0.44635 0.55371 0.44635 0.47461
0 0.76027 0.47266 0.76027 0.55176 0.81849 0.55176 0.81849 0.47266
0 0.20205 0.47656 0.20205 0.55566 0.26027 0.55566 0.26027 0.47656
0 0.20091 0.61426 0.20091 0.70117 0.25685 0.70117 0.25685 0.61426
0 0.57306 0.61035 0.57306 0.68457 0.63356 0.68457 0.63356 0.61035
0 0.38356 0.6123 0.38356 0.68652 0.44406 0.68652 0.44406 0.6123
0 0.76484 0.60938 0.76484 0.69727 0.81963 0.69727 0.81963 0.60938
0 0.20548 0.76172 0.20548 0.8252 0.25913 0.8252 0.25913 0.76172
0 0.38699 0.76465 0.38699 0.82812 0.44064 0.82812 0.44064 0.76465
0 0.57763 0.7627 0.57763 0.82617 0.63128 0.82617 0.63128 0.7627
0 0.76598 0.7627 0.76598 0.82617 0.81963 0.82617 0.81963 0.7627
1 0.55936 0.87988 0.55936 0.99805 0.65068 0.99805 0.65068 0.87988
0 0.39269 0.068359 0.39269 0.084961 0.44863 0.084961 0.44863 0.068359
0 0.5742 0.067383 0.5742 0.083984 0.63014 0.083984 0.63014 0.067383
0 0.21233 0.072266 0.21233 0.088867 0.26826 0.088867 0.26826 0.072266
0 0.039954 0.077148 0.039954 0.094727 0.09589 0.094727 0.09589 0.077148
0 0.75685 0.067383 0.75685 0.083984 0.81279 0.083984 0.81279 0.067383
