0 0.23796 0.12981 0.23796 0.2524 0.29489 0.2524 0.29489 0.12981
0 0.45839 0.13462 0.45839 0.25721 0.51533 0.25721 0.51533 0.13462
0 0.82774 0.13702 0.82774 0.25962 0.88321 0.25962 0.88321 0.13702
0 0.014599 0.13702 0.014599 0.25962 0.071533 0.25962 0.071533 0.13702
0 0.43358 0.35577 0.43358 0.47356 0.52117 0.47356 0.52117 0.35577
0 0.80292 0.35337 0.80292 0.46875 0.87883 0.46875 0.87883 0.35337
0 0.80876 0.57933 0.80876 0.69231 0.88321 0.69231 0.88321 0.57933
0 0.43504 0.58894 0.43504 0.70433 0.51241 0.70433 0.51241 0.58894
0 0.62482 0.58894 0.62482 0.7524 0.70365 0.7524 0.70365 0.58894
0 0.62044 0.81971 0.62044 0.94231 0.70365 0.94231 0.70365 0.81971
0 0.43358 0.82692 0.43358 0.94952 0.51533 0.94952 0.51533 0.82692
0 0.0058394 0.36298 0.0058394 0.48077 0.065693 0.48077 0.065693 0.36298
0 0.0058394 0.59856 0.0058394 0.71635 0.065693 0.71635 0.065693 0.59856
0 0.0058394 0.83894 0.0058394 0.95913 0.065693 0.95913 0.065693 0.83894
0 0.1781 0.35337 0.1781 0.48558 0.2219 0.48558 0.2219 0.35337
0 0.2292 0.35337 0.2292 0.48558 0.27299 0.48558 0.27299 0.35337
0 0.27883 0.35577 0.27883 0.48558 0.32263 0.48558 0.32263 0.35577
0 0.17226 0.59135 0.17226 0.72115 0.21606 0.72115 0.21606 0.59135
0 0.22482 0.58894 0.22482 0.71875 0.26861 0.71875 0.26861 0.58894
0 0.27737 0.59135 0.27737 0.72115 0.32117 0.72115 0.32117 0.59135
0 0.17226 0.83173 0.17226 0.96394 0.21606 0.96394 0.21606 0.83173
0 0.22628 0.83413 0.22628 0.96394 0.27007 0.96394 0.27007 0.83413
0 0.27737 0.83173 0.27737 0.96154 0.32117 0.96154 0.32117 0.83173
0 0.62044 0.35817 0.62044 0.52163 0.70073 0.52163 0.70073 0.35817
0 0.63504 0.13221 0.63504 0.28606 0.68759 0.28606 0.68759 0.13221
