0 0.76142 0.40571 0.76142 0.51571 0.84095 0.51571 0.84095 0.40571
0 0.31472 0.40429 0.31472 0.51429 0.39425 0.51429 0.39425 0.40429
0 0.30795 0.59714 0.30795 0.70857 0.38748 0.70857 0.38748 0.59714
0 0.76311 0.59857 0.76311 0.71 0.84264 0.71 0.84264 0.59857
0 0.43316 0.25429 0.43316 0.32714 0.49915 0.32714 0.49915 0.25429
0 0.65651 0.25571 0.65651 0.32857 0.7225 0.32857 0.7225 0.25571
0 0.2775 0.81286 0.2775 0.91286 0.42978 0.91286 0.42978 0.81286
0 0.72589 0.81286 0.72589 0.91286 0.87986 0.91286 0.87986 0.81286
0 0.53807 0.59571 0.53807 0.74714 0.62437 0.74714 0.62437 0.59571
0 0.53976 0.40429 0.53976 0.53571 0.61929 0.53571 0.61929 0.40429
