0 0.061523 0.12536 0.061523 0.22886 0.11133 0.22886 0.11133 0.12536
0 0.21777 0.12682 0.21777 0.23032 0.26758 0.23032 0.26758 0.12682
0 0.37402 0.12828 0.37402 0.23324 0.42578 0.23324 0.42578 0.12828
0 0.061523 0.34548 0.061523 0.47376 0.11328 0.47376 0.11328 0.34548
0 0.21777 0.34548 0.21777 0.47376 0.26758 0.47376 0.26758 0.34548
0 0.37695 0.34694 0.37695 0.47376 0.42676 0.47376 0.42676 0.34694
0 0.51562 0.12974 0.51562 0.23324 0.56641 0.23324 0.56641 0.12974
0 0.65527 0.1312 0.65527 0.23469 0.70508 0.23469 0.70508 0.1312
0 0.79297 0.12974 0.79297 0.23324 0.84375 0.23324 0.84375 0.12974
0 0.51855 0.34694 0.51855 0.47522 0.56738 0.47522 0.56738 0.34694
0 0.65527 0.34548 0.65527 0.47376 0.70605 0.47376 0.70605 0.34548
0 0.79492 0.34694 0.79492 0.47522 0.84473 0.47522 0.84473 0.34694
0 0.056641 0.56851 0.056641 0.74344 0.11914 0.74344 0.11914 0.56851
0 0.21191 0.56706 0.21191 0.74198 0.27344 0.74198 0.27344 0.56706
0 0.37012 0.56706 0.37012 0.74198 0.43164 0.74198 0.43164 0.56706
0 0.064453 0.8105 0.064453 0.91399 0.11035 0.91399 0.11035 0.8105
0 0.21875 0.80758 0.21875 0.91399 0.26758 0.91399 0.26758 0.80758
0 0.37695 0.80758 0.37695 0.91108 0.42383 0.91108 0.42383 0.80758
0 0.51074 0.56851 0.51074 0.74052 0.57324 0.74052 0.57324 0.56851
0 0.65039 0.56851 0.65039 0.74198 0.71094 0.74198 0.71094 0.56851
0 0.51953 0.80904 0.51953 0.90962 0.56445 0.90962 0.56445 0.80904
0 0.78711 0.56851 0.78711 0.74052 0.85059 0.74052 0.85059 0.56851
0 0.7959 0.81341 0.7959 0.91545 0.84277 0.91545 0.84277 0.81341
1 0.66016 0.81633 0.66016 0.97376 0.7002 0.97376 0.7002 0.81633
0 0.93555 0.12974 0.93555 0.23324 0.98633 0.23324 0.98633 0.12974
0 0.93652 0.34694 0.93652 0.47668 0.98535 0.47668 0.98535 0.34694
0 0.93066 0.56997 0.93066 0.74052 0.99023 0.74052 0.99023 0.56997
0 0.9375 0.81341 0.9375 0.91399 0.98438 0.91399 0.98438 0.81341
