0 0.18359 0.29883 0.18359 0.35449 0.22656 0.35449 0.22656 0.29883
0 0.17969 0.40137 0.17969 0.45703 0.23177 0.45703 0.23177 0.40137
0 0.27344 0.29883 0.27344 0.35352 0.31771 0.35352 0.31771 0.29883
0 0.36458 0.30078 0.36458 0.35352 0.40755 0.35352 0.40755 0.30078
0 0.26953 0.40137 0.26953 0.45703 0.32031 0.45703 0.32031 0.40137
0 0.36068 0.40137 0.36068 0.45605 0.41276 0.45605 0.41276 0.40137
0 0.45312 0.29883 0.45312 0.35449 0.4974 0.35449 0.4974 0.29883
0 0.54297 0.2998 0.54297 0.35352 0.58724 0.35352 0.58724 0.2998
0 0.44922 0.40137 0.44922 0.45801 0.5 0.45801 0.5 0.40137
0 0.53906 0.40137 0.53906 0.45703 0.58984 0.45703 0.58984 0.40137
0 0.63151 0.29883 0.63151 0.35449 0.67578 0.35449 0.67578 0.29883
0 0.72005 0.2998 0.72005 0.35352 0.76432 0.35352 0.76432 0.2998
0 0.6276 0.40137 0.6276 0.45801 0.67969 0.45801 0.67969 0.40137
0 0.71745 0.40137 0.71745 0.45801 0.76432 0.45801 0.76432 0.40137
0 0.17839 0.50879 0.17839 0.56934 0.23047 0.56934 0.23047 0.50879
0 0.26823 0.50977 0.26823 0.57031 0.32031 0.57031 0.32031 0.50977
0 0.17839 0.63086 0.17839 0.69434 0.23177 0.69434 0.23177 0.63086
0 0.26823 0.63184 0.26823 0.69434 0.32161 0.69434 0.32161 0.63184
0 0.36068 0.50977 0.36068 0.57031 0.41016 0.57031 0.41016 0.50977
0 0.44922 0.50977 0.44922 0.57031 0.4987 0.57031 0.4987 0.50977
0 0.35807 0.63184 0.35807 0.69434 0.41276 0.69434 0.41276 0.63184
0 0.44792 0.63184 0.44792 0.69434 0.5 0.69434 0.5 0.63184
0 0.53776 0.50977 0.53776 0.57031 0.58984 0.57031 0.58984 0.50977
0 0.6276 0.50977 0.6276 0.57031 0.67839 0.57031 0.67839 0.50977
0 0.53776 0.63184 0.53776 0.69531 0.58984 0.69531 0.58984 0.63184
0 0.625 0.63184 0.625 0.69434 0.68099 0.69434 0.68099 0.63184
0 0.71745 0.50977 0.71745 0.56934 0.76432 0.56934 0.76432 0.50977
0 0.71745 0.63184 0.71745 0.69434 0.76562 0.69434 0.76562 0.63184
0 0.63411 0.75293 0.63411 0.82324 0.67318 0.82324 0.67318 0.75293
0 0.72526 0.75293 0.72526 0.82324 0.76432 0.82324 0.76432 0.75293
0 0.45182 0.75293 0.45182 0.82324 0.49219 0.82324 0.49219 0.75293
0 0.54297 0.75293 0.54297 0.82227 0.58333 0.82227 0.58333 0.75293
0 0.36458 0.75195 0.36458 0.82227 0.40495 0.82227 0.40495 0.75195
0 0.27344 0.75195 0.27344 0.82227 0.3138 0.82227 0.3138 0.75195
0 0.18359 0.75195 0.18359 0.82227 0.22396 0.82227 0.22396 0.75195
0 0.089844 0.50879 0.089844 0.56934 0.14193 0.56934 0.14193 0.50879
0 0.091146 0.40039 0.091146 0.45605 0.14062 0.45605 0.14062 0.40039
0 0.095052 0.29883 0.095052 0.35352 0.13802 0.35352 0.13802 0.29883
0 0.85156 0.30566 0.85156 0.38281 0.94661 0.38281 0.94661 0.30566
0 0.85156 0.41895 0.85156 0.49316 0.94661 0.49316 0.94661 0.41895
0 0.69531 0.24121 0.69531 0.2627 0.75781 0.2627 0.75781 0.24121
0 0.61198 0.24219 0.61198 0.26367 0.67448 0.26367 0.67448 0.24219
0 0.52995 0.24219 0.52995 0.26367 0.59115 0.26367 0.59115 0.24219
0 0.44401 0.24219 0.44401 0.26367 0.50651 0.26367 0.50651 0.24219
0 0.36068 0.24121 0.36068 0.2627 0.42318 0.2627 0.42318 0.24121
0 0.27865 0.24219 0.27865 0.26367 0.33984 0.26367 0.33984 0.24219
0 0.19401 0.24121 0.19401 0.2627 0.25521 0.2627 0.25521 0.24121
0 0.11068 0.24121 0.11068 0.2627 0.17318 0.2627 0.17318 0.24121
0 0.042969 0.24121 0.042969 0.2627 0.088542 0.2627 0.088542 0.24121
0 0.86328 0.21289 0.86328 0.24805 0.94792 0.24805 0.94792 0.21289
0 0.85547 0.5332 0.85547 0.60742 0.95052 0.60742 0.95052 0.5332
1 0.34505 0.89648 0.34505 0.97656 0.42318 0.97656 0.42318 0.89648
