0 0.25781 0.58777 0.25781 0.70611 0.28809 0.70611 0.28809 0.58777
0 0.33105 0.58974 0.33105 0.70611 0.36133 0.70611 0.36133 0.58974
0 0.4043 0.58974 0.4043 0.70611 0.43457 0.70611 0.43457 0.58974
0 0.47852 0.58974 0.47852 0.70611 0.50781 0.70611 0.50781 0.58974
0 0.55078 0.58777 0.55078 0.70611 0.58105 0.70611 0.58105 0.58777
0 0.625 0.58974 0.625 0.70809 0.6543 0.70809 0.6543 0.58974
0 0.69629 0.58974 0.69629 0.70611 0.72656 0.70611 0.72656 0.58974
0 0.79785 0.58777 0.79785 0.70611 0.82812 0.70611 0.82812 0.58777
0 0.79688 0.43195 0.79688 0.52268 0.8252 0.52268 0.8252 0.43195
0 0.69824 0.43393 0.69824 0.52465 0.72559 0.52465 0.72559 0.43393
0 0.625 0.43393 0.625 0.52465 0.65234 0.52465 0.65234 0.43393
0 0.55176 0.43393 0.55176 0.52268 0.5791 0.52268 0.5791 0.43393
0 0.47852 0.43393 0.47852 0.52465 0.50586 0.52465 0.50586 0.43393
0 0.40527 0.43195 0.40527 0.52465 0.43359 0.52465 0.43359 0.43195
0 0.33301 0.43393 0.33301 0.52465 0.36035 0.52465 0.36035 0.43393
0 0.25781 0.43393 0.25781 0.52465 0.28516 0.52465 0.28516 0.43393
0 0.125 0.58974 0.125 0.70611 0.1582 0.70611 0.1582 0.58974
0 0.125 0.43393 0.125 0.52465 0.15527 0.52465 0.15527 0.43393
0 0.11328 0.23274 0.11328 0.31558 0.14453 0.31558 0.14453 0.23274
0 0.79688 0.24063 0.79688 0.31953 0.82422 0.31953 0.82422 0.24063
0 0.80371 0.13215 0.80371 0.16963 0.81934 0.16963 0.81934 0.13215
0 0.72656 0.17554 0.72656 0.20907 0.74316 0.20907 0.74316 0.17554
0 0.65918 0.17357 0.65918 0.2071 0.6748 0.2071 0.6748 0.17357
0 0.51953 0.17357 0.51953 0.2071 0.53613 0.2071 0.53613 0.17357
0 0.45117 0.17357 0.45117 0.2071 0.46777 0.2071 0.46777 0.17357
0 0.38184 0.17357 0.38184 0.2071 0.39844 0.2071 0.39844 0.17357
0 0.31738 0.17357 0.31738 0.2071 0.33301 0.2071 0.33301 0.17357
0 0.30273 0.26824 0.30273 0.3215 0.3291 0.3215 0.3291 0.26824
0 0.23828 0.28402 0.23828 0.3215 0.2666 0.3215 0.2666 0.28402
0 0.65234 0.27219 0.65234 0.32347 0.67676 0.32347 0.67676 0.27219
0 0.72168 0.27219 0.72168 0.32347 0.74609 0.32347 0.74609 0.27219
0 0.58203 0.27022 0.58203 0.32347 0.60645 0.32347 0.60645 0.27022
0 0.47559 0.78304 0.47559 0.89941 0.50488 0.89941 0.50488 0.78304
0 0.55078 0.78107 0.55078 0.89744 0.5791 0.89744 0.5791 0.78107
0 0.40332 0.78107 0.40332 0.89744 0.43164 0.89744 0.43164 0.78107
0 0.32812 0.78107 0.32812 0.89744 0.35742 0.89744 0.35742 0.78107
0 0.25488 0.78304 0.25488 0.89941 0.28418 0.89941 0.28418 0.78304
0 0.10449 0.78304 0.10449 0.89941 0.13281 0.89941 0.13281 0.78304
0 0.58887 0.17357 0.58887 0.2071 0.60547 0.2071 0.60547 0.17357
