0 0.44349 0.22122 0.44349 0.34532 0.52568 0.34532 0.52568 0.22122
0 0.19178 0.22482 0.19178 0.34353 0.26541 0.34353 0.26541 0.22482
0 0.72432 0.22842 0.72432 0.34892 0.79966 0.34892 0.79966 0.22842
0 0.18322 0.43885 0.18322 0.56835 0.26199 0.56835 0.26199 0.43885
0 0.44007 0.43885 0.44007 0.56655 0.52055 0.56655 0.52055 0.43885
0 0.71918 0.44424 0.71918 0.57374 0.79966 0.57374 0.79966 0.44424
0 0.18664 0.66547 0.18664 0.79137 0.26199 0.79137 0.26199 0.66547
0 0.44349 0.66547 0.44349 0.79137 0.52055 0.79137 0.52055 0.66547
0 0.7226 0.66727 0.7226 0.79317 0.79966 0.79317 0.79966 0.66727
0 0.45719 0.014388 0.45719 0.11871 0.52397 0.11871 0.52397 0.014388
0 0.71747 0.0053957 0.71747 0.073741 0.80993 0.073741 0.80993 0.0053957
0 0.17466 0.0053957 0.17466 0.071942 0.26712 0.071942 0.26712 0.0053957
