0 0.080967 0.19434 0.080967 0.29395 0.15668 0.29395 0.15668 0.19434
0 0.25026 0.19141 0.25026 0.29102 0.32597 0.29102 0.32597 0.19141
0 0.4164 0.19141 0.4164 0.29102 0.49317 0.29102 0.49317 0.19141
0 0.5836 0.19238 0.5836 0.29199 0.65931 0.29199 0.65931 0.19238
0 0.74763 0.19629 0.74763 0.2959 0.82334 0.2959 0.82334 0.19629
0 0.078864 0.38379 0.078864 0.52051 0.15457 0.52051 0.15457 0.38379
0 0.24816 0.38086 0.24816 0.51855 0.32492 0.51855 0.32492 0.38086
0 0.41956 0.37988 0.41956 0.51758 0.49527 0.51758 0.49527 0.37988
0 0.5836 0.38086 0.5836 0.51855 0.65931 0.51855 0.65931 0.38086
0 0.74763 0.38184 0.74763 0.51953 0.82334 0.51953 0.82334 0.38184
0 0.082019 0.61133 0.082019 0.72559 0.16509 0.72559 0.16509 0.61133
0 0.24921 0.60938 0.24921 0.72363 0.33228 0.72363 0.33228 0.60938
0 0.4143 0.60938 0.4143 0.72363 0.49737 0.72363 0.49737 0.60938
0 0.58044 0.60449 0.58044 0.71875 0.66351 0.71875 0.66351 0.60449
0 0.74027 0.60254 0.74027 0.7168 0.82334 0.7168 0.82334 0.60254
0 0.91588 0.1748 0.91588 0.28223 0.97581 0.28223 0.97581 0.1748
0 0.91483 0.39062 0.91483 0.50781 0.97476 0.50781 0.97476 0.39062
0 0.91167 0.6084 0.91167 0.71289 0.97161 0.71289 0.97161 0.6084
1 0.42271 0.83496 0.42271 0.96094 0.49632 0.96094 0.49632 0.83496
