0 0.083807 0.017578 0.083807 0.037109 0.18324 0.037109 0.18324 0.017578
0 0.21591 0.016602 0.21591 0.036133 0.31676 0.036133 0.31676 0.016602
0 0.083807 0.043945 0.083807 0.063477 0.18324 0.063477 0.18324 0.043945
0 0.082386 0.067383 0.082386 0.086914 0.18324 0.086914 0.18324 0.067383
0 0.082386 0.089844 0.082386 0.10938 0.18324 0.10938 0.18324 0.089844
0 0.083807 0.11426 0.083807 0.13379 0.18324 0.13379 0.18324 0.11426
0 0.082386 0.1416 0.082386 0.1582 0.18182 0.1582 0.18182 0.1416
0 0.080966 0.16602 0.080966 0.18066 0.18324 0.18066 0.18324 0.16602
0 0.080966 0.18945 0.080966 0.20605 0.1804 0.20605 0.1804 0.18945
0 0.082386 0.21387 0.082386 0.23047 0.18182 0.23047 0.18182 0.21387
0 0.082386 0.23926 0.082386 0.25586 0.18182 0.25586 0.18182 0.23926
0 0.080966 0.26465 0.080966 0.28125 0.1804 0.28125 0.1804 0.26465
0 0.080966 0.28809 0.080966 0.30469 0.1804 0.30469 0.1804 0.28809
0 0.082386 0.31348 0.082386 0.33008 0.18182 0.33008 0.18182 0.31348
0 0.080966 0.33789 0.080966 0.35449 0.1804 0.35449 0.1804 0.33789
0 0.21449 0.043945 0.21449 0.05957 0.31534 0.05957 0.31534 0.043945
0 0.21591 0.068359 0.21591 0.084961 0.31534 0.084961 0.31534 0.068359
0 0.21449 0.091797 0.21449 0.1084 0.31534 0.1084 0.31534 0.091797
0 0.21591 0.11523 0.21591 0.13184 0.31676 0.13184 0.31676 0.11523
0 0.21449 0.14062 0.21449 0.15723 0.31392 0.15723 0.31392 0.14062
0 0.21449 0.16504 0.21449 0.18164 0.31392 0.18164 0.31392 0.16504
0 0.21449 0.18945 0.21449 0.20605 0.31392 0.20605 0.31392 0.18945
0 0.21449 0.21289 0.21449 0.22949 0.31392 0.22949 0.31392 0.21289
0 0.21591 0.23828 0.21591 0.25488 0.31534 0.25488 0.31534 0.23828
0 0.21591 0.26367 0.21591 0.28027 0.31534 0.28027 0.31534 0.26367
0 0.21591 0.28809 0.21591 0.30371 0.31534 0.30371 0.31534 0.28809
0 0.21449 0.3125 0.21449 0.3291 0.31392 0.3291 0.31392 0.3125
0 0.21307 0.33789 0.21307 0.35449 0.3125 0.35449 0.3125 0.33789
0 0.34801 0.042969 0.34801 0.05957 0.44886 0.05957 0.44886 0.042969
0 0.34943 0.067383 0.34943 0.083984 0.44886 0.083984 0.44886 0.067383
0 0.34943 0.091797 0.34943 0.1084 0.44886 0.1084 0.44886 0.091797
0 0.34801 0.11523 0.34801 0.13184 0.44886 0.13184 0.44886 0.11523
0 0.34801 0.14062 0.34801 0.15723 0.44886 0.15723 0.44886 0.14062
0 0.34943 0.16504 0.34943 0.18164 0.44886 0.18164 0.44886 0.16504
0 0.34801 0.1875 0.34801 0.2041 0.44886 0.2041 0.44886 0.1875
0 0.35085 0.21289 0.35085 0.22852 0.45028 0.22852 0.45028 0.21289
0 0.34943 0.23828 0.34943 0.25391 0.44886 0.25391 0.44886 0.23828
0 0.34943 0.2627 0.34943 0.2793 0.44886 0.2793 0.44886 0.2627
0 0.34801 0.28809 0.34801 0.30469 0.44886 0.30469 0.44886 0.28809
0 0.34801 0.3125 0.34801 0.3291 0.44886 0.3291 0.44886 0.3125
0 0.34801 0.33789 0.34801 0.35449 0.44886 0.35449 0.44886 0.33789
0 0.47869 0.042969 0.47869 0.05957 0.57812 0.05957 0.57812 0.042969
0 0.48153 0.067383 0.48153 0.083984 0.58097 0.083984 0.58097 0.067383
0 0.47869 0.09082 0.47869 0.10742 0.57812 0.10742 0.57812 0.09082
0 0.47869 0.11523 0.47869 0.13184 0.57955 0.13184 0.57955 0.11523
0 0.48153 0.13965 0.48153 0.15625 0.58097 0.15625 0.58097 0.13965
0 0.48011 0.16504 0.48011 0.18164 0.57955 0.18164 0.57955 0.16504
0 0.48153 0.18848 0.48153 0.20508 0.58097 0.20508 0.58097 0.18848
0 0.48153 0.21191 0.48153 0.22852 0.58097 0.22852 0.58097 0.21191
0 0.48295 0.23828 0.48295 0.25488 0.58381 0.25488 0.58381 0.23828
0 0.48295 0.2627 0.48295 0.2793 0.58239 0.2793 0.58239 0.2627
0 0.48438 0.28809 0.48438 0.30469 0.58523 0.30469 0.58523 0.28809
0 0.48295 0.3125 0.48295 0.3291 0.58381 0.3291 0.58381 0.3125
0 0.48295 0.33789 0.48295 0.35449 0.58381 0.35449 0.58381 0.33789
0 0.6108 0.043945 0.6108 0.060547 0.71023 0.060547 0.71023 0.043945
0 0.61222 0.066406 0.61222 0.083008 0.71307 0.083008 0.71307 0.066406
0 0.61506 0.091797 0.61506 0.1084 0.71449 0.1084 0.71449 0.091797
0 0.61364 0.11523 0.61364 0.13184 0.71307 0.13184 0.71307 0.11523
0 0.61506 0.13965 0.61506 0.15625 0.71449 0.15625 0.71449 0.13965
0 0.6179 0.16504 0.6179 0.18164 0.71733 0.18164 0.71733 0.16504
0 0.6179 0.18848 0.6179 0.20508 0.71733 0.20508 0.71733 0.18848
0 0.61648 0.21289 0.61648 0.22949 0.71733 0.22949 0.71733 0.21289
0 0.61648 0.23828 0.61648 0.25488 0.71591 0.25488 0.71591 0.23828
0 0.61648 0.2627 0.61648 0.2793 0.71733 0.2793 0.71733 0.2627
0 0.6179 0.28809 0.6179 0.30469 0.71733 0.30469 0.71733 0.28809
0 0.62074 0.31348 0.62074 0.33008 0.72017 0.33008 0.72017 0.31348
0 0.62074 0.33887 0.62074 0.35547 0.72017 0.35547 0.72017 0.33887
0 0.74148 0.044922 0.74148 0.061523 0.84091 0.061523 0.84091 0.044922
0 0.74148 0.068359 0.74148 0.084961 0.84091 0.084961 0.84091 0.068359
0 0.7429 0.091797 0.7429 0.1084 0.84233 0.1084 0.84233 0.091797
0 0.74148 0.11523 0.74148 0.13184 0.84091 0.13184 0.84091 0.11523
0 0.74574 0.1416 0.74574 0.1582 0.84517 0.1582 0.84517 0.1416
0 0.74716 0.16504 0.74716 0.18164 0.84659 0.18164 0.84659 0.16504
0 0.74432 0.18945 0.74432 0.20605 0.84375 0.20605 0.84375 0.18945
0 0.74574 0.21484 0.74574 0.23145 0.84517 0.23145 0.84517 0.21484
0 0.74716 0.24023 0.74716 0.25684 0.84659 0.25684 0.84659 0.24023
0 0.74716 0.2627 0.74716 0.2793 0.84659 0.2793 0.84659 0.2627
0 0.75142 0.28809 0.75142 0.30469 0.85085 0.30469 0.85085 0.28809
0 0.75284 0.31445 0.75284 0.33105 0.85227 0.33105 0.85227 0.31445
0 0.75284 0.33887 0.75284 0.35547 0.85369 0.35547 0.85369 0.33887
0 0.87642 0.044922 0.87642 0.061523 0.97585 0.061523 0.97585 0.044922
0 0.875 0.069336 0.875 0.085938 0.97443 0.085938 0.97443 0.069336
0 0.875 0.091797 0.875 0.1084 0.97585 0.1084 0.97585 0.091797
0 0.87926 0.11719 0.87926 0.13379 0.97869 0.13379 0.97869 0.11719
0 0.87926 0.1416 0.87926 0.1582 0.98011 0.1582 0.98011 0.1416
0 0.8821 0.16504 0.8821 0.18164 0.98153 0.18164 0.98153 0.16504
0 0.8821 0.19043 0.8821 0.20605 0.98153 0.20605 0.98153 0.19043
0 0.88352 0.21582 0.88352 0.23242 0.98295 0.23242 0.98295 0.21582
0 0.88494 0.24121 0.88494 0.25684 0.98438 0.25684 0.98438 0.24121
0 0.88636 0.26562 0.88636 0.28223 0.98722 0.28223 0.98722 0.26562
0 0.88494 0.29004 0.88494 0.30664 0.9858 0.30664 0.9858 0.29004
0 0.88636 0.31543 0.88636 0.33203 0.98722 0.33203 0.98722 0.31543
0 0.89062 0.34277 0.89062 0.3584 0.99006 0.3584 0.99006 0.34277
0 0.34659 0.017578 0.34659 0.03418 0.44744 0.03418 0.44744 0.017578
0 0.47869 0.017578 0.47869 0.033203 0.57812 0.033203 0.57812 0.017578
0 0.6108 0.017578 0.6108 0.033203 0.71023 0.033203 0.71023 0.017578
0 0.74006 0.017578 0.74006 0.03418 0.83949 0.03418 0.83949 0.017578
0 0.875 0.018555 0.875 0.035156 0.97443 0.035156 0.97443 0.018555
0 0.080966 0.36426 0.080966 0.37988 0.1804 0.37988 0.1804 0.36426
0 0.079545 0.38965 0.079545 0.40625 0.18182 0.40625 0.18182 0.38965
0 0.076705 0.41406 0.076705 0.43066 0.17898 0.43066 0.17898 0.41406
0 0.076705 0.43945 0.076705 0.45605 0.17898 0.45605 0.17898 0.43945
0 0.075284 0.46582 0.075284 0.48242 0.17756 0.48242 0.17756 0.46582
0 0.075284 0.49121 0.075284 0.50781 0.17756 0.50781 0.17756 0.49121
0 0.076705 0.5166 0.076705 0.5332 0.17898 0.5332 0.17898 0.5166
0 0.075284 0.54492 0.075284 0.56152 0.17756 0.56152 0.17756 0.54492
0 0.075284 0.57129 0.075284 0.58691 0.17756 0.58691 0.17756 0.57129
0 0.078125 0.59668 0.078125 0.6123 0.1804 0.6123 0.1804 0.59668
0 0.076705 0.62207 0.076705 0.63867 0.17898 0.63867 0.17898 0.62207
0 0.075284 0.64844 0.075284 0.66504 0.17756 0.66504 0.17756 0.64844
0 0.075284 0.67578 0.075284 0.69238 0.17756 0.69238 0.17756 0.67578
0 0.076705 0.70215 0.076705 0.71777 0.17898 0.71777 0.17898 0.70215
0 0.076705 0.72949 0.076705 0.74609 0.17898 0.74609 0.17898 0.72949
0 0.076705 0.75391 0.076705 0.77051 0.17898 0.77051 0.17898 0.75391
0 0.076705 0.78125 0.076705 0.79785 0.17898 0.79785 0.17898 0.78125
0 0.21449 0.36426 0.21449 0.37988 0.31676 0.37988 0.31676 0.36426
0 0.21165 0.38867 0.21165 0.40527 0.31392 0.40527 0.31392 0.38867
0 0.21165 0.41504 0.21165 0.43164 0.31392 0.43164 0.31392 0.41504
0 0.21449 0.44043 0.21449 0.45703 0.31676 0.45703 0.31676 0.44043
0 0.21023 0.46582 0.21023 0.48242 0.3125 0.48242 0.3125 0.46582
0 0.21165 0.49121 0.21165 0.50781 0.31392 0.50781 0.31392 0.49121
0 0.21165 0.51758 0.21165 0.53418 0.31392 0.53418 0.31392 0.51758
0 0.21307 0.54395 0.21307 0.56055 0.31534 0.56055 0.31534 0.54395
0 0.21307 0.56934 0.21307 0.58594 0.31534 0.58594 0.31534 0.56934
0 0.21307 0.5957 0.21307 0.6123 0.31534 0.6123 0.31534 0.5957
0 0.21449 0.62207 0.21449 0.6377 0.31676 0.6377 0.31676 0.62207
0 0.21165 0.64941 0.21165 0.66602 0.31392 0.66602 0.31392 0.64941
0 0.21307 0.67578 0.21307 0.69238 0.31534 0.69238 0.31534 0.67578
0 0.21307 0.70215 0.21307 0.71875 0.31534 0.71875 0.31534 0.70215
0 0.21449 0.72852 0.21449 0.74512 0.31676 0.74512 0.31676 0.72852
0 0.21307 0.75586 0.21307 0.77246 0.31534 0.77246 0.31534 0.75586
0 0.21307 0.78223 0.21307 0.79785 0.31534 0.79785 0.31534 0.78223
0 0.34659 0.36426 0.34659 0.37988 0.44744 0.37988 0.44744 0.36426
0 0.34801 0.38965 0.34801 0.40625 0.45028 0.40625 0.45028 0.38965
0 0.34801 0.41406 0.34801 0.43066 0.45028 0.43066 0.45028 0.41406
0 0.34943 0.44043 0.34943 0.45703 0.4517 0.45703 0.4517 0.44043
0 0.34659 0.46484 0.34659 0.48145 0.44886 0.48145 0.44886 0.46484
0 0.35227 0.49121 0.35227 0.50781 0.45312 0.50781 0.45312 0.49121
0 0.35227 0.5166 0.35227 0.5332 0.45312 0.5332 0.45312 0.5166
0 0.35085 0.54395 0.35085 0.56055 0.45312 0.56055 0.45312 0.54395
0 0.35085 0.57129 0.35085 0.58691 0.45312 0.58691 0.45312 0.57129
0 0.35085 0.59668 0.35085 0.6123 0.45312 0.6123 0.45312 0.59668
0 0.34943 0.62207 0.34943 0.6377 0.4517 0.6377 0.4517 0.62207
0 0.35227 0.64941 0.35227 0.66602 0.45455 0.66602 0.45455 0.64941
0 0.35227 0.67676 0.35227 0.69238 0.45312 0.69238 0.45312 0.67676
0 0.35227 0.70312 0.35227 0.71973 0.45455 0.71973 0.45455 0.70312
0 0.35227 0.72852 0.35227 0.74512 0.45312 0.74512 0.45312 0.72852
0 0.35227 0.75586 0.35227 0.77246 0.45312 0.77246 0.45312 0.75586
0 0.34943 0.78223 0.34943 0.79883 0.4517 0.79883 0.4517 0.78223
0 0.48438 0.36328 0.48438 0.37988 0.58665 0.37988 0.58665 0.36328
0 0.61932 0.36523 0.61932 0.38184 0.72159 0.38184 0.72159 0.36523
0 0.75568 0.36621 0.75568 0.38281 0.85795 0.38281 0.85795 0.36621
0 0.8892 0.36523 0.8892 0.38184 0.99148 0.38184 0.99148 0.36523
0 0.88778 0.3916 0.88778 0.40723 0.99006 0.40723 0.99006 0.3916
0 0.8892 0.41504 0.8892 0.43164 0.99148 0.43164 0.99148 0.41504
0 0.89062 0.44238 0.89062 0.45898 0.9929 0.45898 0.9929 0.44238
0 0.8892 0.46875 0.8892 0.48535 0.99148 0.48535 0.99148 0.46875
0 0.8892 0.49609 0.8892 0.5127 0.99148 0.5127 0.99148 0.49609
0 0.89062 0.52148 0.89062 0.53809 0.9929 0.53809 0.9929 0.52148
0 0.89062 0.54785 0.89062 0.56348 0.9929 0.56348 0.9929 0.54785
0 0.89205 0.57422 0.89205 0.59082 0.99432 0.59082 0.99432 0.57422
0 0.89205 0.60156 0.89205 0.61816 0.99432 0.61816 0.99432 0.60156
0 0.89489 0.625 0.89489 0.6416 0.99716 0.6416 0.99716 0.625
0 0.89347 0.65137 0.89347 0.66797 0.99574 0.66797 0.99574 0.65137
0 0.89205 0.67773 0.89205 0.69434 0.99432 0.69434 0.99432 0.67773
0 0.89347 0.70508 0.89347 0.72168 0.99574 0.72168 0.99574 0.70508
0 0.8892 0.73047 0.8892 0.74707 0.99148 0.74707 0.99148 0.73047
0 0.8892 0.75781 0.8892 0.77441 0.99148 0.77441 0.99148 0.75781
0 0.89062 0.7832 0.89062 0.7998 0.9929 0.7998 0.9929 0.7832
0 0.48438 0.38867 0.48438 0.40527 0.58665 0.40527 0.58665 0.38867
0 0.6179 0.38965 0.6179 0.40625 0.72017 0.40625 0.72017 0.38965
0 0.75426 0.38965 0.75426 0.40625 0.85653 0.40625 0.85653 0.38965
0 0.75426 0.41699 0.75426 0.43359 0.85653 0.43359 0.85653 0.41699
0 0.75568 0.44238 0.75568 0.45801 0.85795 0.45801 0.85795 0.44238
0 0.75568 0.4668 0.75568 0.4834 0.85795 0.4834 0.85795 0.4668
0 0.75852 0.49512 0.75852 0.51074 0.8608 0.51074 0.8608 0.49512
0 0.75852 0.51953 0.75852 0.53613 0.8608 0.53613 0.8608 0.51953
0 0.75852 0.54492 0.75852 0.56152 0.8608 0.56152 0.8608 0.54492
0 0.7571 0.57324 0.7571 0.58984 0.85938 0.58984 0.85938 0.57324
0 0.62074 0.41406 0.62074 0.43066 0.72301 0.43066 0.72301 0.41406
0 0.62216 0.44043 0.62216 0.45703 0.72443 0.45703 0.72443 0.44043
0 0.62216 0.46582 0.62216 0.48242 0.72443 0.48242 0.72443 0.46582
0 0.62216 0.49219 0.62216 0.50879 0.72443 0.50879 0.72443 0.49219
0 0.62216 0.51855 0.62216 0.53516 0.72443 0.53516 0.72443 0.51855
0 0.62216 0.54395 0.62216 0.56055 0.72443 0.56055 0.72443 0.54395
0 0.62358 0.57129 0.62358 0.58789 0.72585 0.58789 0.72585 0.57129
0 0.48722 0.57129 0.48722 0.58789 0.58949 0.58789 0.58949 0.57129
0 0.48722 0.54395 0.48722 0.56055 0.58949 0.56055 0.58949 0.54395
0 0.48722 0.51855 0.48722 0.53516 0.58949 0.53516 0.58949 0.51855
0 0.48722 0.49219 0.48722 0.50879 0.58949 0.50879 0.58949 0.49219
0 0.48438 0.46484 0.48438 0.48145 0.58665 0.48145 0.58665 0.46484
0 0.48438 0.44141 0.48438 0.45801 0.58665 0.45801 0.58665 0.44141
0 0.48295 0.41504 0.48295 0.43164 0.58523 0.43164 0.58523 0.41504
0 0.48722 0.59766 0.48722 0.61426 0.58949 0.61426 0.58949 0.59766
0 0.48722 0.62305 0.48722 0.63965 0.58949 0.63965 0.58949 0.62305
0 0.48722 0.65039 0.48722 0.66699 0.58949 0.66699 0.58949 0.65039
0 0.48864 0.67773 0.48864 0.69434 0.59091 0.69434 0.59091 0.67773
0 0.4858 0.70312 0.4858 0.71973 0.58807 0.71973 0.58807 0.70312
0 0.4858 0.73047 0.4858 0.74707 0.58807 0.74707 0.58807 0.73047
0 0.48722 0.75586 0.48722 0.77246 0.58949 0.77246 0.58949 0.75586
0 0.49006 0.78223 0.49006 0.79883 0.59233 0.79883 0.59233 0.78223
0 0.62642 0.59863 0.62642 0.61426 0.72869 0.61426 0.72869 0.59863
0 0.62642 0.62402 0.62642 0.64062 0.72869 0.64062 0.72869 0.62402
0 0.76136 0.59863 0.76136 0.61523 0.86364 0.61523 0.86364 0.59863
0 0.76136 0.625 0.76136 0.6416 0.86364 0.6416 0.86364 0.625
0 0.76136 0.65137 0.76136 0.66797 0.86364 0.66797 0.86364 0.65137
0 0.625 0.65137 0.625 0.66797 0.72727 0.66797 0.72727 0.65137
0 0.625 0.67773 0.625 0.69434 0.72727 0.69434 0.72727 0.67773
0 0.625 0.70508 0.625 0.72168 0.72727 0.72168 0.72727 0.70508
0 0.62358 0.73145 0.62358 0.74805 0.72585 0.74805 0.72585 0.73145
0 0.62358 0.75781 0.62358 0.77441 0.72585 0.77441 0.72585 0.75781
0 0.62358 0.78223 0.62358 0.79883 0.72585 0.79883 0.72585 0.78223
0 0.625 0.81055 0.625 0.82715 0.72727 0.82715 0.72727 0.81055
0 0.76136 0.81055 0.76136 0.82715 0.86364 0.82715 0.86364 0.81055
0 0.75852 0.7832 0.75852 0.7998 0.8608 0.7998 0.8608 0.7832
0 0.7571 0.75781 0.7571 0.77441 0.85938 0.77441 0.85938 0.75781
0 0.75852 0.73145 0.75852 0.74805 0.8608 0.74805 0.8608 0.73145
0 0.76136 0.70605 0.76136 0.72266 0.86364 0.72266 0.86364 0.70605
0 0.76136 0.67773 0.76136 0.69434 0.86364 0.69434 0.86364 0.67773
0 0.078125 0.80762 0.078125 0.82422 0.1804 0.82422 0.1804 0.80762
0 0.076705 0.83301 0.076705 0.84961 0.17898 0.84961 0.17898 0.83301
0 0.078125 0.85938 0.078125 0.87598 0.1804 0.87598 0.1804 0.85938
0 0.079545 0.88574 0.079545 0.90234 0.18182 0.90234 0.18182 0.88574
0 0.080966 0.90918 0.080966 0.92578 0.18324 0.92578 0.18324 0.90918
0 0.21307 0.80762 0.21307 0.82422 0.31534 0.82422 0.31534 0.80762
0 0.21591 0.83496 0.21591 0.85156 0.31818 0.85156 0.31818 0.83496
0 0.21307 0.85938 0.21307 0.87598 0.31534 0.87598 0.31534 0.85938
0 0.21307 0.88574 0.21307 0.90234 0.31534 0.90234 0.31534 0.88574
0 0.21733 0.91113 0.21733 0.92773 0.3196 0.92773 0.3196 0.91113
0 0.35085 0.80859 0.35085 0.8252 0.45312 0.8252 0.45312 0.80859
0 0.35369 0.83398 0.35369 0.85059 0.45597 0.85059 0.45597 0.83398
0 0.34943 0.8623 0.34943 0.87891 0.4517 0.87891 0.4517 0.8623
0 0.35085 0.88574 0.35085 0.90234 0.45312 0.90234 0.45312 0.88574
0 0.34943 0.91016 0.34943 0.92676 0.4517 0.92676 0.4517 0.91016
0 0.4858 0.80859 0.4858 0.8252 0.58807 0.8252 0.58807 0.80859
0 0.48864 0.83398 0.48864 0.85059 0.58949 0.85059 0.58949 0.83398
0 0.48438 0.86133 0.48438 0.87793 0.58665 0.87793 0.58665 0.86133
0 0.4858 0.88672 0.4858 0.90332 0.58807 0.90332 0.58807 0.88672
0 0.48153 0.91016 0.48153 0.92676 0.58381 0.92676 0.58381 0.91016
0 0.6179 0.91211 0.6179 0.92871 0.72017 0.92871 0.72017 0.91211
0 0.61506 0.88477 0.61506 0.90137 0.71733 0.90137 0.71733 0.88477
0 0.62074 0.86328 0.62074 0.87891 0.72159 0.87891 0.72159 0.86328
0 0.62074 0.83496 0.62074 0.85156 0.72301 0.85156 0.72301 0.83496
0 0.88778 0.81055 0.88778 0.82715 0.99006 0.82715 0.99006 0.81055
0 0.88494 0.83691 0.88494 0.85352 0.98722 0.85352 0.98722 0.83691
0 0.88494 0.86035 0.88494 0.87695 0.98722 0.87695 0.98722 0.86035
0 0.88494 0.8877 0.88494 0.9043 0.9858 0.9043 0.9858 0.8877
0 0.87926 0.91113 0.87926 0.92773 0.98153 0.92773 0.98153 0.91113
0 0.87784 0.93555 0.87784 0.95215 0.98011 0.95215 0.98011 0.93555
0 0.75426 0.83594 0.75426 0.85254 0.85653 0.85254 0.85653 0.83594
0 0.75426 0.8623 0.75426 0.87891 0.85653 0.87891 0.85653 0.8623
0 0.75284 0.88574 0.75284 0.90234 0.85369 0.90234 0.85369 0.88574
0 0.75284 0.91016 0.75284 0.92676 0.85369 0.92676 0.85369 0.91016
0 0.87642 0.96094 0.87642 0.97754 0.97869 0.97754 0.97869 0.96094
0 0.74716 0.93652 0.74716 0.95312 0.84801 0.95312 0.84801 0.93652
0 0.7429 0.96191 0.7429 0.97852 0.84517 0.97852 0.84517 0.96191
0 0.61506 0.95996 0.61506 0.97656 0.71733 0.97656 0.71733 0.95996
0 0.61506 0.93555 0.61506 0.95215 0.71733 0.95215 0.71733 0.93555
0 0.48295 0.93652 0.48295 0.95312 0.58523 0.95312 0.58523 0.93652
0 0.48153 0.96094 0.48153 0.97754 0.58381 0.97754 0.58381 0.96094
0 0.35085 0.96094 0.35085 0.97754 0.45312 0.97754 0.45312 0.96094
0 0.35085 0.93652 0.35085 0.95312 0.45312 0.95312 0.45312 0.93652
0 0.21591 0.96094 0.21591 0.97754 0.31818 0.97754 0.31818 0.96094
0 0.21733 0.93652 0.21733 0.95312 0.31818 0.95312 0.31818 0.93652
0 0.083807 0.93555 0.083807 0.95215 0.18608 0.95215 0.18608 0.93555
0 0.086648 0.95801 0.086648 0.97461 0.18892 0.97461 0.18892 0.95801
0 0.21875 0.98535 0.21875 0.99707 0.31818 0.99707 0.31818 0.98535
0 0.086648 0.98535 0.086648 0.99707 0.1875 0.99707 0.1875 0.98535
0 0.35085 0.98633 0.35085 0.99805 0.45028 0.99805 0.45028 0.98633
0 0.48438 0.98438 0.48438 0.99707 0.58381 0.99707 0.58381 0.98438
0 0.61506 0.98633 0.61506 0.99805 0.71449 0.99805 0.71449 0.98633
0 0.7429 0.98535 0.7429 0.99707 0.84233 0.99707 0.84233 0.98535
0 0.015625 0.019531 0.015625 0.038086 0.053977 0.038086 0.053977 0.019531
0 0.014205 0.044922 0.014205 0.063477 0.052557 0.063477 0.052557 0.044922
0 0.014205 0.070312 0.014205 0.088867 0.052557 0.088867 0.052557 0.070312
0 0.014205 0.092773 0.014205 0.11133 0.052557 0.11133 0.052557 0.092773
0 0.014205 0.11816 0.014205 0.13672 0.052557 0.13672 0.052557 0.11816
0 0.011364 0.1416 0.011364 0.16016 0.049716 0.16016 0.049716 0.1416
0 0.0099432 0.16504 0.0099432 0.18262 0.048295 0.18262 0.048295 0.16504
0 0.012784 0.19141 0.012784 0.20996 0.051136 0.20996 0.051136 0.19141
0 0.011364 0.2168 0.011364 0.23438 0.049716 0.23438 0.049716 0.2168
0 0.012784 0.24023 0.012784 0.25879 0.051136 0.25879 0.051136 0.24023
0 0.012784 0.26367 0.012784 0.28223 0.051136 0.28223 0.051136 0.26367
0 0.012784 0.28906 0.012784 0.30762 0.051136 0.30762 0.051136 0.28906
0 0.011364 0.31348 0.011364 0.33105 0.049716 0.33105 0.049716 0.31348
0 0.011364 0.33887 0.011364 0.35645 0.049716 0.35645 0.049716 0.33887
0 0.0085227 0.36328 0.0085227 0.38184 0.046875 0.38184 0.046875 0.36328
0 0.0085227 0.38965 0.0085227 0.4082 0.046875 0.4082 0.046875 0.38965
0 0.0071023 0.41406 0.0071023 0.43164 0.045455 0.43164 0.045455 0.41406
0 0.0028409 0.43945 0.0028409 0.45801 0.041193 0.45801 0.041193 0.43945
0 0.0042614 0.46582 0.0042614 0.4834 0.042614 0.4834 0.042614 0.46582
0 0.0042614 0.49023 0.0042614 0.50879 0.042614 0.50879 0.042614 0.49023
0 0.0056818 0.51758 0.0056818 0.53516 0.044034 0.53516 0.044034 0.51758
0 0.0056818 0.54297 0.0056818 0.56055 0.044034 0.56055 0.044034 0.54297
0 0.0056818 0.56934 0.0056818 0.58789 0.044034 0.58789 0.044034 0.56934
0 0.0056818 0.59473 0.0056818 0.6123 0.044034 0.6123 0.044034 0.59473
0 0.0071023 0.62207 0.0071023 0.63965 0.045455 0.63965 0.045455 0.62207
0 0.0071023 0.64844 0.0071023 0.66602 0.045455 0.66602 0.045455 0.64844
0 0.0056818 0.67383 0.0056818 0.69238 0.044034 0.69238 0.044034 0.67383
0 0.0085227 0.7002 0.0085227 0.71875 0.046875 0.71875 0.046875 0.7002
0 0.0071023 0.72852 0.0071023 0.74609 0.045455 0.74609 0.045455 0.72852
0 0.0071023 0.75195 0.0071023 0.77051 0.045455 0.77051 0.045455 0.75195
0 0.0071023 0.78125 0.0071023 0.7998 0.045455 0.7998 0.045455 0.78125
0 0.0071023 0.80859 0.0071023 0.82617 0.045455 0.82617 0.045455 0.80859
0 0.0071023 0.83203 0.0071023 0.85059 0.045455 0.85059 0.045455 0.83203
0 0.0085227 0.85938 0.0085227 0.87793 0.046875 0.87793 0.046875 0.85938
0 0.011364 0.88379 0.011364 0.90137 0.049716 0.90137 0.049716 0.88379
0 0.012784 0.9082 0.012784 0.92676 0.051136 0.92676 0.051136 0.9082
0 0.014205 0.93262 0.014205 0.95117 0.052557 0.95117 0.052557 0.93262
0 0.015625 0.96094 0.015625 0.97852 0.053977 0.97852 0.053977 0.96094
0 0.015625 0.98535 0.015625 0.99707 0.053977 0.99707 0.053977 0.98535
