0 0.11719 0.28974 0.11719 0.39103 0.15723 0.39103 0.15723 0.28974
0 0.17676 0.28974 0.17676 0.39103 0.21484 0.39103 0.21484 0.28974
0 0.26855 0.28974 0.26855 0.39103 0.30762 0.39103 0.30762 0.28974
0 0.32715 0.28974 0.32715 0.39231 0.36621 0.39231 0.36621 0.28974
0 0.41699 0.29103 0.41699 0.39231 0.45605 0.39231 0.45605 0.29103
0 0.47461 0.29103 0.47461 0.39231 0.51367 0.39231 0.51367 0.29103
0 0.12109 0.48974 0.12109 0.58846 0.15918 0.58846 0.15918 0.48974
0 0.17676 0.48974 0.17676 0.58846 0.21387 0.58846 0.21387 0.48974
0 0.27148 0.49103 0.27148 0.58846 0.30859 0.58846 0.30859 0.49103
0 0.32715 0.48974 0.32715 0.58846 0.36426 0.58846 0.36426 0.48974
0 0.4248 0.46282 0.4248 0.56538 0.45605 0.56538 0.45605 0.46282
0 0.46191 0.4641 0.46191 0.56538 0.49219 0.56538 0.49219 0.4641
0 0.49805 0.46282 0.49805 0.56667 0.5293 0.56667 0.5293 0.46282
0 0.56738 0.48974 0.56738 0.58718 0.60547 0.58718 0.60547 0.48974
0 0.62305 0.49103 0.62305 0.58718 0.66016 0.58718 0.66016 0.49103
0 0.7168 0.49103 0.7168 0.58718 0.75488 0.58718 0.75488 0.49103
0 0.77051 0.49103 0.77051 0.58718 0.80957 0.58718 0.80957 0.49103
0 0.56543 0.29103 0.56543 0.39231 0.60449 0.39231 0.60449 0.29103
0 0.62305 0.29103 0.62305 0.39103 0.66309 0.39103 0.66309 0.29103
0 0.7168 0.29103 0.7168 0.39231 0.75488 0.39231 0.75488 0.29103
0 0.77246 0.29103 0.77246 0.39103 0.81152 0.39103 0.81152 0.29103
0 0.56738 0.68718 0.56738 0.78718 0.60547 0.78718 0.60547 0.68718
0 0.62109 0.68718 0.62109 0.78718 0.66016 0.78718 0.66016 0.68718
0 0.7168 0.68718 0.7168 0.78718 0.75488 0.78718 0.75488 0.68718
0 0.77051 0.68718 0.77051 0.78718 0.80859 0.78718 0.80859 0.68718
0 0.42578 0.66538 0.42578 0.78205 0.47168 0.78205 0.47168 0.66538
0 0.48145 0.66538 0.48145 0.78205 0.5293 0.78205 0.5293 0.66538
0 0.32617 0.68718 0.32617 0.78718 0.36523 0.78718 0.36523 0.68718
0 0.27148 0.68718 0.27148 0.78846 0.31055 0.78846 0.31055 0.68718
0 0.17578 0.68718 0.17578 0.78846 0.21387 0.78846 0.21387 0.68718
0 0.11914 0.68718 0.11914 0.78846 0.15918 0.78846 0.15918 0.68718
0 0.89844 0.13077 0.89844 0.21923 0.95215 0.21923 0.95215 0.13077
0 0.90527 0.0038462 0.90527 0.058974 0.94727 0.058974 0.94727 0.0038462
1 0.41895 0.88333 0.41895 0.99359 0.51465 0.99359 0.51465 0.88333
0 0.90332 0.31538 0.90332 0.40641 0.94336 0.40641 0.94336 0.31538
