0 0.50262 0.082873 0.50262 0.15746 0.53229 0.15746 0.53229 0.082873
0 0.54625 0.08011 0.54625 0.15746 0.57592 0.15746 0.57592 0.08011
0 0.58813 0.08011 0.58813 0.1547 0.6178 0.1547 0.6178 0.08011
0 0.50262 0.25414 0.50262 0.33149 0.53229 0.33149 0.53229 0.25414
0 0.54625 0.25414 0.54625 0.32873 0.57592 0.32873 0.57592 0.25414
0 0.58988 0.25138 0.58988 0.32597 0.61955 0.32597 0.61955 0.25138
0 0.50262 0.42541 0.50262 0.50276 0.53229 0.50276 0.53229 0.42541
0 0.54625 0.42818 0.54625 0.50276 0.57592 0.50276 0.57592 0.42818
0 0.58988 0.42818 0.58988 0.50276 0.61955 0.50276 0.61955 0.42818
0 0.50436 0.59669 0.50436 0.66851 0.53403 0.66851 0.53403 0.59669
0 0.54625 0.59669 0.54625 0.66851 0.57592 0.66851 0.57592 0.59669
0 0.58813 0.59669 0.58813 0.66851 0.6178 0.66851 0.6178 0.59669
0 0.39442 0.42818 0.39442 0.50829 0.44328 0.50829 0.44328 0.42818
0 0.39267 0.25691 0.39267 0.33702 0.44328 0.33702 0.44328 0.25691
0 0.39616 0.085635 0.39616 0.16575 0.44503 0.16575 0.44503 0.085635
0 0.39442 0.59945 0.39442 0.67956 0.44328 0.67956 0.44328 0.59945
0 0.67365 0.42541 0.67365 0.50829 0.75218 0.50829 0.75218 0.42541
0 0.66841 0.25138 0.66841 0.33425 0.7452 0.33425 0.7452 0.25138
0 0.67016 0.082873 0.67016 0.16575 0.74695 0.16575 0.74695 0.082873
0 0.67539 0.60221 0.67539 0.72099 0.74869 0.72099 0.74869 0.60221
0 0.25654 0.59669 0.25654 0.6768 0.34729 0.6768 0.34729 0.59669
0 0.13438 0.59392 0.13438 0.71823 0.22688 0.71823 0.22688 0.59392
0 0.12914 0.4337 0.12914 0.54696 0.2199 0.54696 0.2199 0.4337
0 0.13089 0.25967 0.13089 0.37845 0.22339 0.37845 0.22339 0.25967
0 0.2548 0.25967 0.2548 0.37569 0.3438 0.37569 0.3438 0.25967
0 0.24782 0.088398 0.24782 0.19613 0.34555 0.19613 0.34555 0.088398
0 0.13089 0.09116 0.13089 0.19613 0.21466 0.19613 0.21466 0.09116
0 0.79756 0.59945 0.79756 0.6547 0.89354 0.6547 0.89354 0.59945
0 0.79756 0.42541 0.79756 0.54696 0.89703 0.54696 0.89703 0.42541
0 0.80279 0.24862 0.80279 0.37017 0.89354 0.37017 0.89354 0.24862
0 0.80279 0.088398 0.80279 0.19061 0.89703 0.19061 0.89703 0.088398
1 0.3822 0.75691 0.3822 0.8895 0.4712 0.8895 0.4712 0.75691
1 0.27574 0.75691 0.27574 0.8895 0.36475 0.8895 0.36475 0.75691
1 0.17103 0.75691 0.17103 0.8895 0.26003 0.8895 0.26003 0.75691
1 0.49564 0.75691 0.49564 0.8895 0.58464 0.8895 0.58464 0.75691
1 0.60209 0.75414 0.60209 0.88674 0.6911 0.88674 0.6911 0.75414
1 0.71204 0.75691 0.71204 0.8895 0.80105 0.8895 0.80105 0.75691
1 0.080279 0.75691 0.080279 0.8895 0.15358 0.8895 0.15358 0.75691
