0 0.20182 0.39941 0.20182 0.45996 0.24219 0.45996 0.24219 0.39941
0 0.29948 0.39941 0.29948 0.45996 0.34115 0.45996 0.34115 0.39941
0 0.39714 0.40039 0.39714 0.45996 0.4388 0.45996 0.4388 0.40039
0 0.20052 0.5127 0.20052 0.5752 0.24089 0.5752 0.24089 0.5127
0 0.29818 0.51367 0.29818 0.5752 0.33984 0.5752 0.33984 0.51367
0 0.39583 0.51367 0.39583 0.57617 0.4388 0.57617 0.4388 0.51367
0 0.49609 0.40039 0.49609 0.46094 0.53646 0.46094 0.53646 0.40039
0 0.59245 0.40039 0.59245 0.46094 0.63411 0.46094 0.63411 0.40039
0 0.6901 0.40137 0.6901 0.46094 0.73177 0.46094 0.73177 0.40137
0 0.49349 0.51465 0.49349 0.5752 0.53385 0.5752 0.53385 0.51465
0 0.59245 0.51465 0.59245 0.57617 0.63281 0.57617 0.63281 0.51465
0 0.6888 0.51465 0.6888 0.5752 0.73047 0.5752 0.73047 0.51465
0 0.78646 0.40137 0.78646 0.46094 0.82812 0.46094 0.82812 0.40137
0 0.78646 0.51465 0.78646 0.57617 0.82812 0.57617 0.82812 0.51465
0 0.6901 0.63086 0.6901 0.69238 0.73047 0.69238 0.73047 0.63086
0 0.78776 0.63184 0.78776 0.69238 0.82812 0.69238 0.82812 0.63184
0 0.59375 0.63086 0.59375 0.69336 0.63542 0.69336 0.63542 0.63086
0 0.59375 0.74902 0.59375 0.80957 0.63542 0.80957 0.63542 0.74902
0 0.6901 0.74902 0.6901 0.81055 0.73047 0.81055 0.73047 0.74902
0 0.78776 0.74805 0.78776 0.81152 0.82812 0.81152 0.82812 0.74805
0 0.49479 0.74902 0.49479 0.81152 0.53776 0.81152 0.53776 0.74902
0 0.39714 0.74902 0.39714 0.81152 0.4388 0.81152 0.4388 0.74902
0 0.29948 0.74902 0.29948 0.81152 0.34245 0.81152 0.34245 0.74902
0 0.49479 0.63086 0.49479 0.71191 0.53646 0.71191 0.53646 0.63086
0 0.39844 0.63086 0.39844 0.71191 0.4388 0.71191 0.4388 0.63086
0 0.29948 0.63086 0.29948 0.71191 0.34115 0.71191 0.34115 0.63086
0 0.20052 0.62988 0.20052 0.69238 0.24219 0.69238 0.24219 0.62988
0 0.20052 0.74805 0.20052 0.81152 0.24219 0.81152 0.24219 0.74805
0 0.10286 0.39844 0.10286 0.45898 0.14323 0.45898 0.14323 0.39844
0 0.10286 0.5127 0.10286 0.57617 0.14323 0.57617 0.14323 0.5127
0 0.92057 0.39551 0.92057 0.45703 0.96484 0.45703 0.96484 0.39551
0 0.91927 0.51172 0.91927 0.57324 0.96354 0.57324 0.96354 0.51172
0 0.21224 0.34961 0.21224 0.36328 0.22917 0.36328 0.22917 0.34961
0 0.40885 0.35059 0.40885 0.36426 0.42708 0.36426 0.42708 0.35059
0 0.79688 0.35156 0.79688 0.36523 0.8151 0.36523 0.8151 0.35156
0 0.60417 0.35156 0.60417 0.36523 0.62109 0.36523 0.62109 0.35156
1 0.39062 0.8457 0.39062 0.93652 0.44531 0.93652 0.44531 0.8457
1 0.48958 0.87109 0.48958 0.93262 0.54167 0.93262 0.54167 0.87109
