0 0.11294 0.25771 0.11294 0.36123 0.17864 0.36123 0.17864 0.25771
0 0.28337 0.25771 0.28337 0.36123 0.35113 0.36123 0.35113 0.25771
0 0.47228 0.25771 0.47228 0.36123 0.53799 0.36123 0.53799 0.25771
0 0.64682 0.25771 0.64682 0.36123 0.71253 0.36123 0.71253 0.25771
0 0.10883 0.45815 0.10883 0.5793 0.18275 0.5793 0.18275 0.45815
0 0.27926 0.45815 0.27926 0.5793 0.35318 0.5793 0.35318 0.45815
0 0.46612 0.46035 0.46612 0.5815 0.54004 0.5815 0.54004 0.46035
0 0.64271 0.45815 0.64271 0.5815 0.71253 0.5815 0.71253 0.45815
0 0.82136 0.25991 0.82136 0.36344 0.88706 0.36344 0.88706 0.25991
0 0.8152 0.45595 0.8152 0.57709 0.88706 0.57709 0.88706 0.45595
0 0.81314 0.67621 0.81314 0.79956 0.88296 0.79956 0.88296 0.67621
0 0.64271 0.67401 0.64271 0.79736 0.71253 0.79736 0.71253 0.67401
0 0.46817 0.67621 0.46817 0.79956 0.53799 0.79956 0.53799 0.67621
0 0.27721 0.67841 0.27721 0.80176 0.34908 0.80176 0.34908 0.67841
0 0.10472 0.67841 0.10472 0.79956 0.17454 0.79956 0.17454 0.67841
0 0.8152 0.89207 0.8152 0.9978 0.88296 0.9978 0.88296 0.89207
0 0.64271 0.89207 0.64271 0.99559 0.71047 0.99559 0.71047 0.89207
0 0.46612 0.89427 0.46612 0.99559 0.53388 0.99559 0.53388 0.89427
0 0.27721 0.89427 0.27721 0.9978 0.34497 0.9978 0.34497 0.89427
0 0.10678 0.89207 0.10678 0.99559 0.17248 0.99559 0.17248 0.89207
0 0.27721 0.052863 0.27721 0.12555 0.3306 0.12555 0.3306 0.052863
0 0.46612 0.052863 0.46612 0.12555 0.51951 0.12555 0.51951 0.052863
