0 0.0726 0.21484 0.0726 0.30664 0.13232 0.30664 0.13232 0.21484
0 0.47073 0.21387 0.47073 0.30762 0.53044 0.30762 0.53044 0.21387
0 0.86885 0.21387 0.86885 0.30762 0.92974 0.30762 0.92974 0.21387
0 0.87354 0.39551 0.87354 0.49023 0.93326 0.49023 0.93326 0.39551
0 0.4719 0.39453 0.4719 0.48926 0.53279 0.48926 0.53279 0.39453
0 0.07377 0.39648 0.07377 0.49023 0.13349 0.49023 0.13349 0.39648
0 0.077283 0.58008 0.077283 0.68262 0.13466 0.68262 0.13466 0.58008
0 0.47658 0.58203 0.47658 0.68262 0.53279 0.68262 0.53279 0.58203
0 0.87354 0.58496 0.87354 0.68555 0.92974 0.68555 0.92974 0.58496
0 0.71077 0.58301 0.71077 0.68457 0.75176 0.68457 0.75176 0.58301
0 0.65808 0.58301 0.65808 0.68457 0.69906 0.68457 0.69906 0.58301
0 0.30679 0.58105 0.30679 0.68262 0.34778 0.68262 0.34778 0.58105
0 0.25761 0.58203 0.25761 0.68262 0.29859 0.68262 0.29859 0.58203
0 0.25527 0.21387 0.25527 0.30859 0.29508 0.30859 0.29508 0.21387
0 0.30328 0.21387 0.30328 0.30762 0.34309 0.30762 0.34309 0.21387
0 0.65222 0.21484 0.65222 0.30957 0.69204 0.30957 0.69204 0.21484
0 0.70726 0.21191 0.70726 0.30566 0.74707 0.30566 0.74707 0.21191
0 0.70492 0.39355 0.70492 0.4873 0.74473 0.4873 0.74473 0.39355
0 0.65457 0.39551 0.65457 0.49023 0.69438 0.49023 0.69438 0.39551
0 0.30796 0.3916 0.30796 0.49023 0.3466 0.49023 0.3466 0.3916
0 0.25644 0.39355 0.25644 0.49219 0.29508 0.49219 0.29508 0.39355
1 0.46019 0.83789 0.46019 0.98828 0.54567 0.98828 0.54567 0.83789
0 0.23068 0.76758 0.23068 0.98633 0.37471 0.98633 0.37471 0.76758
0 0.63115 0.76855 0.63115 0.9873 0.77518 0.9873 0.77518 0.76855
0 0.048009 0.7666 0.048009 0.98047 0.15808 0.98047 0.15808 0.7666
0 0.85129 0.77344 0.85129 0.98828 0.96136 0.98828 0.96136 0.77344
0 0.45902 0.76758 0.45902 0.81348 0.54684 0.81348 0.54684 0.76758
