0 0.77734 0.48137 0.77734 0.63243 0.85449 0.63243 0.85449 0.48137
0 0.53418 0.48439 0.53418 0.63343 0.60938 0.63343 0.60938 0.48439
0 0.28125 0.4854 0.28125 0.62941 0.35742 0.62941 0.35742 0.4854
0 0.12305 0.48741 0.12305 0.63343 0.2002 0.63343 0.2002 0.48741
0 0.53418 0.2427 0.53418 0.36657 0.60938 0.36657 0.60938 0.2427
0 0.2793 0.24068 0.2793 0.36858 0.35645 0.36858 0.35645 0.24068
0 0.12109 0.24371 0.12109 0.36858 0.19922 0.36858 0.19922 0.24371
0 0.78125 0.24068 0.78125 0.36657 0.86035 0.36657 0.86035 0.24068
0 0.22559 0.0060423 0.22559 0.047331 0.25 0.047331 0.25 0.0060423
0 0.67188 0.0040282 0.67188 0.046324 0.69727 0.046324 0.69727 0.0040282
0 0.77734 0.83082 0.77734 0.95972 0.85254 0.95972 0.85254 0.83082
0 0.53418 0.83283 0.53418 0.96073 0.61035 0.96073 0.61035 0.83283
0 0.2832 0.83283 0.2832 0.96073 0.3584 0.96073 0.3584 0.83283
