0 0.061523 0.16684 0.061523 0.28194 0.11621 0.28194 0.11621 0.16684
0 0.26172 0.16367 0.26172 0.27772 0.31543 0.27772 0.31543 0.16367
0 0.46387 0.16579 0.46387 0.27983 0.51855 0.27983 0.51855 0.16579
0 0.66309 0.16684 0.66309 0.28089 0.71777 0.28089 0.71777 0.16684
0 0.85742 0.17318 0.85742 0.28828 0.91211 0.28828 0.91211 0.17318
0 0.055664 0.45512 0.055664 0.60084 0.11914 0.60084 0.11914 0.45512
0 0.25586 0.45618 0.25586 0.6019 0.32031 0.6019 0.32031 0.45618
0 0.45898 0.45512 0.45898 0.60084 0.52344 0.60084 0.52344 0.45512
0 0.66016 0.45618 0.66016 0.6019 0.72461 0.6019 0.72461 0.45618
0 0.85352 0.45829 0.85352 0.60401 0.91797 0.60401 0.91797 0.45829
0 0.026367 0.80148 0.026367 0.93347 0.15527 0.93347 0.15527 0.80148
0 0.22559 0.80148 0.22559 0.93453 0.35547 0.93453 0.35547 0.80148
0 0.62695 0.80359 0.62695 0.93559 0.75586 0.93559 0.75586 0.80359
0 0.82129 0.79409 0.82129 0.92714 0.95117 0.92714 0.95117 0.79409
0 0.023438 0.69588 0.023438 0.77191 0.15527 0.77191 0.15527 0.69588
0 0.22363 0.69799 0.22363 0.77508 0.35547 0.77508 0.35547 0.69799
0 0.62793 0.69588 0.62793 0.77191 0.75977 0.77191 0.75977 0.69588
0 0.8252 0.69588 0.8252 0.77086 0.94922 0.77086 0.94922 0.69588
1 0.43652 0.72756 0.43652 0.98733 0.54199 0.98733 0.54199 0.72756
