0 0.024414 0.1323 0.024414 0.24319 0.058594 0.24319 0.058594 0.1323
0 0.25488 0.10506 0.25488 0.21595 0.28906 0.21595 0.28906 0.10506
0 0.33301 0.10506 0.33301 0.21595 0.36719 0.21595 0.36719 0.10506
0 0.49121 0.10117 0.49121 0.21206 0.52539 0.21206 0.52539 0.10117
0 0.56934 0.10117 0.56934 0.21206 0.60547 0.21206 0.60547 0.10117
0 0.57031 0.3035 0.57031 0.42607 0.6084 0.42607 0.6084 0.3035
0 0.49121 0.29961 0.49121 0.42218 0.52734 0.42218 0.52734 0.29961
0 0.41113 0.30156 0.41113 0.42412 0.44727 0.42412 0.44727 0.30156
0 0.33008 0.30545 0.33008 0.42802 0.36719 0.42802 0.36719 0.30545
0 0.022461 0.32685 0.022461 0.44942 0.058594 0.44942 0.058594 0.32685
0 0.25098 0.30545 0.25098 0.42802 0.28613 0.42802 0.28613 0.30545
0 0.023438 0.54669 0.023438 0.67704 0.05957 0.67704 0.05957 0.54669
0 0.25098 0.53113 0.25098 0.66537 0.28809 0.66537 0.28809 0.53113
0 0.33008 0.52724 0.33008 0.66342 0.36719 0.66342 0.36719 0.52724
0 0.41211 0.52529 0.41211 0.65953 0.44922 0.65953 0.44922 0.52529
0 0.48926 0.52529 0.48926 0.65953 0.52637 0.65953 0.52637 0.52529
0 0.57129 0.52529 0.57129 0.66148 0.60938 0.66148 0.60938 0.52529
0 0.41113 0.10117 0.41113 0.20039 0.44824 0.20039 0.44824 0.10117
0 0.10547 0.099222 0.10547 0.17121 0.12305 0.17121 0.12305 0.099222
0 0.17188 0.095331 0.17188 0.18872 0.19043 0.18872 0.19043 0.095331
0 0.13379 0.099222 0.13379 0.1751 0.16113 0.1751 0.16113 0.099222
0 0.16797 0.29767 0.16797 0.42412 0.18848 0.42412 0.18848 0.29767
0 0.10156 0.30156 0.10156 0.42607 0.12109 0.42607 0.12109 0.30156
0 0.12988 0.29961 0.12988 0.42412 0.15918 0.42412 0.15918 0.29961
0 0.10059 0.52724 0.10059 0.64397 0.11914 0.64397 0.11914 0.52724
0 0.16797 0.52724 0.16797 0.65564 0.1875 0.65564 0.1875 0.52724
0 0.13086 0.52529 0.13086 0.64591 0.1582 0.64591 0.1582 0.52529
0 0.66504 0.093385 0.66504 0.18677 0.68457 0.18677 0.68457 0.093385
0 0.72949 0.097276 0.72949 0.1751 0.74707 0.1751 0.74707 0.097276
0 0.69434 0.095331 0.69434 0.17121 0.71973 0.17121 0.71973 0.095331
0 0.73242 0.29767 0.73242 0.42023 0.75098 0.42023 0.75098 0.29767
0 0.66797 0.29572 0.66797 0.41829 0.68652 0.41829 0.68652 0.29572
0 0.69629 0.29767 0.69629 0.42023 0.72363 0.42023 0.72363 0.29767
0 0.66699 0.51946 0.66699 0.64397 0.68555 0.64397 0.68555 0.51946
0 0.7334 0.5214 0.7334 0.64591 0.75195 0.64591 0.75195 0.5214
0 0.69629 0.51946 0.69629 0.63619 0.72461 0.63619 0.72461 0.51946
0 0.8291 0.12451 0.8291 0.23541 0.84863 0.23541 0.84863 0.12451
0 0.80078 0.12257 0.80078 0.23346 0.82031 0.23346 0.82031 0.12257
0 0.91211 0.12646 0.91211 0.23735 0.93066 0.23735 0.93066 0.12646
0 0.93945 0.13035 0.93945 0.24125 0.95898 0.24125 0.95898 0.13035
0 0.94336 0.32685 0.94336 0.44942 0.96289 0.44942 0.96289 0.32685
0 0.91602 0.32685 0.91602 0.44942 0.93555 0.44942 0.93555 0.32685
0 0.83105 0.32101 0.83105 0.44553 0.85059 0.44553 0.85059 0.32101
0 0.80273 0.32101 0.80273 0.44553 0.82227 0.44553 0.82227 0.32101
0 0.86719 0.5428 0.86719 0.6751 0.90332 0.6751 0.90332 0.5428
0 0.80176 0.54086 0.80176 0.6751 0.85059 0.6751 0.85059 0.54086
0 0.91504 0.54475 0.91504 0.67899 0.96094 0.67899 0.96094 0.54475
1 0.40332 0.83658 0.40332 0.98638 0.45215 0.98638 0.45215 0.83658
0 0.4043 0.76654 0.4043 0.80934 0.45312 0.80934 0.45312 0.76654
0 0.25391 0.76848 0.25391 0.81323 0.35645 0.81323 0.35645 0.76848
0 0.091797 0.76848 0.091797 0.82101 0.17871 0.82101 0.17871 0.76848
0 0.49609 0.76848 0.49609 0.81323 0.60059 0.81323 0.60059 0.76848
0 0.011719 0.77626 0.011719 0.81907 0.055664 0.81907 0.055664 0.77626
1 0.79883 0.89105 0.79883 0.99222 0.83594 0.99222 0.83594 0.89105
