0 0.23816 0.26562 0.23816 0.33789 0.30853 0.33789 0.30853 0.26562
0 0.079838 0.26465 0.079838 0.33691 0.1502 0.33691 0.1502 0.26465
0 0.45332 0.26855 0.45332 0.33594 0.52368 0.33594 0.52368 0.26855
0 0.16103 0.39844 0.16103 0.46777 0.22463 0.46777 0.22463 0.39844
0 0.45467 0.40039 0.45467 0.4707 0.51691 0.4707 0.51691 0.40039
0 0.84844 0.27051 0.84844 0.33887 0.91881 0.33887 0.91881 0.27051
0 0.8525 0.40234 0.8525 0.4707 0.9134 0.4707 0.9134 0.40234
0 0.15832 0.53809 0.15832 0.61719 0.22463 0.61719 0.22463 0.53809
0 0.45196 0.54004 0.45196 0.61816 0.51962 0.61816 0.51962 0.54004
0 0.67118 0.54199 0.67118 0.61914 0.7226 0.61914 0.7226 0.54199
0 0.67253 0.40332 0.67253 0.46875 0.72124 0.46875 0.72124 0.40332
0 0.67118 0.27148 0.67118 0.33691 0.71989 0.33691 0.71989 0.27148
0 0.67524 0.14941 0.67524 0.20508 0.72124 0.20508 0.72124 0.14941
0 0.85115 0.54004 0.85115 0.61914 0.91475 0.61914 0.91475 0.54004
0 0.08525 0.17676 0.08525 0.2168 0.13938 0.2168 0.13938 0.17676
0 0.24493 0.17871 0.24493 0.21973 0.29905 0.21973 0.29905 0.17871
0 0.45467 0.14844 0.45467 0.20215 0.52503 0.20215 0.52503 0.14844
0 0.8498 0.15137 0.8498 0.20508 0.92016 0.20508 0.92016 0.15137
0 0.4276 0.02832 0.4276 0.064453 0.58593 0.064453 0.58593 0.02832
0 0.76996 0.03418 0.76996 0.064453 0.89851 0.064453 0.89851 0.03418
0 0.60487 0.032227 0.60487 0.063477 0.75101 0.063477 0.75101 0.032227
0 0.15562 0.69336 0.15562 0.78418 0.23004 0.78418 0.23004 0.69336
0 0.45061 0.69238 0.45061 0.78223 0.52368 0.78223 0.52368 0.69238
0 0.84844 0.69434 0.84844 0.78516 0.92152 0.78516 0.92152 0.69434
0 0.67253 0.69238 0.67253 0.78613 0.7226 0.78613 0.7226 0.69238
0 0.85792 0.8457 0.85792 0.89258 0.9134 0.89258 0.9134 0.8457
0 0.69012 0.84473 0.69012 0.89258 0.73748 0.89258 0.73748 0.84473
0 0.85927 0.93555 0.85927 0.96094 0.91475 0.96094 0.91475 0.93555
0 0.69012 0.9375 0.69012 0.96094 0.73613 0.96094 0.73613 0.9375
