0 0.5127 0.83211 0.5127 0.91163 0.54883 0.91163 0.54883 0.83211
0 0.68848 0.83358 0.68848 0.91163 0.72461 0.91163 0.72461 0.83358
0 0.60059 0.83211 0.60059 0.91163 0.63672 0.91163 0.63672 0.83211
0 0.4248 0.83211 0.4248 0.91163 0.46094 0.91163 0.46094 0.83211
0 0.33789 0.83211 0.33789 0.91016 0.37402 0.91016 0.37402 0.83211
0 0.25 0.83211 0.25 0.91016 0.28711 0.91016 0.28711 0.83211
1 0.084961 0.79529 0.084961 0.98527 0.15723 0.98527 0.15723 0.79529
0 0.16602 0.64212 0.16602 0.70987 0.19043 0.70987 0.19043 0.64212
0 0.048828 0.64212 0.048828 0.70987 0.074219 0.70987 0.074219 0.64212
0 0.16504 0.57879 0.16504 0.61414 0.19043 0.61414 0.19043 0.57879
0 0.10059 0.62003 0.10059 0.76141 0.1377 0.76141 0.1377 0.62003
0 0.048828 0.58027 0.048828 0.61414 0.072266 0.61414 0.072266 0.58027
0 0.90723 0.64212 0.90723 0.70987 0.93164 0.70987 0.93164 0.64212
0 0.78809 0.64212 0.78809 0.70987 0.81152 0.70987 0.81152 0.64212
0 0.8418 0.61708 0.8418 0.76141 0.87891 0.76141 0.87891 0.61708
0 0.9082 0.57879 0.9082 0.61119 0.93262 0.61119 0.93262 0.57879
0 0.78809 0.57732 0.78809 0.61267 0.8125 0.61267 0.8125 0.57732
0 0.42578 0.61856 0.42578 0.72459 0.46191 0.72459 0.46191 0.61856
0 0.33691 0.62003 0.33691 0.72459 0.37402 0.72459 0.37402 0.62003
0 0.25 0.62003 0.25 0.72459 0.28613 0.72459 0.28613 0.62003
0 0.5127 0.61856 0.5127 0.72459 0.54883 0.72459 0.54883 0.61856
0 0.60156 0.62003 0.60156 0.72312 0.6377 0.72312 0.6377 0.62003
0 0.69043 0.61856 0.69043 0.72312 0.72656 0.72312 0.72656 0.61856
0 0.84277 0.41826 0.84277 0.48895 0.87988 0.48895 0.87988 0.41826
0 0.90918 0.41826 0.90918 0.48895 0.93359 0.48895 0.93359 0.41826
0 0.78906 0.41826 0.78906 0.48748 0.81348 0.48748 0.81348 0.41826
0 0.69043 0.41973 0.69043 0.48895 0.72852 0.48895 0.72852 0.41973
0 0.60156 0.41973 0.60156 0.48748 0.63867 0.48748 0.63867 0.41973
0 0.5127 0.42121 0.5127 0.48895 0.5498 0.48895 0.5498 0.42121
0 0.42383 0.42121 0.42383 0.49043 0.46191 0.49043 0.46191 0.42121
0 0.33691 0.42121 0.33691 0.49043 0.37402 0.49043 0.37402 0.42121
0 0.24805 0.42268 0.24805 0.49043 0.28418 0.49043 0.28418 0.42268
0 0.16406 0.42268 0.16406 0.49043 0.18848 0.49043 0.18848 0.42268
0 0.046875 0.42268 0.046875 0.49043 0.071289 0.49043 0.071289 0.42268
0 0.099609 0.42268 0.099609 0.49043 0.13574 0.49043 0.13574 0.42268
0 0.90625 0.097202 0.90625 0.16348 0.93066 0.16348 0.93066 0.097202
0 0.78613 0.098675 0.78613 0.16495 0.81055 0.16495 0.81055 0.098675
0 0.83984 0.076583 0.83984 0.16642 0.87695 0.16642 0.87695 0.076583
0 0.90723 0.2489 0.90723 0.27982 0.93262 0.27982 0.93262 0.2489
0 0.86328 0.25037 0.86328 0.27982 0.87793 0.27982 0.87793 0.25037
0 0.84082 0.25037 0.84082 0.27982 0.85645 0.27982 0.85645 0.25037
0 0.78711 0.25037 0.78711 0.2813 0.81152 0.2813 0.81152 0.25037
0 0.70898 0.25479 0.70898 0.28571 0.72363 0.28571 0.72363 0.25479
0 0.68652 0.25479 0.68652 0.28571 0.70215 0.28571 0.70215 0.25479
0 0.61914 0.25479 0.61914 0.28571 0.63477 0.28571 0.63477 0.25479
0 0.59668 0.25479 0.59668 0.28571 0.61328 0.28571 0.61328 0.25479
0 0.53027 0.25626 0.53027 0.28571 0.5459 0.28571 0.5459 0.25626
0 0.50879 0.25626 0.50879 0.28719 0.52344 0.28719 0.52344 0.25626
0 0.44141 0.25479 0.44141 0.28719 0.45703 0.28719 0.45703 0.25479
0 0.41992 0.25626 0.41992 0.28719 0.43555 0.28719 0.43555 0.25626
0 0.35352 0.25626 0.35352 0.28866 0.36816 0.28866 0.36816 0.25626
0 0.33203 0.25626 0.33203 0.28866 0.34766 0.28866 0.34766 0.25626
0 0.26465 0.25773 0.26465 0.28866 0.28027 0.28866 0.28027 0.25773
0 0.24316 0.25773 0.24316 0.28866 0.25879 0.28866 0.25879 0.25773
0 0.16113 0.25479 0.16113 0.28571 0.18555 0.28571 0.18555 0.25479
0 0.11816 0.25479 0.11816 0.28571 0.13379 0.28571 0.13379 0.25479
0 0.09668 0.25479 0.09668 0.28571 0.11133 0.28571 0.11133 0.25479
0 0.043945 0.25626 0.043945 0.28719 0.068359 0.28719 0.068359 0.25626
0 0.095703 0.081001 0.095703 0.17231 0.13184 0.17231 0.13184 0.081001
0 0.16016 0.10457 0.16016 0.17084 0.18457 0.17084 0.18457 0.10457
0 0.042969 0.10457 0.042969 0.17231 0.067383 0.17231 0.067383 0.10457
