0 0.16016 0.61328 0.16016 0.66504 0.19922 0.66504 0.19922 0.61328
0 0.2513 0.61328 0.2513 0.66504 0.29167 0.66504 0.29167 0.61328
0 0.16536 0.55469 0.16536 0.56836 0.19922 0.56836 0.19922 0.55469
0 0.25521 0.55469 0.25521 0.56836 0.28906 0.56836 0.28906 0.55469
0 0.36719 0.55469 0.36719 0.56836 0.40104 0.56836 0.40104 0.55469
0 0.47786 0.55469 0.47786 0.56738 0.51172 0.56738 0.51172 0.55469
0 0.47266 0.6123 0.47266 0.66504 0.51172 0.66504 0.51172 0.6123
0 0.34375 0.61328 0.34375 0.66504 0.3763 0.66504 0.3763 0.61328
0 0.38802 0.61328 0.38802 0.66504 0.42057 0.66504 0.42057 0.61328
0 0.57031 0.55371 0.57031 0.56641 0.60286 0.56641 0.60286 0.55371
0 0.5638 0.6123 0.5638 0.66504 0.60286 0.66504 0.60286 0.6123
0 0.66406 0.61133 0.66406 0.6582 0.72266 0.6582 0.72266 0.61133
0 0.66276 0.67676 0.66276 0.75977 0.73958 0.75977 0.73958 0.67676
0 0.66406 0.80762 0.66406 0.8623 0.72266 0.8623 0.72266 0.80762
0 0.5638 0.80859 0.5638 0.86328 0.60286 0.86328 0.60286 0.80859
0 0.47266 0.80859 0.47266 0.86328 0.51042 0.86328 0.51042 0.80859
0 0.35156 0.80859 0.35156 0.86328 0.40885 0.86328 0.40885 0.80859
0 0.2487 0.80859 0.2487 0.86328 0.28906 0.86328 0.28906 0.80859
0 0.15885 0.80859 0.15885 0.86426 0.19661 0.86426 0.19661 0.80859
0 0.15885 0.71094 0.15885 0.7627 0.19792 0.7627 0.19792 0.71094
0 0.25 0.71094 0.25 0.7627 0.28906 0.7627 0.28906 0.71094
0 0.33464 0.67285 0.33464 0.75488 0.36198 0.75488 0.36198 0.67285
0 0.3724 0.67285 0.3724 0.75488 0.41667 0.75488 0.41667 0.67285
0 0.42578 0.67285 0.42578 0.75488 0.45182 0.75488 0.45182 0.67285
0 0.47266 0.70996 0.47266 0.7627 0.51172 0.7627 0.51172 0.70996
0 0.5638 0.70898 0.5638 0.7627 0.60286 0.7627 0.60286 0.70898
0 0.044271 0.61426 0.044271 0.66211 0.098958 0.66211 0.098958 0.61426
1 0.33854 0.90234 0.33854 0.98828 0.41536 0.98828 0.41536 0.90234
0 0.82422 0.58398 0.82422 0.63965 0.86198 0.63965 0.86198 0.58398
