0 0.037109 0.1931 0.037109 0.34483 0.11621 0.34483 0.11621 0.1931
0 0.19531 0.19015 0.19531 0.34187 0.27441 0.34187 0.27441 0.19015
0 0.36914 0.19606 0.36914 0.34778 0.44824 0.34778 0.44824 0.19606
0 0.035156 0.44138 0.035156 0.60493 0.11523 0.60493 0.11523 0.44138
0 0.19824 0.44039 0.19824 0.60296 0.27734 0.60296 0.27734 0.44039
0 0.37012 0.44631 0.37012 0.60887 0.44922 0.60887 0.44922 0.44631
0 0.52637 0.19113 0.52637 0.34778 0.6123 0.34778 0.6123 0.19113
0 0.69824 0.19606 0.69824 0.35271 0.78418 0.35271 0.78418 0.19606
0 0.86816 0.18818 0.86816 0.34483 0.95508 0.34483 0.95508 0.18818
0 0.86719 0.44729 0.86719 0.61773 0.9502 0.61773 0.9502 0.44729
0 0.69922 0.44433 0.69922 0.61478 0.7832 0.61478 0.7832 0.44433
0 0.53027 0.44433 0.53027 0.61478 0.61426 0.61478 0.61426 0.44433
1 0.03125 0.76552 0.03125 0.96847 0.10352 0.96847 0.10352 0.76552
0 0.021484 0.70936 0.021484 0.75172 0.11426 0.75172 0.11426 0.70936
0 0.63184 0.73892 0.63184 0.97438 0.96875 0.97438 0.96875 0.73892
1 0.50488 0.77438 0.50488 0.9803 0.58008 0.9803 0.58008 0.77438
