0 0.071289 0.15017 0.071289 0.25768 0.10156 0.25768 0.10156 0.15017
0 0.11426 0.15017 0.11426 0.26109 0.14355 0.26109 0.14355 0.15017
0 0.19629 0.15017 0.19629 0.26109 0.22852 0.26109 0.22852 0.15017
0 0.27344 0.15017 0.27344 0.25939 0.30566 0.25939 0.30566 0.15017
0 0.35742 0.15017 0.35742 0.25939 0.38965 0.25939 0.38965 0.15017
0 0.39941 0.15017 0.39941 0.25939 0.43164 0.25939 0.43164 0.15017
0 0.071289 0.36689 0.071289 0.48123 0.10156 0.48123 0.10156 0.36689
0 0.19434 0.36348 0.19434 0.48123 0.22754 0.48123 0.22754 0.36348
0 0.11328 0.36519 0.11328 0.47952 0.14355 0.47952 0.14355 0.36519
0 0.27148 0.36177 0.27148 0.47782 0.30469 0.47782 0.30469 0.36177
0 0.35742 0.36007 0.35742 0.47782 0.3877 0.47782 0.3877 0.36007
0 0.39844 0.36348 0.39844 0.47782 0.42871 0.47782 0.42871 0.36348
0 0.071289 0.5802 0.071289 0.70137 0.10059 0.70137 0.10059 0.5802
0 0.19336 0.58191 0.19336 0.70307 0.22656 0.70307 0.22656 0.58191
0 0.1123 0.58191 0.1123 0.70307 0.1416 0.70307 0.1416 0.58191
0 0.27148 0.5802 0.27148 0.70137 0.30469 0.70137 0.30469 0.5802
0 0.35742 0.5785 0.35742 0.69966 0.3877 0.69966 0.3877 0.5785
0 0.39844 0.57679 0.39844 0.69966 0.42871 0.69966 0.42871 0.57679
0 0.072266 0.80034 0.072266 0.9215 0.10254 0.9215 0.10254 0.80034
0 0.1123 0.79863 0.1123 0.9198 0.14258 0.9198 0.14258 0.79863
0 0.27148 0.80034 0.27148 0.9215 0.30566 0.9215 0.30566 0.80034
0 0.35645 0.80034 0.35645 0.9215 0.38672 0.9215 0.38672 0.80034
0 0.40039 0.79863 0.40039 0.9198 0.43066 0.9198 0.43066 0.79863
0 0.50293 0.18601 0.50293 0.29352 0.53027 0.29352 0.53027 0.18601
0 0.54199 0.1843 0.54199 0.29352 0.56934 0.29352 0.56934 0.1843
0 0.63184 0.18259 0.63184 0.29181 0.65918 0.29181 0.65918 0.18259
0 0.66992 0.1843 0.66992 0.29181 0.69727 0.29181 0.69727 0.1843
0 0.50195 0.39932 0.50195 0.50853 0.5293 0.50853 0.5293 0.39932
0 0.54102 0.40102 0.54102 0.50853 0.56836 0.50853 0.56836 0.40102
0 0.63281 0.39761 0.63281 0.50683 0.66016 0.50683 0.66016 0.39761
0 0.67188 0.3959 0.67188 0.50512 0.69922 0.50512 0.69922 0.3959
0 0.50195 0.60922 0.50195 0.71843 0.5293 0.71843 0.5293 0.60922
0 0.54199 0.60922 0.54199 0.71672 0.56934 0.71672 0.56934 0.60922
0 0.63184 0.60751 0.63184 0.71672 0.65918 0.71672 0.65918 0.60751
0 0.67188 0.60922 0.67188 0.71672 0.69922 0.71672 0.69922 0.60922
0 0.76172 0.3959 0.76172 0.50341 0.78906 0.50341 0.78906 0.3959
0 0.76074 0.18259 0.76074 0.2901 0.78809 0.2901 0.78809 0.18259
0 0.80078 0.18259 0.80078 0.2901 0.82812 0.2901 0.82812 0.18259
0 0.7998 0.3942 0.7998 0.50341 0.82715 0.50341 0.82715 0.3942
0 0.76172 0.6058 0.76172 0.71672 0.78906 0.71672 0.78906 0.6058
0 0.80078 0.6041 0.80078 0.71331 0.82812 0.71331 0.82812 0.6041
0 0.50195 0.82082 0.50195 0.93003 0.52832 0.93003 0.52832 0.82082
0 0.54102 0.82082 0.54102 0.92833 0.57129 0.92833 0.57129 0.82082
0 0.75879 0.82082 0.75879 0.93003 0.78711 0.93003 0.78711 0.82082
0 0.7998 0.82082 0.7998 0.93003 0.8291 0.93003 0.8291 0.82082
0 0.9082 0.13481 0.9082 0.25597 0.96191 0.25597 0.96191 0.13481
0 0.90918 0.35836 0.90918 0.47952 0.95996 0.47952 0.95996 0.35836
0 0.9082 0.58703 0.9082 0.70648 0.96094 0.70648 0.96094 0.58703
1 0.1875 0.79693 0.1875 0.99829 0.23633 0.99829 0.23633 0.79693
1 0.64355 0.82082 0.64355 0.99488 0.68652 0.99488 0.68652 0.82082
