0 0.10938 0.22268 0.10938 0.33607 0.16406 0.33607 0.16406 0.22268
0 0.27344 0.21995 0.27344 0.33743 0.32617 0.33743 0.32617 0.21995
0 0.4375 0.21995 0.4375 0.3347 0.49121 0.3347 0.49121 0.21995
0 0.62695 0.21585 0.62695 0.33607 0.68262 0.33607 0.68262 0.21585
0 0.82812 0.21721 0.82812 0.33743 0.88086 0.33743 0.88086 0.21721
0 0.11035 0.49863 0.11035 0.62568 0.16406 0.62568 0.16406 0.49863
0 0.27148 0.49863 0.27148 0.62568 0.3252 0.62568 0.3252 0.49863
0 0.43555 0.49863 0.43555 0.62568 0.48926 0.62568 0.48926 0.49863
0 0.62598 0.5 0.62598 0.62705 0.67969 0.62705 0.67969 0.5
0 0.82227 0.50137 0.82227 0.62842 0.87598 0.62842 0.87598 0.50137
1 0.79297 0.72814 0.79297 0.91393 0.90137 0.91393 0.90137 0.72814
1 0.11914 0.8224 0.11914 0.94399 0.15527 0.94399 0.15527 0.8224
