0 0.18945 0.17163 0.18945 0.33254 0.22656 0.33254 0.22656 0.17163
0 0.23633 0.17044 0.23633 0.33254 0.27344 0.33254 0.27344 0.17044
0 0.098633 0.17521 0.098633 0.33611 0.13574 0.33611 0.13574 0.17521
0 0.03125 0.17878 0.03125 0.34088 0.068359 0.34088 0.068359 0.17878
0 0.33398 0.17044 0.33398 0.33254 0.37109 0.33254 0.37109 0.17044
0 0.39258 0.16925 0.39258 0.33135 0.42969 0.33135 0.42969 0.16925
0 0.46191 0.16925 0.46191 0.33135 0.49902 0.33135 0.49902 0.16925
0 0.52148 0.17044 0.52148 0.33254 0.55859 0.33254 0.55859 0.17044
0 0.58887 0.17163 0.58887 0.33373 0.62598 0.33373 0.62598 0.17163
0 0.64648 0.17402 0.64648 0.33492 0.68359 0.33492 0.68359 0.17402
0 0.73633 0.17521 0.73633 0.33611 0.77344 0.33611 0.77344 0.17521
0 0.79297 0.1764 0.79297 0.33731 0.83008 0.33731 0.83008 0.1764
0 0.87207 0.1764 0.87207 0.33731 0.90918 0.33731 0.90918 0.1764
0 0.92383 0.17878 0.92383 0.34088 0.96094 0.34088 0.96094 0.17878
0 0.032227 0.42789 0.032227 0.6031 0.071289 0.6031 0.071289 0.42789
0 0.09668 0.4267 0.09668 0.60072 0.13574 0.60072 0.13574 0.4267
0 0.18848 0.42551 0.18848 0.59952 0.22754 0.59952 0.22754 0.42551
0 0.23828 0.42551 0.23828 0.59952 0.27734 0.59952 0.27734 0.42551
0 0.33496 0.42789 0.33496 0.60191 0.37402 0.60191 0.37402 0.42789
0 0.39648 0.42551 0.39648 0.59952 0.43457 0.59952 0.43457 0.42551
0 0.4668 0.42789 0.4668 0.60191 0.50586 0.60191 0.50586 0.42789
0 0.52539 0.4267 0.52539 0.60072 0.56445 0.60072 0.56445 0.4267
0 0.59473 0.42789 0.59473 0.60191 0.63379 0.60191 0.63379 0.42789
0 0.65039 0.4267 0.65039 0.60072 0.68945 0.60072 0.68945 0.4267
0 0.74121 0.4267 0.74121 0.60072 0.78027 0.60072 0.78027 0.4267
0 0.79785 0.42908 0.79785 0.6031 0.83691 0.6031 0.83691 0.42908
0 0.87402 0.42789 0.87402 0.60191 0.91309 0.60191 0.91309 0.42789
0 0.93164 0.42789 0.93164 0.60191 0.9707 0.60191 0.9707 0.42789
1 0.021484 0.79499 0.021484 0.9702 0.074219 0.9702 0.074219 0.79499
1 0.41895 0.69011 0.41895 0.98093 0.49219 0.98093 0.49219 0.69011
