0 0.064336 0.17773 0.064336 0.32812 0.14266 0.32812 0.14266 0.17773
0 0.22378 0.17969 0.22378 0.33008 0.3021 0.33008 0.3021 0.17969
0 0.38601 0.18262 0.38601 0.33301 0.46434 0.33301 0.46434 0.18262
0 0.55664 0.18359 0.55664 0.33496 0.63497 0.33496 0.63497 0.18359
0 0.71049 0.18848 0.71049 0.33887 0.78741 0.33887 0.78741 0.18848
0 0.87413 0.18262 0.87413 0.33301 0.95245 0.33301 0.95245 0.18262
0 0.067133 0.4541 0.067133 0.62402 0.13846 0.62402 0.13846 0.4541
0 0.23077 0.45703 0.23077 0.62695 0.3021 0.62695 0.3021 0.45703
0 0.38881 0.45703 0.38881 0.62305 0.46434 0.62305 0.46434 0.45703
0 0.55524 0.45996 0.55524 0.62598 0.63077 0.62598 0.63077 0.45996
0 0.71049 0.46289 0.71049 0.62891 0.78601 0.62891 0.78601 0.46289
0 0.87273 0.45996 0.87273 0.62598 0.94825 0.62598 0.94825 0.45996
0 0.55105 0.75391 0.55105 0.94434 0.62657 0.94434 0.62657 0.75391
0 0.70769 0.75586 0.70769 0.94531 0.78322 0.94531 0.78322 0.75586
0 0.22378 0.74902 0.22378 0.93945 0.2993 0.93945 0.2993 0.74902
0 0.06014 0.75195 0.06014 0.94238 0.13566 0.94238 0.13566 0.75195
1 0.84196 0.74023 0.84196 0.99414 0.93427 0.99414 0.93427 0.74023
1 0.36643 0.74023 0.36643 0.9834 0.47273 0.9834 0.47273 0.74023
