0 0.13691 0.10742 0.13691 0.13379 0.16242 0.13379 0.16242 0.10742
0 0.17852 0.10938 0.17852 0.13574 0.20403 0.13574 0.20403 0.10938
0 0.25503 0.10938 0.25503 0.13672 0.28054 0.13672 0.28054 0.10938
0 0.29396 0.11133 0.29396 0.1377 0.31946 0.1377 0.31946 0.11133
0 0.45101 0.11328 0.45101 0.13965 0.47651 0.13965 0.47651 0.11328
0 0.56779 0.11426 0.56779 0.14062 0.59329 0.14062 0.59329 0.11426
0 0.87919 0.11328 0.87919 0.13965 0.90604 0.13965 0.90604 0.11328
0 0.83893 0.11328 0.83893 0.14062 0.86443 0.14062 0.86443 0.11328
0 0.76242 0.11328 0.76242 0.13965 0.78792 0.13965 0.78792 0.11328
0 0.71946 0.11426 0.71946 0.14062 0.74631 0.14062 0.74631 0.11426
0 0.069799 0.29004 0.069799 0.3623 0.11812 0.3623 0.11812 0.29004
0 0.18792 0.29102 0.18792 0.36328 0.23624 0.36328 0.23624 0.29102
0 0.3047 0.29199 0.3047 0.36328 0.35302 0.36328 0.35302 0.29199
0 0.42013 0.29297 0.42013 0.36426 0.46846 0.36426 0.46846 0.29297
0 0.53557 0.29395 0.53557 0.36621 0.58389 0.36621 0.58389 0.29395
0 0.65101 0.29199 0.65101 0.36426 0.69799 0.36426 0.69799 0.29199
0 0.76376 0.29395 0.76376 0.36523 0.81074 0.36523 0.81074 0.29395
0 0.88054 0.29199 0.88054 0.36328 0.92886 0.36328 0.92886 0.29199
0 0.88054 0.39355 0.88054 0.46973 0.92752 0.46973 0.92752 0.39355
0 0.7651 0.39355 0.7651 0.46875 0.81074 0.46875 0.81074 0.39355
0 0.65101 0.39355 0.65101 0.46875 0.69799 0.46875 0.69799 0.39355
0 0.53691 0.39062 0.53691 0.46973 0.58255 0.46973 0.58255 0.39062
0 0.42416 0.39062 0.42416 0.46973 0.4698 0.46973 0.4698 0.39062
0 0.30738 0.39062 0.30738 0.46973 0.35302 0.46973 0.35302 0.39062
0 0.1906 0.3916 0.1906 0.4707 0.23624 0.4707 0.23624 0.3916
0 0.071141 0.39062 0.071141 0.46973 0.11678 0.46973 0.11678 0.39062
0 0.071141 0.5127 0.071141 0.58691 0.11946 0.58691 0.11946 0.5127
0 0.18926 0.51074 0.18926 0.58496 0.23893 0.58496 0.23893 0.51074
0 0.30604 0.51074 0.30604 0.58496 0.35436 0.58496 0.35436 0.51074
0 0.42148 0.50977 0.42148 0.58398 0.4698 0.58398 0.4698 0.50977
0 0.53557 0.50977 0.53557 0.58398 0.58389 0.58398 0.58389 0.50977
0 0.64966 0.50879 0.64966 0.58301 0.69799 0.58301 0.69799 0.50879
0 0.76376 0.50879 0.76376 0.58301 0.81208 0.58301 0.81208 0.50879
0 0.88054 0.50879 0.88054 0.58301 0.92886 0.58301 0.92886 0.50879
0 0.10336 0.66016 0.10336 0.75684 0.18523 0.75684 0.18523 0.66016
0 0.34362 0.6582 0.34362 0.75488 0.4255 0.75488 0.4255 0.6582
0 0.58121 0.65723 0.58121 0.75098 0.65906 0.75098 0.65906 0.65723
0 0.81477 0.65625 0.81477 0.75 0.89262 0.75 0.89262 0.65625
