0 0.14941 0.27577 0.14941 0.39833 0.19922 0.39833 0.19922 0.27577
0 0.28418 0.27994 0.28418 0.40111 0.33301 0.40111 0.33301 0.27994
0 0.38574 0.27994 0.38574 0.40111 0.43555 0.40111 0.43555 0.27994
0 0.48926 0.28134 0.48926 0.4039 0.53809 0.4039 0.53809 0.28134
0 0.58984 0.28134 0.58984 0.40111 0.63867 0.40111 0.63867 0.28134
0 0.69238 0.28273 0.69238 0.40251 0.74121 0.40251 0.74121 0.28273
0 0.79297 0.28273 0.79297 0.40251 0.8418 0.40251 0.8418 0.28273
0 0.89453 0.28273 0.89453 0.40251 0.94336 0.40251 0.94336 0.28273
0 0.15332 0.51114 0.15332 0.64485 0.20215 0.64485 0.20215 0.51114
0 0.69336 0.51532 0.69336 0.64903 0.74121 0.64903 0.74121 0.51532
0 0.7959 0.51532 0.7959 0.64903 0.84375 0.64903 0.84375 0.51532
0 0.89648 0.51532 0.89648 0.64903 0.94434 0.64903 0.94434 0.51532
0 0.28516 0.76045 0.28516 0.90111 0.33594 0.90111 0.33594 0.76045
0 0.38965 0.76045 0.38965 0.90251 0.44043 0.90251 0.44043 0.76045
0 0.49121 0.76045 0.49121 0.90251 0.54199 0.90251 0.54199 0.76045
0 0.59082 0.76045 0.59082 0.90111 0.64258 0.90111 0.64258 0.76045
0 0.68945 0.76045 0.68945 0.90111 0.74121 0.90111 0.74121 0.76045
0 0.79199 0.76045 0.79199 0.90111 0.84277 0.90111 0.84277 0.76045
0 0.89258 0.75905 0.89258 0.90111 0.94434 0.90111 0.94434 0.75905
1 0.13574 0.75627 0.13574 0.96518 0.23535 0.96518 0.23535 0.75627
0 0.59082 0.51393 0.59082 0.64903 0.63867 0.64903 0.63867 0.51393
0 0.49121 0.51114 0.49121 0.64624 0.53711 0.64624 0.53711 0.51114
0 0.39062 0.50975 0.39062 0.64485 0.43652 0.64485 0.43652 0.50975
0 0.28809 0.50836 0.28809 0.64345 0.33398 0.64345 0.33398 0.50836
0 0.15918 0.15738 0.15918 0.18106 0.19141 0.18106 0.19141 0.15738
0 0.29004 0.16295 0.29004 0.18663 0.32227 0.18663 0.32227 0.16295
0 0.39453 0.16435 0.39453 0.18802 0.42676 0.18802 0.42676 0.16435
0 0.49902 0.16574 0.49902 0.18802 0.53125 0.18802 0.53125 0.16574
0 0.70117 0.16574 0.70117 0.18802 0.7334 0.18802 0.7334 0.16574
0 0.80273 0.16574 0.80273 0.18802 0.83398 0.18802 0.83398 0.16574
0 0.9043 0.16435 0.9043 0.18802 0.93652 0.18802 0.93652 0.16435
0 0.59961 0.16574 0.59961 0.18802 0.63184 0.18802 0.63184 0.16574
