0 0.39941 0.27656 0.39941 0.37099 0.42188 0.37099 0.42188 0.27656
0 0.057617 0.25464 0.057617 0.34401 0.074219 0.34401 0.074219 0.25464
0 0.082031 0.25464 0.082031 0.34401 0.097656 0.34401 0.097656 0.25464
0 0.057617 0.43002 0.057617 0.51939 0.074219 0.51939 0.074219 0.43002
0 0.080078 0.42833 0.080078 0.51771 0.09668 0.51771 0.09668 0.42833
0 0.057617 0.6054 0.057617 0.69815 0.09668 0.69815 0.09668 0.6054
0 0.16699 0.12648 0.16699 0.1973 0.19531 0.1973 0.19531 0.12648
0 0.4873 0.12648 0.4873 0.1973 0.5166 0.1973 0.5166 0.12648
0 0.26074 0.12648 0.26074 0.19899 0.2832 0.19899 0.2832 0.12648
0 0.29785 0.12816 0.29785 0.1973 0.32129 0.1973 0.32129 0.12816
0 0.3623 0.12479 0.3623 0.1973 0.38477 0.1973 0.38477 0.12479
0 0.39941 0.12479 0.39941 0.1973 0.42188 0.1973 0.42188 0.12479
0 0.16797 0.27656 0.16797 0.37099 0.19434 0.37099 0.19434 0.27656
0 0.16699 0.45194 0.16699 0.54806 0.19434 0.54806 0.19434 0.45194
0 0.16699 0.63069 0.16699 0.72513 0.19531 0.72513 0.19531 0.63069
0 0.48828 0.27487 0.48828 0.36762 0.51465 0.36762 0.51465 0.27487
0 0.4873 0.45363 0.4873 0.54975 0.51465 0.54975 0.51465 0.45363
0 0.48535 0.62901 0.48535 0.72513 0.51465 0.72513 0.51465 0.62901
0 0.25977 0.27656 0.25977 0.37099 0.28027 0.37099 0.28027 0.27656
0 0.25879 0.45363 0.25879 0.54806 0.28125 0.54806 0.28125 0.45363
0 0.26074 0.63406 0.26074 0.72513 0.28223 0.72513 0.28223 0.63406
0 0.29688 0.27656 0.29688 0.37268 0.32031 0.37268 0.32031 0.27656
0 0.3623 0.27656 0.3623 0.37268 0.38281 0.37268 0.38281 0.27656
0 0.40039 0.27656 0.40039 0.37268 0.4209 0.37268 0.4209 0.27656
0 0.29688 0.457 0.29688 0.54975 0.31934 0.54975 0.31934 0.457
0 0.36133 0.45531 0.36133 0.54975 0.38379 0.54975 0.38379 0.45531
0 0.39941 0.45363 0.39941 0.54806 0.42188 0.54806 0.42188 0.45363
0 0.29688 0.63406 0.29688 0.72513 0.31934 0.72513 0.31934 0.63406
0 0.3623 0.63238 0.3623 0.72513 0.38477 0.72513 0.38477 0.63238
0 0.39844 0.63406 0.39844 0.72513 0.41992 0.72513 0.41992 0.63406
0 0.16797 0.80776 0.16797 0.90051 0.19531 0.90051 0.19531 0.80776
0 0.37891 0.80944 0.37891 0.90051 0.40625 0.90051 0.40625 0.80944
0 0.48926 0.80944 0.48926 0.90051 0.51367 0.90051 0.51367 0.80944
0 0.59961 0.30523 0.59961 0.3946 0.62207 0.3946 0.62207 0.30523
0 0.63379 0.30523 0.63379 0.3946 0.65625 0.3946 0.65625 0.30523
0 0.60156 0.48398 0.60156 0.57336 0.62402 0.57336 0.62402 0.48398
0 0.63281 0.48398 0.63281 0.57336 0.65527 0.57336 0.65527 0.48398
0 0.60254 0.65767 0.60254 0.74705 0.625 0.74705 0.625 0.65767
0 0.63379 0.65936 0.63379 0.74874 0.65625 0.74874 0.65625 0.65936
0 0.60449 0.83811 0.60449 0.93761 0.62695 0.93761 0.62695 0.83811
0 0.63672 0.83811 0.63672 0.93929 0.65918 0.93929 0.65918 0.83811
0 0.70801 0.83811 0.70801 0.93761 0.73047 0.93761 0.73047 0.83811
0 0.82031 0.83642 0.82031 0.93592 0.84277 0.93592 0.84277 0.83642
0 0.8916 0.83811 0.8916 0.93761 0.91504 0.93761 0.91504 0.83811
0 0.92578 0.83811 0.92578 0.93929 0.94824 0.93929 0.94824 0.83811
0 0.66406 0.15008 0.66406 0.21417 0.69238 0.21417 0.69238 0.15008
0 0.73242 0.14165 0.73242 0.21585 0.76758 0.21585 0.76758 0.14165
0 0.78027 0.14165 0.78027 0.21585 0.81543 0.21585 0.81543 0.14165
0 0.85352 0.1484 0.85352 0.21248 0.88281 0.21248 0.88281 0.1484
0 0.69824 0.30354 0.69824 0.39629 0.7373 0.39629 0.7373 0.30354
0 0.69727 0.48061 0.69727 0.57336 0.73926 0.57336 0.73926 0.48061
0 0.80859 0.48229 0.80859 0.57167 0.84863 0.57167 0.84863 0.48229
0 0.80859 0.30354 0.80859 0.39292 0.84961 0.39292 0.84961 0.30354
0 0.69824 0.65767 0.69824 0.74874 0.74023 0.74874 0.74023 0.65767
0 0.81055 0.65767 0.81055 0.75211 0.85059 0.75211 0.85059 0.65767
0 0.8916 0.65767 0.8916 0.74874 0.91602 0.74874 0.91602 0.65767
0 0.9248 0.65936 0.9248 0.75042 0.94629 0.75042 0.94629 0.65936
0 0.92383 0.47892 0.92383 0.56998 0.94531 0.56998 0.94531 0.47892
0 0.88965 0.47723 0.88965 0.5683 0.91406 0.5683 0.91406 0.47723
0 0.88965 0.30185 0.88965 0.3946 0.91309 0.3946 0.91309 0.30185
0 0.92188 0.30354 0.92188 0.3946 0.94434 0.3946 0.94434 0.30354
1 0.75488 0.83811 0.75488 0.99157 0.7959 0.99157 0.7959 0.83811
1 0.049805 0.78415 0.049805 0.95447 0.10547 0.95447 0.10547 0.78415
1 0.25684 0.8027 0.25684 0.96627 0.31348 0.96627 0.31348 0.8027
