0 0.4043 0.30211 0.4043 0.3905 0.44238 0.3905 0.44238 0.30211
0 0.48438 0.30079 0.48438 0.38918 0.52246 0.38918 0.52246 0.30079
0 0.56543 0.30079 0.56543 0.39842 0.60059 0.39842 0.60059 0.30079
0 0.64355 0.30211 0.64355 0.3905 0.67969 0.3905 0.67969 0.30211
0 0.72168 0.30475 0.72168 0.39314 0.75781 0.39314 0.75781 0.30475
0 0.94629 0.31266 0.94629 0.40106 0.98242 0.40106 0.98242 0.31266
0 0.94922 0.46174 0.94922 0.55541 0.98438 0.55541 0.98438 0.46174
0 0.72363 0.45778 0.72363 0.55013 0.75879 0.55013 0.75879 0.45778
0 0.64551 0.45778 0.64551 0.55013 0.68066 0.55013 0.68066 0.45778
0 0.56543 0.4591 0.56543 0.55145 0.60059 0.55145 0.60059 0.4591
0 0.4873 0.4591 0.4873 0.55145 0.52246 0.55145 0.52246 0.4591
0 0.40625 0.4591 0.40625 0.55145 0.44141 0.55145 0.44141 0.4591
0 0.56543 0.62797 0.56543 0.73219 0.60352 0.73219 0.60352 0.62797
0 0.4043 0.62929 0.4043 0.73351 0.44141 0.73351 0.44141 0.62929
0 0.03418 0.30871 0.03418 0.3971 0.053711 0.3971 0.053711 0.30871
0 0.063477 0.30871 0.063477 0.3971 0.083008 0.3971 0.083008 0.30871
0 0.15137 0.30871 0.15137 0.3971 0.1709 0.3971 0.1709 0.30871
0 0.17969 0.30739 0.17969 0.39578 0.19922 0.39578 0.19922 0.30739
0 0.25684 0.29683 0.25684 0.38522 0.27637 0.38522 0.27637 0.29683
0 0.28711 0.29683 0.28711 0.3971 0.31543 0.3971 0.31543 0.29683
0 0.32422 0.29683 0.32422 0.38654 0.34375 0.38654 0.34375 0.29683
0 0.03125 0.46438 0.03125 0.55937 0.053711 0.55937 0.053711 0.46438
0 0.061523 0.46438 0.061523 0.55937 0.083008 0.55937 0.083008 0.46438
0 0.14941 0.46438 0.14941 0.55937 0.1709 0.55937 0.1709 0.46438
0 0.17871 0.46438 0.17871 0.55937 0.2002 0.55937 0.2002 0.46438
0 0.25684 0.45646 0.25684 0.55145 0.27734 0.55145 0.27734 0.45646
0 0.28809 0.45646 0.28809 0.55145 0.31445 0.55145 0.31445 0.45646
0 0.32422 0.45778 0.32422 0.55277 0.34473 0.55277 0.34473 0.45778
0 0.25781 0.62797 0.25781 0.72427 0.27637 0.72427 0.27637 0.62797
0 0.3252 0.62929 0.3252 0.72427 0.34473 0.72427 0.34473 0.62929
0 0.28711 0.62797 0.28711 0.72032 0.31445 0.72032 0.31445 0.62797
0 0.81543 0.30211 0.81543 0.37599 0.83398 0.37599 0.83398 0.30211
0 0.87793 0.30475 0.87793 0.37863 0.89551 0.37863 0.89551 0.30475
0 0.8418 0.30343 0.8418 0.37335 0.86816 0.37335 0.86816 0.30343
0 0.81738 0.45646 0.81738 0.54881 0.83691 0.54881 0.83691 0.45646
0 0.87891 0.45515 0.87891 0.54749 0.89844 0.54749 0.89844 0.45515
0 0.84473 0.45646 0.84473 0.54881 0.87109 0.54881 0.87109 0.45646
0 0.48535 0.62665 0.48535 0.73087 0.52344 0.73087 0.52344 0.62665
0 0.033203 0.6372 0.033203 0.74274 0.082031 0.74274 0.082031 0.6372
0 0.15039 0.63456 0.15039 0.74011 0.19922 0.74011 0.19922 0.63456
0 0.097656 0.63588 0.097656 0.74011 0.13281 0.74011 0.13281 0.63588
0 0.55273 0.064644 0.55273 0.12929 0.6123 0.12929 0.6123 0.064644
0 0.41895 0.025066 0.41895 0.050132 0.4502 0.050132 0.4502 0.025066
0 0.70508 0.032982 0.70508 0.058047 0.73633 0.058047 0.73633 0.032982
0 0.40527 0.80871 0.40527 0.85752 0.52246 0.85752 0.52246 0.80871
0 0.64941 0.80343 0.64941 0.85356 0.75977 0.85356 0.75977 0.80343
0 0.82129 0.80079 0.82129 0.84301 0.90527 0.84301 0.90527 0.80079
1 0.56055 0.85752 0.56055 0.99472 0.61426 0.99472 0.61426 0.85752
1 0.10645 0.87071 0.10645 0.99736 0.19434 0.99736 0.19434 0.87071
1 0.25488 0.87071 0.25488 0.99736 0.34375 0.99736 0.34375 0.87071
