0 0.83431 0.20996 0.83431 0.26074 0.88367 0.26074 0.88367 0.20996
0 0.64865 0.20996 0.64865 0.26074 0.698 0.26074 0.698 0.20996
0 0.45358 0.20996 0.45358 0.26074 0.50294 0.26074 0.50294 0.20996
0 0.26087 0.21387 0.26087 0.26465 0.31022 0.26465 0.31022 0.21387
0 0.078731 0.21973 0.078731 0.27051 0.12808 0.27051 0.12808 0.21973
0 0.84019 0.32227 0.84019 0.40234 0.88602 0.40234 0.88602 0.32227
0 0.65217 0.32031 0.65217 0.40039 0.69683 0.40039 0.69683 0.32031
0 0.45593 0.32227 0.45593 0.40234 0.50059 0.40234 0.50059 0.32227
0 0.26204 0.3252 0.26204 0.40527 0.3067 0.40527 0.3067 0.3252
0 0.077556 0.3291 0.077556 0.40918 0.12221 0.40918 0.12221 0.3291
0 0.25969 0.46973 0.25969 0.54492 0.3067 0.54492 0.3067 0.46973
0 0.45241 0.46777 0.45241 0.54297 0.49941 0.54297 0.49941 0.46777
0 0.074031 0.47266 0.074031 0.54785 0.12221 0.54785 0.12221 0.47266
0 0.65217 0.46875 0.65217 0.54102 0.70035 0.54102 0.70035 0.46875
0 0.83784 0.4668 0.83784 0.54199 0.88602 0.54199 0.88602 0.4668
0 0.64512 0.6084 0.64512 0.70117 0.70153 0.70117 0.70153 0.6084
0 0.83666 0.6084 0.83666 0.70215 0.89424 0.70215 0.89424 0.6084
0 0.25382 0.61035 0.25382 0.7041 0.3114 0.7041 0.3114 0.61035
0 0.43478 0.58789 0.43478 0.68359 0.51351 0.68359 0.51351 0.58789
0 0.25852 0.77539 0.25852 0.84277 0.30787 0.84277 0.30787 0.77539
1 0.42656 0.9043 0.42656 0.99512 0.52174 0.99512 0.52174 0.9043
0 0.64395 0.061523 0.64395 0.095703 0.698 0.095703 0.698 0.061523
0 0.82961 0.061523 0.82961 0.095703 0.88367 0.095703 0.88367 0.061523
0 0.45476 0.064453 0.45476 0.098633 0.50881 0.098633 0.50881 0.064453
0 0.26204 0.069336 0.26204 0.10352 0.3161 0.10352 0.3161 0.069336
0 0.079906 0.075195 0.079906 0.10938 0.13514 0.10938 0.13514 0.075195
0 0.45006 0.77734 0.45006 0.8457 0.50059 0.8457 0.50059 0.77734
0 0.64982 0.77637 0.64982 0.84375 0.69918 0.84375 0.69918 0.77637
