0 0.073242 0.32855 0.073242 0.41199 0.10938 0.41199 0.10938 0.32855
0 0.17578 0.32855 0.17578 0.41199 0.21289 0.41199 0.21289 0.32855
0 0.28613 0.32725 0.28613 0.40939 0.32227 0.40939 0.32227 0.32725
0 0.36719 0.32725 0.36719 0.41069 0.40332 0.41069 0.40332 0.32725
0 0.070312 0.45893 0.070312 0.54889 0.10645 0.54889 0.10645 0.45893
0 0.55176 0.32855 0.55176 0.41199 0.58789 0.41199 0.58789 0.32855
0 0.1748 0.45893 0.1748 0.54889 0.21094 0.54889 0.21094 0.45893
0 0.28418 0.45893 0.28418 0.54889 0.32031 0.54889 0.32031 0.45893
0 0.36523 0.45763 0.36523 0.54759 0.40137 0.54759 0.40137 0.45763
0 0.54883 0.45763 0.54883 0.54759 0.58496 0.54759 0.58496 0.45763
0 0.17383 0.60887 0.17383 0.70404 0.21191 0.70404 0.21191 0.60887
0 0.071289 0.60887 0.071289 0.70404 0.10938 0.70404 0.10938 0.60887
0 0.28223 0.60887 0.28223 0.70404 0.32031 0.70404 0.32031 0.60887
0 0.36328 0.60756 0.36328 0.70274 0.40137 0.70274 0.40137 0.60756
0 0.54785 0.60365 0.54785 0.69883 0.58594 0.69883 0.58594 0.60365
0 0.62891 0.32986 0.62891 0.4133 0.66504 0.4133 0.66504 0.32986
0 0.7373 0.32986 0.7373 0.41199 0.77441 0.41199 0.77441 0.32986
0 0.82031 0.33116 0.82031 0.4146 0.85742 0.4146 0.85742 0.33116
0 0.62793 0.45502 0.62793 0.54628 0.66406 0.54628 0.66406 0.45502
0 0.73438 0.45632 0.73438 0.54628 0.77051 0.54628 0.77051 0.45632
0 0.81836 0.45763 0.81836 0.54759 0.85449 0.54759 0.85449 0.45763
0 0.625 0.60365 0.625 0.70013 0.66309 0.70013 0.66309 0.60365
0 0.73145 0.60365 0.73145 0.69883 0.76953 0.69883 0.76953 0.60365
0 0.81543 0.60104 0.81543 0.69622 0.85352 0.69622 0.85352 0.60104
0 0.49316 0.32855 0.49316 0.41069 0.51562 0.41069 0.51562 0.32855
0 0.4668 0.32855 0.4668 0.41199 0.48926 0.41199 0.48926 0.32855
0 0.44043 0.32855 0.44043 0.41069 0.46191 0.41069 0.46191 0.32855
0 0.17871 0.22947 0.17871 0.28944 0.21094 0.28944 0.21094 0.22947
0 0.074219 0.23077 0.074219 0.29074 0.10742 0.29074 0.10742 0.23077
0 0.28809 0.23207 0.28809 0.29205 0.32129 0.29205 0.32129 0.23207
0 0.36621 0.23077 0.36621 0.29074 0.39941 0.29074 0.39941 0.23077
0 0.46094 0.22947 0.46094 0.28944 0.49316 0.28944 0.49316 0.22947
0 0.55273 0.23077 0.55273 0.29074 0.58594 0.29074 0.58594 0.23077
0 0.62891 0.23077 0.62891 0.29074 0.66211 0.29074 0.66211 0.23077
0 0.74219 0.23468 0.74219 0.28944 0.76855 0.28944 0.76855 0.23468
0 0.8252 0.23468 0.8252 0.28944 0.85156 0.28944 0.85156 0.23468
0 0.16602 0.11995 0.16602 0.17471 0.19629 0.17471 0.19629 0.11995
0 0.27441 0.11995 0.27441 0.17471 0.30469 0.17471 0.30469 0.11995
0 0.35352 0.11995 0.35352 0.17471 0.38379 0.17471 0.38379 0.11995
0 0.44434 0.11995 0.44434 0.17471 0.47461 0.17471 0.47461 0.11995
0 0.53516 0.11995 0.53516 0.17471 0.56641 0.17471 0.56641 0.11995
0 0.61133 0.12256 0.61133 0.17862 0.6416 0.17862 0.6416 0.12256
0 0.71875 0.12516 0.71875 0.18123 0.74902 0.18123 0.74902 0.12516
0 0.43848 0.49283 0.43848 0.55411 0.49512 0.55411 0.49512 0.49283
0 0.43555 0.6219 0.43555 0.70143 0.49512 0.70143 0.49512 0.6219
0 0.1582 0.76793 0.1582 0.83442 0.20801 0.83442 0.20801 0.76793
0 0.27246 0.76532 0.27246 0.83051 0.32227 0.83051 0.32227 0.76532
0 0.35059 0.76532 0.35059 0.83051 0.40039 0.83051 0.40039 0.76532
0 0.80273 0.75359 0.80273 0.81877 0.85254 0.81877 0.85254 0.75359
0 0.72266 0.7575 0.72266 0.82269 0.76758 0.82269 0.76758 0.7575
0 0.61523 0.76141 0.61523 0.82399 0.65918 0.82399 0.65918 0.76141
0 0.54102 0.76271 0.54102 0.82269 0.58105 0.82269 0.58105 0.76271
0 0.43555 0.76532 0.43555 0.8292 0.50293 0.8292 0.50293 0.76532
