0 0.542 0.22899 0.542 0.33403 0.61 0.33403 0.61 0.22899
0 0.728 0.22899 0.728 0.33193 0.796 0.33193 0.796 0.22899
0 0.546 0.41807 0.546 0.52101 0.614 0.52101 0.614 0.41807
0 0.728 0.41807 0.728 0.52101 0.796 0.52101 0.796 0.41807
0 0.732 0.60714 0.732 0.71008 0.802 0.71008 0.802 0.60714
0 0.546 0.60714 0.546 0.71008 0.614 0.71008 0.614 0.60714
0 0.308 0.42437 0.308 0.52101 0.426 0.52101 0.426 0.42437
0 0.31 0.23739 0.31 0.33403 0.426 0.33403 0.426 0.23739
0 0.304 0.60714 0.304 0.70378 0.422 0.70378 0.422 0.60714
0 0.488 0.031513 0.488 0.12605 0.556 0.12605 0.556 0.031513
0 0.118 0.37815 0.118 0.42017 0.146 0.42017 0.146 0.37815
0 0.112 0.47269 0.112 0.51471 0.138 0.51471 0.138 0.47269
0 0.11 0.55882 0.11 0.60084 0.138 0.60084 0.138 0.55882
0 0.108 0.64916 0.108 0.69118 0.134 0.69118 0.134 0.64916
1 0.522 0.82983 0.522 0.9916 0.63 0.9916 0.63 0.82983
