0 0.21354 0.43066 0.21354 0.49512 0.26432 0.49512 0.26432 0.43066
0 0.3138 0.43066 0.3138 0.49512 0.36198 0.49512 0.36198 0.43066
0 0.21615 0.55176 0.21615 0.61816 0.26562 0.61816 0.26562 0.55176
0 0.3151 0.55176 0.3151 0.61816 0.36328 0.61816 0.36328 0.55176
0 0.41406 0.43066 0.41406 0.49512 0.46094 0.49512 0.46094 0.43066
0 0.41406 0.55078 0.41406 0.61816 0.46224 0.61816 0.46224 0.55078
0 0.625 0.54785 0.625 0.61426 0.67318 0.61426 0.67318 0.54785
0 0.625 0.42578 0.625 0.49023 0.67318 0.49023 0.67318 0.42578
0 0.62891 0.6748 0.62891 0.74609 0.68099 0.74609 0.68099 0.6748
0 0.62891 0.80762 0.62891 0.87891 0.67839 0.87891 0.67839 0.80762
0 0.21615 0.81152 0.21615 0.88184 0.26432 0.88184 0.26432 0.81152
0 0.3138 0.81152 0.3138 0.88184 0.36198 0.88184 0.36198 0.81152
0 0.41276 0.81152 0.41276 0.88184 0.45964 0.88184 0.45964 0.81152
0 0.41276 0.68066 0.41276 0.75 0.46094 0.75 0.46094 0.68066
0 0.3138 0.68164 0.3138 0.75098 0.36328 0.75098 0.36328 0.68164
0 0.21615 0.68164 0.21615 0.75098 0.26432 0.75098 0.26432 0.68164
0 0.11458 0.43164 0.11458 0.49609 0.16406 0.49609 0.16406 0.43164
0 0.015625 0.43066 0.015625 0.49512 0.065104 0.49512 0.065104 0.43066
0 0.11458 0.55078 0.11458 0.61914 0.16406 0.61914 0.16406 0.55078
0 0.015625 0.55273 0.015625 0.62012 0.065104 0.62012 0.065104 0.55273
0 0.11719 0.68262 0.11719 0.75195 0.16536 0.75195 0.16536 0.68262
0 0.11849 0.81152 0.11849 0.88184 0.16667 0.88184 0.16667 0.81152
1 0.63151 0.92188 0.63151 0.99609 0.68229 0.99609 0.68229 0.92188
1 0.41406 0.92383 0.41406 0.99805 0.46484 0.99805 0.46484 0.92383
1 0.3151 0.9248 0.3151 0.99805 0.36589 0.99805 0.36589 0.9248
1 0.21615 0.92383 0.21615 0.99707 0.26693 0.99707 0.26693 0.92383
1 0.11849 0.92578 0.11849 0.99805 0.16797 0.99805 0.16797 0.92578
0 0.63802 0.2627 0.63802 0.28613 0.66927 0.28613 0.66927 0.2627
