0 0.058745 0.1377 0.058745 0.23438 0.13752 0.23438 0.13752 0.1377
0 0.22029 0.14062 0.22029 0.23535 0.29506 0.23535 0.29506 0.14062
0 0.06275 0.34082 0.06275 0.44336 0.13618 0.44336 0.13618 0.34082
0 0.22163 0.3418 0.22163 0.44434 0.29506 0.44434 0.29506 0.3418
0 0.064085 0.55078 0.064085 0.65527 0.13752 0.65527 0.13752 0.55078
0 0.22029 0.55176 0.22029 0.65625 0.2964 0.65625 0.2964 0.55176
0 0.38051 0.3418 0.38051 0.44434 0.4526 0.44434 0.4526 0.3418
0 0.53672 0.34277 0.53672 0.44434 0.60881 0.44434 0.60881 0.34277
0 0.37784 0.55176 0.37784 0.6543 0.45394 0.6543 0.45394 0.55176
0 0.53672 0.55078 0.53672 0.65527 0.61282 0.65527 0.61282 0.55078
0 0.69426 0.34277 0.69426 0.44531 0.76769 0.44531 0.76769 0.34277
0 0.85447 0.34375 0.85447 0.44531 0.9239 0.44531 0.9239 0.34375
0 0.69426 0.55176 0.69426 0.65625 0.76769 0.65625 0.76769 0.55176
0 0.85047 0.55273 0.85047 0.65625 0.92523 0.65625 0.92523 0.55273
0 0.69426 0.76562 0.69426 0.87109 0.76636 0.87109 0.76636 0.76562
0 0.8518 0.7666 0.8518 0.87207 0.9239 0.87207 0.9239 0.7666
0 0.37917 0.76562 0.37917 0.87109 0.44993 0.87109 0.44993 0.76562
0 0.53805 0.76562 0.53805 0.87207 0.61015 0.87207 0.61015 0.76562
0 0.22029 0.76562 0.22029 0.87207 0.29239 0.87207 0.29239 0.76562
1 0.048064 0.76562 0.048064 0.99121 0.1522 0.99121 0.1522 0.76562
0 0.37917 0.14062 0.37917 0.23633 0.45394 0.23633 0.45394 0.14062
0 0.53672 0.1416 0.53672 0.23633 0.61282 0.23633 0.61282 0.1416
0 0.69292 0.14258 0.69292 0.23828 0.77036 0.23828 0.77036 0.14258
0 0.85314 0.14258 0.85314 0.23828 0.9279 0.23828 0.9279 0.14258
0 0.069426 0.072266 0.069426 0.087891 0.12951 0.087891 0.12951 0.072266
0 0.38585 0.073242 0.38585 0.088867 0.44593 0.088867 0.44593 0.073242
0 0.54606 0.074219 0.54606 0.089844 0.60614 0.089844 0.60614 0.074219
