0 0.62598 0.068314 0.62598 0.1657 0.65137 0.1657 0.65137 0.068314
0 0.5918 0.06686 0.5918 0.16424 0.61914 0.16424 0.61914 0.06686
0 0.59277 0.23837 0.59277 0.33576 0.62012 0.33576 0.62012 0.23837
0 0.625 0.23837 0.625 0.33576 0.65332 0.33576 0.65332 0.23837
0 0.58984 0.41424 0.58984 0.51163 0.61719 0.51163 0.61719 0.41424
0 0.62695 0.41424 0.62695 0.51163 0.65527 0.51163 0.65527 0.41424
0 0.72461 0.068314 0.72461 0.16424 0.76562 0.16424 0.76562 0.068314
0 0.48047 0.069767 0.48047 0.1657 0.52148 0.1657 0.52148 0.069767
0 0.48047 0.23692 0.48047 0.33285 0.52148 0.33285 0.52148 0.23692
0 0.72461 0.23692 0.72461 0.33285 0.76562 0.33285 0.76562 0.23692
0 0.47949 0.41424 0.47949 0.51017 0.52051 0.51017 0.52051 0.41424
0 0.72266 0.4157 0.72266 0.51163 0.76367 0.51163 0.76367 0.4157
0 0.47754 0.59884 0.47754 0.69913 0.51953 0.69913 0.51953 0.59884
0 0.58984 0.60029 0.58984 0.70058 0.64648 0.70058 0.64648 0.60029
0 0.71875 0.59593 0.71875 0.69767 0.76172 0.69767 0.76172 0.59593
0 0.35059 0.6032 0.35059 0.69913 0.3916 0.69913 0.3916 0.6032
0 0.35547 0.42006 0.35547 0.51599 0.39648 0.51599 0.39648 0.42006
0 0.35547 0.24564 0.35547 0.34157 0.39648 0.34157 0.39648 0.24564
0 0.36133 0.074128 0.36133 0.16424 0.40234 0.16424 0.40234 0.074128
0 0.2373 0.071221 0.2373 0.16279 0.2832 0.16279 0.2832 0.071221
0 0.22559 0.61337 0.22559 0.69767 0.28418 0.69767 0.28418 0.61337
0 0.11621 0.60029 0.11621 0.70203 0.15625 0.70203 0.15625 0.60029
0 0.34668 0.7936 0.34668 0.89099 0.39551 0.89099 0.39551 0.7936
0 0.11035 0.79942 0.11035 0.8968 0.15918 0.8968 0.15918 0.79942
0 0.22754 0.43169 0.22754 0.51163 0.28613 0.51163 0.28613 0.43169
0 0.11719 0.41424 0.11719 0.51744 0.15625 0.51744 0.15625 0.41424
0 0.11914 0.24419 0.11914 0.34157 0.16211 0.34157 0.16211 0.24419
0 0.25879 0.24564 0.25879 0.33866 0.28125 0.33866 0.28125 0.24564
0 0.22949 0.24709 0.22949 0.33721 0.25 0.33721 0.25 0.24709
0 0.88184 0.42442 0.88184 0.51599 0.92383 0.51599 0.92383 0.42442
0 0.88086 0.071221 0.88086 0.16715 0.92285 0.16715 0.92285 0.071221
0 0.88086 0.24855 0.88086 0.34157 0.91992 0.34157 0.91992 0.24855
0 0.87793 0.60174 0.87793 0.70203 0.9209 0.70203 0.9209 0.60174
1 0.20801 0.85029 0.20801 0.99564 0.29297 0.99564 0.29297 0.85029
1 0.59082 0.78924 0.59082 0.9593 0.64355 0.9593 0.64355 0.78924
