0 0.035156 0.21387 0.035156 0.32715 0.12109 0.32715 0.12109 0.21387
0 0.23568 0.20703 0.23568 0.32617 0.32292 0.32617 0.32292 0.20703
0 0.42708 0.20996 0.42708 0.3291 0.51562 0.3291 0.51562 0.20996
0 0.61719 0.20898 0.61719 0.32812 0.70573 0.32812 0.70573 0.20898
0 0.61719 0.41016 0.61719 0.5293 0.70573 0.5293 0.70573 0.41016
0 0.42708 0.40723 0.42708 0.52637 0.51562 0.52637 0.51562 0.40723
0 0.23438 0.40527 0.23438 0.52441 0.32292 0.52441 0.32292 0.40527
0 0.032552 0.40918 0.032552 0.52734 0.12109 0.52734 0.12109 0.40918
0 0.61719 0.6084 0.61719 0.73145 0.71354 0.73145 0.71354 0.6084
0 0.42448 0.60742 0.42448 0.73047 0.52083 0.73047 0.52083 0.60742
0 0.22917 0.60547 0.22917 0.72852 0.32552 0.72852 0.32552 0.60547
0 0.23047 0.79102 0.23047 0.90039 0.27083 0.90039 0.27083 0.79102
0 0.28646 0.79199 0.28646 0.90137 0.32812 0.90137 0.32812 0.79199
0 0.42318 0.79395 0.42318 0.90234 0.46484 0.90234 0.46484 0.79395
0 0.47656 0.79297 0.47656 0.90234 0.51823 0.90234 0.51823 0.79297
0 0.61719 0.79395 0.61719 0.90332 0.65885 0.90332 0.65885 0.79395
0 0.67188 0.79492 0.67188 0.90332 0.71354 0.90332 0.71354 0.79492
