0 0.27416 0.19471 0.27416 0.30769 0.32809 0.30769 0.32809 0.19471
0 0.33708 0.19471 0.33708 0.30529 0.38876 0.30529 0.38876 0.19471
0 0.64045 0.19471 0.64045 0.30769 0.69438 0.30769 0.69438 0.19471
0 0.70562 0.19952 0.70562 0.3101 0.7573 0.3101 0.7573 0.19952
0 0.19775 0.38942 0.19775 0.51923 0.24944 0.51923 0.24944 0.38942
0 0.15281 0.38942 0.15281 0.52404 0.17978 0.52404 0.17978 0.38942
0 0.26966 0.38942 0.26966 0.53125 0.33933 0.53125 0.33933 0.38942
0 0.26742 0.63462 0.26742 0.76683 0.33483 0.76683 0.33483 0.63462
0 0.19101 0.62981 0.19101 0.76202 0.24719 0.76202 0.24719 0.62981
0 0.14831 0.62981 0.14831 0.76683 0.17753 0.76683 0.17753 0.62981
0 0.34382 0.0048077 0.34382 0.079327 0.71011 0.079327 0.71011 0.0048077
0 0.46966 0.40865 0.46966 0.54327 0.5618 0.54327 0.5618 0.40865
0 0.46517 0.64663 0.46517 0.78125 0.55955 0.78125 0.55955 0.64663
0 0.46966 0.88462 0.46966 0.99519 0.5618 0.99519 0.5618 0.88462
0 0.20674 0.88462 0.20674 0.99519 0.29888 0.99519 0.29888 0.88462
0 0.78876 0.45192 0.78876 0.57692 0.86966 0.57692 0.86966 0.45192
0 0.79326 0.67308 0.79326 0.81971 0.86966 0.81971 0.86966 0.67308
0 0.79326 0.89663 0.79326 0.99279 0.86966 0.99279 0.86966 0.89663
0 0.49663 0.20433 0.49663 0.33654 0.59101 0.33654 0.59101 0.20433
