0 0.10645 0.16142 0.10645 0.25984 0.14355 0.25984 0.14355 0.16142
0 0.10938 0.36089 0.10938 0.4685 0.14648 0.4685 0.14648 0.36089
0 0.10938 0.56299 0.10938 0.67192 0.14648 0.67192 0.14648 0.56299
0 0.21973 0.16667 0.21973 0.2664 0.25684 0.2664 0.25684 0.16667
0 0.26855 0.16798 0.26855 0.26772 0.30566 0.26772 0.30566 0.16798
0 0.37109 0.16798 0.37109 0.26772 0.4082 0.26772 0.4082 0.16798
0 0.41992 0.16929 0.41992 0.26903 0.45703 0.26903 0.45703 0.16929
0 0.52832 0.16798 0.52832 0.2664 0.56543 0.2664 0.56543 0.16798
0 0.57812 0.16798 0.57812 0.2664 0.61523 0.2664 0.61523 0.16798
0 0.68359 0.16798 0.68359 0.2664 0.7207 0.2664 0.7207 0.16798
0 0.73535 0.16667 0.73535 0.2664 0.77246 0.2664 0.77246 0.16667
0 0.85059 0.16667 0.85059 0.2664 0.89062 0.2664 0.89062 0.16667
0 0.21973 0.36352 0.21973 0.47113 0.25586 0.47113 0.25586 0.36352
0 0.21973 0.56562 0.21973 0.67454 0.25684 0.67454 0.25684 0.56562
0 0.26855 0.36352 0.26855 0.47113 0.30371 0.47113 0.30371 0.36352
0 0.26855 0.56693 0.26855 0.67585 0.30469 0.67585 0.30469 0.56693
0 0.37305 0.36352 0.37305 0.47113 0.4082 0.47113 0.4082 0.36352
0 0.37402 0.56693 0.37402 0.67585 0.41016 0.67585 0.41016 0.56693
0 0.42188 0.56693 0.42188 0.67585 0.45801 0.67585 0.45801 0.56693
0 0.52832 0.56693 0.52832 0.67585 0.56445 0.67585 0.56445 0.56693
0 0.57812 0.56955 0.57812 0.67848 0.61426 0.67848 0.61426 0.56955
0 0.68555 0.56955 0.68555 0.67848 0.72168 0.67848 0.72168 0.56955
0 0.73438 0.56824 0.73438 0.67717 0.77051 0.67717 0.77051 0.56824
0 0.4209 0.36352 0.4209 0.47244 0.45703 0.47244 0.45703 0.36352
0 0.85156 0.56693 0.85156 0.67585 0.88965 0.67585 0.88965 0.56693
0 0.5293 0.36483 0.5293 0.47244 0.56543 0.47244 0.56543 0.36483
0 0.5791 0.36352 0.5791 0.46982 0.61426 0.46982 0.61426 0.36352
0 0.68652 0.36614 0.68652 0.47375 0.72168 0.47375 0.72168 0.36614
0 0.73535 0.36352 0.73535 0.47113 0.77051 0.47113 0.77051 0.36352
0 0.85156 0.36352 0.85156 0.46982 0.89062 0.46982 0.89062 0.36352
0 0.23633 0.76903 0.23633 0.90157 0.29102 0.90157 0.29102 0.76903
0 0.47754 0.77034 0.47754 0.90551 0.51953 0.90551 0.51953 0.77034
0 0.54395 0.77297 0.54395 0.90945 0.59766 0.90945 0.59766 0.77297
0 0.69922 0.77034 0.69922 0.90682 0.75293 0.90682 0.75293 0.77034
0 0.83887 0.77428 0.83887 0.90945 0.89551 0.90945 0.89551 0.77428
1 0.34668 0.77297 0.34668 0.99869 0.41016 0.99869 0.41016 0.77297
1 0.087891 0.77165 0.087891 0.99869 0.1709 0.99869 0.1709 0.77165
