0 0.42578 0.82884 0.42578 0.93435 0.47363 0.93435 0.47363 0.82884
0 0.31445 0.82884 0.31445 0.93318 0.36133 0.93318 0.36133 0.82884
0 0.20312 0.82767 0.20312 0.93435 0.24902 0.93435 0.24902 0.82767
0 0.10059 0.82884 0.10059 0.93435 0.14746 0.93435 0.14746 0.82884
0 0.42383 0.62603 0.42383 0.73154 0.47168 0.73154 0.47168 0.62603
0 0.31543 0.6272 0.31543 0.72919 0.3623 0.72919 0.3623 0.6272
0 0.20215 0.6272 0.20215 0.73036 0.24902 0.73036 0.24902 0.6272
0 0.10059 0.62485 0.10059 0.72919 0.14746 0.72919 0.14746 0.62485
0 0.75195 0.82884 0.75195 0.93669 0.7998 0.93669 0.7998 0.82884
0 0.63867 0.82767 0.63867 0.93435 0.6875 0.93435 0.6875 0.82767
0 0.5293 0.82767 0.5293 0.93435 0.57422 0.93435 0.57422 0.82767
0 0.85547 0.6272 0.85547 0.72802 0.9043 0.72802 0.9043 0.6272
0 0.75 0.6272 0.75 0.72802 0.79883 0.72802 0.79883 0.6272
0 0.63965 0.6272 0.63965 0.72802 0.6875 0.72802 0.6875 0.6272
0 0.52832 0.62837 0.52832 0.72685 0.57715 0.72685 0.57715 0.62837
0 0.85742 0.43611 0.85742 0.53107 0.90332 0.53107 0.90332 0.43611
0 0.75293 0.43728 0.75293 0.53107 0.79688 0.53107 0.79688 0.43728
0 0.64258 0.43845 0.64258 0.53224 0.68555 0.53224 0.68555 0.43845
0 0.5332 0.43845 0.5332 0.53107 0.5752 0.53107 0.5752 0.43845
0 0.85742 0.25791 0.85742 0.35053 0.90234 0.35053 0.90234 0.25791
0 0.75391 0.25791 0.75391 0.34936 0.79688 0.34936 0.79688 0.25791
0 0.64258 0.25791 0.64258 0.35053 0.68652 0.35053 0.68652 0.25791
0 0.5332 0.25791 0.5332 0.35053 0.5752 0.35053 0.5752 0.25791
0 0.86035 0.080891 0.86035 0.15123 0.90332 0.15123 0.90332 0.080891
0 0.75391 0.082063 0.75391 0.15123 0.79883 0.15123 0.79883 0.082063
0 0.64258 0.083236 0.64258 0.15358 0.68555 0.15358 0.68555 0.083236
0 0.53223 0.083236 0.53223 0.15358 0.5752 0.15358 0.5752 0.083236
0 0.42676 0.43845 0.42676 0.53107 0.46973 0.53107 0.46973 0.43845
0 0.31738 0.43845 0.31738 0.53224 0.35938 0.53224 0.35938 0.43845
0 0.2041 0.43845 0.2041 0.53224 0.24609 0.53224 0.24609 0.43845
0 0.10156 0.43845 0.10156 0.53224 0.14355 0.53224 0.14355 0.43845
0 0.42676 0.25791 0.42676 0.3517 0.47168 0.3517 0.47168 0.25791
0 0.31641 0.25909 0.31641 0.35287 0.36133 0.35287 0.36133 0.25909
0 0.20312 0.25909 0.20312 0.3517 0.24707 0.3517 0.24707 0.25909
0 0.10156 0.25909 0.10156 0.3517 0.14453 0.3517 0.14453 0.25909
0 0.42676 0.084408 0.42676 0.15475 0.4707 0.15475 0.4707 0.084408
0 0.31641 0.084408 0.31641 0.15358 0.36035 0.15358 0.36035 0.084408
0 0.20312 0.083236 0.20312 0.15475 0.24609 0.15475 0.24609 0.083236
0 0.10156 0.083236 0.10156 0.15475 0.14258 0.15475 0.14258 0.083236
