0 0.077694 0.072266 0.077694 0.11328 0.22807 0.11328 0.22807 0.072266
0 0.42105 0.070312 0.42105 0.1123 0.56642 0.1123 0.56642 0.070312
0 0.76942 0.068359 0.76942 0.11133 0.91479 0.11133 0.91479 0.068359
0 0.080201 0.17578 0.080201 0.23438 0.2381 0.23438 0.2381 0.17578
0 0.42105 0.1748 0.42105 0.2334 0.57895 0.2334 0.57895 0.1748
0 0.7619 0.1709 0.7619 0.22949 0.92231 0.22949 0.92231 0.1709
0 0.42607 0.29688 0.42607 0.37207 0.54887 0.37207 0.54887 0.29688
0 0.090226 0.29688 0.090226 0.37109 0.21303 0.37109 0.21303 0.29688
0 0.75689 0.29785 0.75689 0.37207 0.8797 0.37207 0.8797 0.29785
0 0.75439 0.40137 0.75439 0.47559 0.87719 0.47559 0.87719 0.40137
0 0.41855 0.40234 0.41855 0.47656 0.54135 0.47656 0.54135 0.40234
0 0.090226 0.40039 0.090226 0.47559 0.21303 0.47559 0.21303 0.40039
0 0.75439 0.50391 0.75439 0.57227 0.87719 0.57227 0.87719 0.50391
0 0.42105 0.50391 0.42105 0.57227 0.54386 0.57227 0.54386 0.50391
0 0.090226 0.50293 0.090226 0.57129 0.21053 0.57129 0.21053 0.50293
0 0.090226 0.60645 0.090226 0.6748 0.21053 0.6748 0.21053 0.60645
0 0.42607 0.60645 0.42607 0.6748 0.54887 0.6748 0.54887 0.60645
0 0.75439 0.60742 0.75439 0.67578 0.87469 0.67578 0.87469 0.60742
1 0.39348 0.83496 0.39348 0.97852 0.57895 0.97852 0.57895 0.83496
0 0.10526 0.74609 0.10526 0.79297 0.20301 0.79297 0.20301 0.74609
0 0.78195 0.74707 0.78195 0.79492 0.8797 0.79492 0.8797 0.74707
