0 0.3236 0.13365 0.3236 0.16945 0.38686 0.16945 0.38686 0.13365
0 0.52798 0.13126 0.52798 0.16706 0.59124 0.16706 0.59124 0.13126
0 0.73236 0.12649 0.73236 0.16229 0.79562 0.16229 0.79562 0.12649
0 0.31387 0.30788 0.31387 0.42721 0.39659 0.42721 0.39659 0.30788
0 0.52555 0.30788 0.52555 0.42482 0.61071 0.42482 0.61071 0.30788
0 0.73479 0.30549 0.73479 0.42482 0.81752 0.42482 0.81752 0.30549
0 0.30657 0.52029 0.30657 0.63962 0.39659 0.63962 0.39659 0.52029
0 0.52068 0.5179 0.52068 0.63962 0.60827 0.63962 0.60827 0.5179
0 0.73236 0.5179 0.73236 0.63723 0.81995 0.63723 0.81995 0.5179
0 0.29927 0.73031 0.29927 0.84964 0.38929 0.84964 0.38929 0.73031
0 0.51825 0.73031 0.51825 0.85203 0.60584 0.85203 0.60584 0.73031
0 0.72749 0.73031 0.72749 0.84964 0.81752 0.84964 0.81752 0.73031
