0 0.071429 0.33574 0.071429 0.49639 0.14143 0.49639 0.14143 0.33574
0 0.078571 0.6065 0.078571 0.7491 0.13857 0.7491 0.13857 0.6065
0 0.81143 0.59386 0.81143 0.75632 0.85714 0.75632 0.85714 0.59386
0 0.75 0.59567 0.75 0.75993 0.79571 0.75993 0.79571 0.59567
0 0.52143 0.35199 0.52143 0.49097 0.58571 0.49097 0.58571 0.35199
0 0.26714 0.35921 0.26714 0.49458 0.32571 0.49458 0.32571 0.35921
0 0.26 0.61372 0.26 0.7509 0.32 0.7509 0.32 0.61372
0 0.52286 0.61191 0.52286 0.75993 0.58143 0.75993 0.58143 0.61191
0 0.39143 0.61552 0.39143 0.79061 0.44429 0.79061 0.44429 0.61552
0 0.38714 0.35199 0.38714 0.52166 0.44429 0.52166 0.44429 0.35199
0 0.38571 0.8574 0.38571 0.98736 0.44429 0.98736 0.44429 0.8574
0 0.51286 0.85921 0.51286 0.98917 0.57143 0.98917 0.57143 0.85921
0 0.73571 0.8556 0.73571 0.98556 0.79429 0.98556 0.79429 0.8556
0 0.80714 0.8574 0.80714 0.98736 0.86714 0.98736 0.86714 0.8574
0 0.29 0.13357 0.29 0.24368 0.33857 0.24368 0.33857 0.13357
0 0.50143 0.13357 0.50143 0.24368 0.55 0.24368 0.55 0.13357
0 0.39286 0.13177 0.39286 0.2491 0.44571 0.2491 0.44571 0.13177
0 0.08 0.12996 0.08 0.23285 0.13429 0.23285 0.13429 0.12996
0 0.76857 0.12274 0.76857 0.23105 0.79571 0.23105 0.79571 0.12274
0 0.81286 0.12094 0.81286 0.22924 0.84 0.22924 0.84 0.12094
