0 0.099099 0.077148 0.099099 0.16406 0.18619 0.16406 0.18619 0.077148
0 0.24775 0.076172 0.24775 0.16309 0.33333 0.16309 0.33333 0.076172
0 0.39039 0.077148 0.39039 0.16309 0.47748 0.16309 0.47748 0.077148
0 0.54054 0.077148 0.54054 0.16406 0.62613 0.16406 0.62613 0.077148
0 0.68168 0.078125 0.68168 0.16406 0.76877 0.16406 0.76877 0.078125
0 0.82883 0.077148 0.82883 0.16406 0.91441 0.16406 0.91441 0.077148
0 0.099099 0.22266 0.099099 0.30957 0.18619 0.30957 0.18619 0.22266
0 0.24775 0.22168 0.24775 0.30859 0.33483 0.30859 0.33483 0.22168
0 0.39039 0.22266 0.39039 0.30957 0.47748 0.30957 0.47748 0.22266
0 0.53904 0.22168 0.53904 0.30859 0.62462 0.30859 0.62462 0.22168
0 0.68468 0.22461 0.68468 0.31152 0.77177 0.31152 0.77177 0.22461
0 0.82432 0.22168 0.82432 0.30859 0.91141 0.30859 0.91141 0.22168
0 0.82432 0.36621 0.82432 0.45215 0.91141 0.45215 0.91141 0.36621
0 0.67868 0.36523 0.67868 0.45117 0.76426 0.45117 0.76426 0.36523
0 0.53604 0.36328 0.53604 0.4502 0.62162 0.4502 0.62162 0.36328
0 0.39039 0.36621 0.39039 0.45215 0.47748 0.45215 0.47748 0.36621
0 0.24474 0.36621 0.24474 0.45215 0.33033 0.45215 0.33033 0.36621
0 0.099099 0.36816 0.099099 0.45508 0.18619 0.45508 0.18619 0.36816
0 0.097598 0.50977 0.097598 0.59668 0.18468 0.59668 0.18468 0.50977
0 0.24324 0.51367 0.24324 0.60059 0.32883 0.60059 0.32883 0.51367
0 0.39339 0.50879 0.39339 0.5957 0.48048 0.5957 0.48048 0.50879
0 0.53754 0.50879 0.53754 0.5957 0.62312 0.5957 0.62312 0.50879
0 0.68018 0.50684 0.68018 0.59375 0.76727 0.59375 0.76727 0.50684
0 0.82132 0.50684 0.82132 0.59375 0.90841 0.59375 0.90841 0.50684
0 0.043544 0.66113 0.043544 0.74609 0.12613 0.74609 0.12613 0.66113
0 0.14865 0.66113 0.14865 0.74609 0.23123 0.74609 0.23123 0.66113
0 0.25526 0.66113 0.25526 0.74609 0.33784 0.74609 0.33784 0.66113
0 0.36036 0.66309 0.36036 0.74805 0.44294 0.74805 0.44294 0.66309
0 0.56607 0.66113 0.56607 0.74609 0.65015 0.74609 0.65015 0.66113
0 0.67117 0.66016 0.67117 0.74805 0.76276 0.74805 0.76276 0.66016
0 0.77477 0.6582 0.77477 0.74609 0.86637 0.74609 0.86637 0.6582
0 0.87387 0.65723 0.87387 0.74512 0.96547 0.74512 0.96547 0.65723
