0 0.10742 0.23259 0.10742 0.40867 0.1709 0.40867 0.1709 0.23259
0 0.19141 0.2339 0.19141 0.40999 0.25488 0.40999 0.25488 0.2339
0 0.3877 0.23916 0.3877 0.41261 0.45117 0.41261 0.45117 0.23916
0 0.5498 0.23916 0.5498 0.41261 0.61328 0.41261 0.61328 0.23916
0 0.71387 0.23916 0.71387 0.4113 0.77734 0.4113 0.77734 0.23916
0 0.91504 0.23127 0.91504 0.40473 0.97852 0.40473 0.97852 0.23127
0 0.10449 0.56636 0.10449 0.74639 0.16992 0.74639 0.16992 0.56636
0 0.19238 0.56767 0.19238 0.74901 0.25781 0.74901 0.25781 0.56767
0 0.38477 0.5703 0.38477 0.74376 0.4502 0.74376 0.4502 0.5703
0 0.71191 0.57162 0.71191 0.74507 0.77734 0.74507 0.77734 0.57162
0 0.91602 0.56899 0.91602 0.74244 0.98145 0.74244 0.98145 0.56899
0 0.12305 0.8318 0.12305 0.86728 0.14844 0.86728 0.14844 0.8318
0 0.4043 0.81866 0.4043 0.85283 0.43066 0.85283 0.43066 0.81866
0 0.7334 0.80026 0.7334 0.83443 0.75879 0.83443 0.75879 0.80026
1 0.53711 0.56636 0.53711 0.86465 0.62598 0.86465 0.62598 0.56636
