0 0.18848 0.4875 0.18848 0.6775 0.27148 0.6775 0.27148 0.4875
0 0.38086 0.48625 0.38086 0.67625 0.46387 0.67625 0.46387 0.48625
0 0.54785 0.485 0.54785 0.675 0.63086 0.675 0.63086 0.485
0 0.71094 0.4875 0.71094 0.6775 0.79395 0.6775 0.79395 0.4875
0 0.87402 0.48875 0.87402 0.67875 0.95703 0.67875 0.95703 0.48875
0 0.19043 0.17375 0.19043 0.305 0.27832 0.305 0.27832 0.17375
0 0.375 0.17 0.375 0.3025 0.46289 0.3025 0.46289 0.17
0 0.5498 0.1725 0.5498 0.305 0.63867 0.305 0.63867 0.1725
0 0.71191 0.17375 0.71191 0.30625 0.80078 0.30625 0.80078 0.17375
0 0.87793 0.1775 0.87793 0.31 0.9668 0.31 0.9668 0.1775
1 0.47754 0.89375 0.47754 0.98875 0.69824 0.98875 0.69824 0.89375
1 0.21289 0.87 0.21289 0.99125 0.33691 0.99125 0.33691 0.87
