0 0.14332 0.064315 0.14332 0.095436 0.17264 0.095436 0.17264 0.064315
0 0.25407 0.062241 0.25407 0.093361 0.28339 0.093361 0.28339 0.062241
0 0.36482 0.058091 0.36482 0.089212 0.39251 0.089212 0.39251 0.058091
0 0.47883 0.058091 0.47883 0.087137 0.50651 0.087137 0.50651 0.058091
0 0.58958 0.056017 0.58958 0.087137 0.61726 0.087137 0.61726 0.056017
0 0.13029 0.16805 0.13029 0.25934 0.17915 0.25934 0.17915 0.16805
0 0.23941 0.16598 0.23941 0.25519 0.28827 0.25519 0.28827 0.16598
0 0.35342 0.16183 0.35342 0.25311 0.40228 0.25311 0.40228 0.16183
0 0.46743 0.16183 0.46743 0.25311 0.51466 0.25311 0.51466 0.16183
0 0.58306 0.15975 0.58306 0.25104 0.63029 0.25104 0.63029 0.15975
0 0.88274 0.11826 0.88274 0.19295 0.92508 0.19295 0.92508 0.11826
0 0.81922 0.11618 0.81922 0.19087 0.85831 0.19087 0.85831 0.11618
0 0.7557 0.11618 0.7557 0.19087 0.79479 0.19087 0.79479 0.11618
0 0.88599 0.26141 0.88599 0.34647 0.92671 0.34647 0.92671 0.26141
0 0.82085 0.26141 0.82085 0.34647 0.86156 0.34647 0.86156 0.26141
0 0.7557 0.25934 0.7557 0.3444 0.79642 0.3444 0.79642 0.25934
0 0.88762 0.41286 0.88762 0.49793 0.92834 0.49793 0.92834 0.41286
0 0.82248 0.41286 0.82248 0.49585 0.86319 0.49585 0.86319 0.41286
0 0.7557 0.41286 0.7557 0.49585 0.79805 0.49585 0.79805 0.41286
0 0.88762 0.57054 0.88762 0.6556 0.92997 0.6556 0.92997 0.57054
0 0.8241 0.57054 0.8241 0.6556 0.86482 0.6556 0.86482 0.57054
0 0.75896 0.57054 0.75896 0.6556 0.8013 0.6556 0.8013 0.57054
0 0.79316 0.010373 0.79316 0.051867 0.87134 0.051867 0.87134 0.010373
0 0.12541 0.33195 0.12541 0.42116 0.1759 0.42116 0.1759 0.33195
0 0.23616 0.33195 0.23616 0.42116 0.28827 0.42116 0.28827 0.33195
0 0.35179 0.3278 0.35179 0.41701 0.40228 0.41701 0.40228 0.3278
0 0.46417 0.3278 0.46417 0.41701 0.51466 0.41701 0.51466 0.3278
0 0.58143 0.32365 0.58143 0.41286 0.63192 0.41286 0.63192 0.32365
0 0.12378 0.49378 0.12378 0.59751 0.17427 0.59751 0.17427 0.49378
0 0.23453 0.49585 0.23453 0.59959 0.28502 0.59959 0.28502 0.49585
0 0.34853 0.49793 0.34853 0.60166 0.39902 0.60166 0.39902 0.49793
0 0.4658 0.4917 0.4658 0.59544 0.51629 0.59544 0.51629 0.4917
0 0.58306 0.48963 0.58306 0.59336 0.63355 0.59336 0.63355 0.48963
0 0.12215 0.6722 0.12215 0.77593 0.17264 0.77593 0.17264 0.6722
0 0.23453 0.6722 0.23453 0.77593 0.28502 0.77593 0.28502 0.6722
0 0.34853 0.67427 0.34853 0.77801 0.39902 0.77801 0.39902 0.67427
0 0.4658 0.67012 0.4658 0.77801 0.51792 0.77801 0.51792 0.67012
0 0.58143 0.66805 0.58143 0.77593 0.63192 0.77593 0.63192 0.66805
1 0.57492 0.861 0.57492 0.9917 0.63355 0.9917 0.63355 0.861
