0 0.51502 0.26496 0.51502 0.33974 0.57508 0.33974 0.57508 0.26496
0 0.83634 0.25427 0.83634 0.32906 0.87988 0.32906 0.87988 0.25427
0 0.20871 0.26709 0.20871 0.33761 0.25375 0.33761 0.25375 0.26709
0 0.2042 0.41026 0.2042 0.50641 0.25676 0.50641 0.25676 0.41026
0 0.027027 0.41453 0.027027 0.50641 0.075075 0.50641 0.075075 0.41453
0 0.025526 0.57479 0.025526 0.66667 0.073574 0.66667 0.073574 0.57479
0 0.2042 0.57479 0.2042 0.6688 0.25526 0.6688 0.25526 0.57479
0 0.021021 0.73291 0.021021 0.82692 0.069069 0.82692 0.069069 0.73291
0 0.2042 0.73718 0.2042 0.83547 0.25526 0.83547 0.25526 0.73718
0 0.50901 0.40598 0.50901 0.50427 0.56156 0.50427 0.56156 0.40598
0 0.51051 0.57479 0.51051 0.67094 0.56306 0.67094 0.56306 0.57479
0 0.51201 0.74573 0.51201 0.84188 0.56306 0.84188 0.56306 0.74573
0 0.83934 0.40385 0.83934 0.49786 0.89339 0.49786 0.89339 0.40385
0 0.84384 0.57265 0.84384 0.67094 0.8994 0.67094 0.8994 0.57265
0 0.84685 0.73932 0.84685 0.83547 0.9039 0.83547 0.9039 0.73932
0 0.2958 0.57692 0.2958 0.62821 0.31532 0.62821 0.31532 0.57692
0 0.2958 0.74359 0.2958 0.78846 0.31532 0.78846 0.31532 0.74359
0 0.2958 0.41453 0.2958 0.46154 0.31682 0.46154 0.31682 0.41453
0 0.2958 0.26709 0.2958 0.31197 0.31532 0.31197 0.31532 0.26709
0 0.13964 0.73932 0.13964 0.78846 0.15465 0.78846 0.15465 0.73932
0 0.13964 0.57479 0.13964 0.62607 0.15465 0.62607 0.15465 0.57479
0 0.14264 0.41667 0.14264 0.46581 0.15766 0.46581 0.15766 0.41667
0 0.14414 0.2735 0.14414 0.3141 0.15916 0.3141 0.15916 0.2735
0 0.35135 0.22863 0.35135 0.26496 0.37087 0.26496 0.37087 0.22863
0 0.37838 0.2265 0.37838 0.26496 0.3979 0.26496 0.3979 0.2265
0 0.4039 0.2265 0.4039 0.26709 0.42342 0.26709 0.42342 0.2265
0 0.26877 0.11538 0.26877 0.17094 0.31081 0.17094 0.31081 0.11538
0 0.67417 0.10043 0.67417 0.15598 0.71471 0.15598 0.71471 0.10043
0 0.64865 0.26068 0.64865 0.30128 0.66817 0.30128 0.66817 0.26068
0 0.67568 0.26068 0.67568 0.30128 0.69369 0.30128 0.69369 0.26068
0 0.7027 0.26068 0.7027 0.30128 0.72072 0.30128 0.72072 0.26068
0 0.77327 0.25855 0.77327 0.29915 0.79279 0.29915 0.79279 0.25855
0 0.77778 0.40598 0.77778 0.4594 0.7988 0.4594 0.7988 0.40598
0 0.78529 0.57692 0.78529 0.62393 0.8033 0.62393 0.8033 0.57692
0 0.78829 0.74786 0.78829 0.79487 0.80631 0.79487 0.80631 0.74786
0 0.35135 0.41239 0.35135 0.43376 0.37087 0.43376 0.37087 0.41239
0 0.37838 0.41239 0.37838 0.43376 0.3994 0.43376 0.3994 0.41239
0 0.4039 0.41239 0.4039 0.43376 0.42492 0.43376 0.42492 0.41239
0 0.35285 0.48504 0.35285 0.56838 0.37387 0.56838 0.37387 0.48504
0 0.37838 0.48504 0.37838 0.56624 0.3994 0.56624 0.3994 0.48504
0 0.4039 0.48291 0.4039 0.56624 0.42643 0.56624 0.42643 0.48291
0 0.35285 0.65171 0.35285 0.73504 0.37387 0.73504 0.37387 0.65171
0 0.37838 0.65171 0.37838 0.73291 0.3994 0.73291 0.3994 0.65171
0 0.4039 0.65171 0.4039 0.73504 0.42643 0.73504 0.42643 0.65171
0 0.65315 0.48504 0.65315 0.56624 0.67417 0.56624 0.67417 0.48504
0 0.68018 0.48504 0.68018 0.56624 0.7012 0.56624 0.7012 0.48504
0 0.70571 0.48291 0.70571 0.5641 0.72823 0.5641 0.72823 0.48291
0 0.65916 0.65171 0.65916 0.73504 0.67868 0.73504 0.67868 0.65171
0 0.68468 0.65171 0.68468 0.73291 0.7042 0.73291 0.7042 0.65171
0 0.71021 0.65171 0.71021 0.73504 0.73123 0.73504 0.73123 0.65171
0 0.35435 0.81624 0.35435 0.85256 0.37087 0.85256 0.37087 0.81624
1 0.39189 0.80128 0.39189 0.91667 0.43994 0.91667 0.43994 0.80128
1 0.71171 0.79274 0.71171 0.90812 0.75976 0.90812 0.75976 0.79274
