0 0.11914 0.24278 0.11914 0.34635 0.16406 0.34635 0.16406 0.24278
0 0.22363 0.24448 0.22363 0.34805 0.26855 0.34805 0.26855 0.24448
0 0.33301 0.24109 0.33301 0.34465 0.37793 0.34465 0.37793 0.24109
0 0.44824 0.24278 0.44824 0.34635 0.49316 0.34635 0.49316 0.24278
0 0.49609 0.24278 0.49609 0.34635 0.54004 0.34635 0.54004 0.24278
0 0.60938 0.24109 0.60938 0.34465 0.65332 0.34465 0.65332 0.24109
0 0.72266 0.24109 0.72266 0.34465 0.76758 0.34465 0.76758 0.24109
0 0.83301 0.24109 0.83301 0.34465 0.87695 0.34465 0.87695 0.24109
0 0.12012 0.49066 0.12012 0.6163 0.16309 0.6163 0.16309 0.49066
0 0.22363 0.49236 0.22363 0.6163 0.2666 0.6163 0.2666 0.49236
0 0.33398 0.49236 0.33398 0.618 0.37695 0.618 0.37695 0.49236
0 0.49512 0.49406 0.49512 0.60781 0.53711 0.60781 0.53711 0.49406
0 0.44824 0.49406 0.44824 0.60781 0.4873 0.60781 0.4873 0.49406
0 0.61133 0.49406 0.61133 0.61969 0.6543 0.61969 0.6543 0.49406
0 0.72461 0.49406 0.72461 0.618 0.76855 0.618 0.76855 0.49406
0 0.83398 0.49576 0.83398 0.62139 0.87695 0.62139 0.87695 0.49576
0 0.12109 0.75042 0.12109 0.86248 0.16406 0.86248 0.16406 0.75042
0 0.22461 0.75212 0.22461 0.86248 0.26855 0.86248 0.26855 0.75212
0 0.33301 0.75552 0.33301 0.86418 0.37695 0.86418 0.37695 0.75552
0 0.60938 0.76231 0.60938 0.86927 0.65234 0.86927 0.65234 0.76231
0 0.72168 0.7657 0.72168 0.87267 0.76465 0.87267 0.76465 0.7657
0 0.83105 0.76401 0.83105 0.87606 0.875 0.87606 0.875 0.76401
1 0.44824 0.71138 0.44824 0.93888 0.53418 0.93888 0.53418 0.71138
