0 0.10256 0.1798 0.10256 0.26355 0.12991 0.26355 0.12991 0.1798
0 0.13504 0.18227 0.13504 0.26355 0.16239 0.26355 0.16239 0.18227
0 0.31453 0.19458 0.31453 0.27833 0.34359 0.27833 0.34359 0.19458
0 0.34701 0.19458 0.34701 0.27833 0.37607 0.27833 0.37607 0.19458
0 0.48547 0.20936 0.48547 0.27586 0.50769 0.27586 0.50769 0.20936
0 0.51624 0.20936 0.51624 0.27586 0.54017 0.27586 0.54017 0.20936
0 0.67521 0.18966 0.67521 0.26601 0.70598 0.26601 0.70598 0.18966
0 0.71111 0.19212 0.71111 0.26847 0.74188 0.26847 0.74188 0.19212
0 0.51453 0.36453 0.51453 0.46552 0.5453 0.46552 0.5453 0.36453
0 0.47692 0.36453 0.47692 0.46552 0.50769 0.46552 0.50769 0.36453
0 0.47692 0.5468 0.47692 0.65025 0.50769 0.65025 0.50769 0.5468
0 0.51453 0.5468 0.51453 0.65271 0.54359 0.65271 0.54359 0.5468
0 0.88718 0.26108 0.88718 0.32759 0.92308 0.32759 0.92308 0.26108
0 0.68205 0.35714 0.68205 0.46552 0.73504 0.46552 0.73504 0.35714
0 0.68376 0.53695 0.68376 0.64532 0.73675 0.64532 0.73675 0.53695
0 0.67863 0.72414 0.67863 0.84236 0.73675 0.84236 0.73675 0.72414
0 0.3453 0.36207 0.3453 0.46798 0.37778 0.46798 0.37778 0.36207
0 0.3094 0.35961 0.3094 0.46552 0.34017 0.46552 0.34017 0.35961
0 0.3453 0.53941 0.3453 0.65025 0.37607 0.65025 0.37607 0.53941
0 0.30769 0.53941 0.30769 0.65025 0.34017 0.65025 0.34017 0.53941
0 0.10256 0.34975 0.10256 0.46059 0.15726 0.46059 0.15726 0.34975
0 0.10085 0.52709 0.10085 0.64286 0.15556 0.64286 0.15556 0.52709
0 0.099145 0.71429 0.099145 0.83251 0.15726 0.83251 0.15726 0.71429
0 0.86325 0.367 0.86325 0.46059 0.93333 0.46059 0.93333 0.367
0 0.86667 0.5468 0.86667 0.64039 0.93675 0.64039 0.93675 0.5468
0 0.86496 0.7266 0.86496 0.82512 0.93675 0.82512 0.93675 0.7266
0 0.69915 0.10591 0.69915 0.15517 0.71624 0.15517 0.71624 0.10591
0 0.12991 0.096059 0.12991 0.14286 0.14017 0.14286 0.14017 0.096059
0 0.40513 0.16502 0.40513 0.18473 0.42393 0.18473 0.42393 0.16502
0 0.38974 0.16995 0.38974 0.1798 0.40171 0.1798 0.40171 0.16995
0 0.56581 0.16995 0.56581 0.19212 0.5812 0.19212 0.5812 0.16995
0 0.55726 0.17488 0.55726 0.18966 0.5641 0.18966 0.5641 0.17488
1 0.28718 0.72906 0.28718 0.91626 0.33162 0.91626 0.33162 0.72906
1 0.44274 0.73399 0.44274 0.92118 0.48889 0.92118 0.48889 0.73399
0 0.11453 0.027094 0.11453 0.044335 0.1453 0.044335 0.1453 0.027094
