1 0.12012 0.67563 0.12012 0.97491 0.16895 0.97491 0.16895 0.67563
1 0.19141 0.67563 0.19141 0.97491 0.24023 0.97491 0.24023 0.67563
0 0.88379 0.67742 0.88379 0.87276 0.93848 0.87276 0.93848 0.67742
0 0.74902 0.67742 0.74902 0.87276 0.80469 0.87276 0.80469 0.67742
0 0.61426 0.67563 0.61426 0.86918 0.67188 0.86918 0.67188 0.67563
0 0.48047 0.67563 0.48047 0.87276 0.53516 0.87276 0.53516 0.67563
0 0.33691 0.67204 0.33691 0.87455 0.41211 0.87455 0.41211 0.67204
0 0.87988 0.25448 0.87988 0.46057 0.9375 0.46057 0.9375 0.25448
0 0.74609 0.25986 0.74609 0.45878 0.80176 0.45878 0.80176 0.25986
0 0.61328 0.25806 0.61328 0.45878 0.66797 0.45878 0.66797 0.25806
0 0.47754 0.25986 0.47754 0.45878 0.53223 0.45878 0.53223 0.25986
0 0.3418 0.25448 0.3418 0.45878 0.39648 0.45878 0.39648 0.25448
0 0.18848 0.24373 0.18848 0.45161 0.2373 0.45161 0.2373 0.24373
0 0.11621 0.24194 0.11621 0.45161 0.16699 0.45161 0.16699 0.24194
