0 0.58696 0.072266 0.58696 0.14844 0.76957 0.14844 0.76957 0.072266
0 0.23913 0.072266 0.23913 0.14844 0.42391 0.14844 0.42391 0.072266
0 0.2413 0.22852 0.2413 0.3125 0.42391 0.3125 0.42391 0.22852
0 0.58913 0.22754 0.58913 0.31152 0.77174 0.31152 0.77174 0.22754
0 0.60435 0.39844 0.60435 0.4834 0.76522 0.4834 0.76522 0.39844
0 0.25217 0.39941 0.25217 0.48438 0.41087 0.48438 0.41087 0.39941
0 0.25652 0.57031 0.25652 0.6543 0.41522 0.6543 0.41522 0.57031
0 0.6 0.56738 0.6 0.65234 0.76087 0.65234 0.76087 0.56738
0 0.058696 0.75 0.058696 0.82031 0.28478 0.82031 0.28478 0.75
0 0.72174 0.75098 0.72174 0.81445 0.9413 0.81445 0.9413 0.75098
0 0.32174 0.75 0.32174 0.81934 0.68478 0.81934 0.68478 0.75
0 0.047826 0.71973 0.047826 0.74512 0.29348 0.74512 0.29348 0.71973
0 0.71522 0.71582 0.71522 0.74121 0.96087 0.74121 0.96087 0.71582
0 0.31522 0.71875 0.31522 0.74316 0.6913 0.74316 0.6913 0.71875
1 0.045652 0.88965 0.045652 0.99805 0.28043 0.99805 0.28043 0.88965
