0 0.073529 0.16602 0.073529 0.25195 0.14037 0.25195 0.14037 0.16602
0 0.23128 0.16699 0.23128 0.25293 0.29545 0.25293 0.29545 0.16699
0 0.38904 0.16699 0.38904 0.25391 0.45455 0.25391 0.45455 0.16699
0 0.54545 0.16699 0.54545 0.25195 0.6123 0.25195 0.6123 0.16699
0 0.70187 0.16797 0.70187 0.25293 0.76738 0.25293 0.76738 0.16797
0 0.85695 0.16797 0.85695 0.25293 0.9238 0.25293 0.9238 0.16797
0 0.073529 0.33203 0.073529 0.41992 0.14037 0.41992 0.14037 0.33203
0 0.23128 0.33203 0.23128 0.42188 0.29813 0.42188 0.29813 0.33203
0 0.38904 0.33301 0.38904 0.4209 0.45588 0.4209 0.45588 0.33301
0 0.54545 0.33301 0.54545 0.4209 0.61364 0.4209 0.61364 0.33301
0 0.70321 0.33203 0.70321 0.42188 0.76872 0.42188 0.76872 0.33203
0 0.85829 0.33203 0.85829 0.4209 0.92513 0.4209 0.92513 0.33203
0 0.073529 0.50586 0.073529 0.60059 0.14171 0.60059 0.14171 0.50586
0 0.23128 0.50684 0.23128 0.60059 0.29947 0.60059 0.29947 0.50684
0 0.3877 0.50684 0.3877 0.60059 0.45722 0.60059 0.45722 0.50684
0 0.54412 0.50684 0.54412 0.60156 0.61497 0.60156 0.61497 0.50684
0 0.70187 0.50781 0.70187 0.60254 0.77005 0.60254 0.77005 0.50781
0 0.85829 0.50684 0.85829 0.60059 0.92914 0.60059 0.92914 0.50684
0 0.074866 0.68945 0.074866 0.77344 0.14171 0.77344 0.14171 0.68945
0 0.23262 0.68945 0.23262 0.77441 0.29947 0.77441 0.29947 0.68945
0 0.39037 0.69043 0.39037 0.77441 0.45722 0.77441 0.45722 0.69043
0 0.54813 0.68945 0.54813 0.77344 0.61364 0.77344 0.61364 0.68945
0 0.70455 0.68945 0.70455 0.77344 0.77139 0.77344 0.77139 0.68945
0 0.8623 0.68848 0.8623 0.77441 0.92914 0.77441 0.92914 0.68848
0 0.093583 0.084961 0.093583 0.10645 0.11898 0.10645 0.11898 0.084961
0 0.25134 0.085938 0.25134 0.10742 0.27674 0.10742 0.27674 0.085938
0 0.40909 0.085938 0.40909 0.10742 0.43449 0.10742 0.43449 0.085938
0 0.56551 0.086914 0.56551 0.1084 0.59091 0.1084 0.59091 0.086914
0 0.87968 0.085938 0.87968 0.10742 0.90508 0.10742 0.90508 0.085938
0 0.72193 0.086914 0.72193 0.1084 0.74733 0.1084 0.74733 0.086914
