1 0.36979 0.88574 0.36979 0.98145 0.44141 0.98145 0.44141 0.88574
0 0.43229 0.63379 0.43229 0.71191 0.52083 0.71191 0.52083 0.63379
0 0.43229 0.4873 0.43229 0.56348 0.52214 0.56348 0.52214 0.4873
0 0.22005 0.48828 0.22005 0.56445 0.3099 0.56445 0.3099 0.48828
0 0.21875 0.63477 0.21875 0.71387 0.30859 0.71387 0.30859 0.63477
0 0.21875 0.78027 0.21875 0.86035 0.30339 0.86035 0.30339 0.78027
0 0.3776 0.7793 0.3776 0.86035 0.4401 0.86035 0.4401 0.7793
0 0.51432 0.7793 0.51432 0.86035 0.57422 0.86035 0.57422 0.7793
0 0.64844 0.77832 0.64844 0.86035 0.73568 0.86035 0.73568 0.77832
0 0.64714 0.63184 0.64714 0.71191 0.73568 0.71191 0.73568 0.63184
0 0.64714 0.48535 0.64714 0.56152 0.73828 0.56152 0.73828 0.48535
0 0.64844 0.3418 0.64844 0.41797 0.73828 0.41797 0.73828 0.3418
0 0.70312 0.19531 0.70312 0.27051 0.74089 0.27051 0.74089 0.19531
0 0.64974 0.19531 0.64974 0.27148 0.6862 0.27148 0.6862 0.19531
0 0.43229 0.34277 0.43229 0.41895 0.52214 0.41895 0.52214 0.34277
0 0.48438 0.19727 0.48438 0.27344 0.52214 0.27344 0.52214 0.19727
0 0.43229 0.19727 0.43229 0.27344 0.46745 0.27344 0.46745 0.19727
0 0.22005 0.34375 0.22005 0.41895 0.3099 0.41895 0.3099 0.34375
0 0.27474 0.19824 0.27474 0.27441 0.3099 0.27441 0.3099 0.19824
0 0.22135 0.19824 0.22135 0.27441 0.25651 0.27441 0.25651 0.19824
0 0.0026042 0.21191 0.0026042 0.29004 0.057292 0.29004 0.057292 0.21191
0 0.89583 0.15137 0.89583 0.22754 0.98568 0.22754 0.98568 0.15137
1 0.50651 0.90332 0.50651 0.98633 0.58073 0.98633 0.58073 0.90332
1 0.21615 0.90527 0.21615 0.98633 0.30729 0.98633 0.30729 0.90527
1 0.64453 0.90332 0.64453 0.98535 0.74089 0.98535 0.74089 0.90332
0 0.89323 0.29492 0.89323 0.38184 0.98177 0.38184 0.98177 0.29492
