0 0.17188 0.1315 0.17188 0.20467 0.21191 0.20467 0.21191 0.1315
0 0.16895 0.30435 0.16895 0.38176 0.21094 0.38176 0.21094 0.30435
0 0.16602 0.47614 0.16602 0.56522 0.21094 0.56522 0.21094 0.47614
0 0.16699 0.65854 0.16699 0.73701 0.21191 0.73701 0.21191 0.65854
0 0.16699 0.82503 0.16699 0.91198 0.20996 0.91198 0.20996 0.82503
0 0.040039 0.1315 0.040039 0.20361 0.081055 0.20361 0.081055 0.1315
0 0.041992 0.29905 0.041992 0.386 0.084961 0.386 0.084961 0.29905
0 0.037109 0.47508 0.037109 0.56734 0.083008 0.56734 0.083008 0.47508
0 0.040039 0.64687 0.040039 0.73913 0.083008 0.73913 0.083008 0.64687
0 0.90625 0.28844 0.90625 0.37646 0.95312 0.37646 0.95312 0.28844
0 0.9082 0.46872 0.9082 0.55461 0.95508 0.55461 0.95508 0.46872
0 0.91016 0.65429 0.91016 0.73383 0.95312 0.73383 0.95312 0.65429
0 0.28711 0.13043 0.28711 0.20467 0.32812 0.20467 0.32812 0.13043
0 0.37793 0.13043 0.37793 0.20467 0.41797 0.20467 0.41797 0.13043
0 0.46777 0.12937 0.46777 0.20361 0.50781 0.20361 0.50781 0.12937
0 0.55664 0.1315 0.55664 0.20573 0.59766 0.20573 0.59766 0.1315
0 0.64648 0.13043 0.64648 0.20467 0.68652 0.20467 0.68652 0.13043
0 0.28613 0.30329 0.28613 0.38176 0.32812 0.38176 0.32812 0.30329
0 0.37598 0.30435 0.37598 0.38282 0.41797 0.38282 0.41797 0.30435
0 0.46582 0.30435 0.46582 0.38282 0.50781 0.38282 0.50781 0.30435
0 0.55762 0.30435 0.55762 0.38282 0.59961 0.38282 0.59961 0.30435
0 0.64746 0.30435 0.64746 0.38282 0.68945 0.38282 0.68945 0.30435
0 0.2832 0.4772 0.2832 0.56628 0.32812 0.56628 0.32812 0.4772
0 0.37402 0.47614 0.37402 0.56522 0.41895 0.56522 0.41895 0.47614
0 0.46387 0.47508 0.46387 0.56416 0.50879 0.56416 0.50879 0.47508
0 0.55469 0.47614 0.55469 0.56522 0.59961 0.56522 0.59961 0.47614
0 0.64551 0.47614 0.64551 0.56522 0.69043 0.56522 0.69043 0.47614
0 0.7627 0.47508 0.7627 0.56416 0.80762 0.56416 0.80762 0.47508
0 0.76562 0.30435 0.76562 0.38282 0.80664 0.38282 0.80664 0.30435
0 0.76562 0.13043 0.76562 0.20467 0.80566 0.20467 0.80566 0.13043
0 0.28516 0.65854 0.28516 0.73701 0.33008 0.73701 0.33008 0.65854
0 0.375 0.65748 0.375 0.73595 0.41992 0.73595 0.41992 0.65748
0 0.46582 0.65748 0.46582 0.73595 0.51074 0.73595 0.51074 0.65748
0 0.55664 0.66066 0.55664 0.73913 0.60156 0.73913 0.60156 0.66066
0 0.64648 0.6596 0.64648 0.73807 0.69141 0.73807 0.69141 0.6596
0 0.76367 0.6596 0.76367 0.73807 0.80859 0.73807 0.80859 0.6596
0 0.28809 0.82503 0.28809 0.91198 0.33008 0.91198 0.33008 0.82503
0 0.37793 0.82503 0.37793 0.91198 0.4209 0.91198 0.4209 0.82503
0 0.64844 0.82503 0.64844 0.91835 0.69141 0.91835 0.69141 0.82503
0 0.7666 0.82397 0.7666 0.92153 0.80957 0.92153 0.80957 0.82397
1 0.90527 0.82185 0.90527 0.98621 0.9668 0.98621 0.9668 0.82185
1 0.5 0.82291 0.5 0.97985 0.57129 0.97985 0.57129 0.82291
0 0.90625 0.10817 0.90625 0.19088 0.95312 0.19088 0.95312 0.10817
