0 0.10449 0.22183 0.10449 0.27641 0.125 0.27641 0.125 0.22183
0 0.17871 0.22007 0.17871 0.27641 0.19922 0.27641 0.19922 0.22007
0 0.25293 0.22183 0.25293 0.27641 0.27344 0.27641 0.27344 0.22183
0 0.46387 0.21831 0.46387 0.27465 0.48438 0.27465 0.48438 0.21831
0 0.54102 0.21831 0.54102 0.27289 0.56152 0.27289 0.56152 0.21831
0 0.61719 0.21831 0.61719 0.27465 0.6377 0.27465 0.6377 0.21831
0 0.69531 0.21831 0.69531 0.27465 0.71582 0.27465 0.71582 0.21831
0 0.77246 0.21831 0.77246 0.27465 0.79199 0.27465 0.79199 0.21831
0 0.84863 0.21831 0.84863 0.27465 0.86914 0.27465 0.86914 0.21831
0 0.92578 0.21831 0.92578 0.27465 0.94629 0.27465 0.94629 0.21831
0 0.10352 0.31866 0.10352 0.41021 0.12793 0.41021 0.12793 0.31866
0 0.17773 0.31866 0.17773 0.41021 0.20215 0.41021 0.20215 0.31866
0 0.25293 0.31866 0.25293 0.41021 0.27734 0.41021 0.27734 0.31866
0 0.46289 0.31866 0.46289 0.41021 0.4873 0.41021 0.4873 0.31866
0 0.54102 0.31866 0.54102 0.41021 0.56543 0.41021 0.56543 0.31866
0 0.61914 0.31866 0.61914 0.41021 0.64355 0.41021 0.64355 0.31866
0 0.69531 0.3169 0.69531 0.40845 0.71973 0.40845 0.71973 0.3169
0 0.77344 0.32042 0.77344 0.41197 0.79883 0.41197 0.79883 0.32042
0 0.85059 0.3169 0.85059 0.40845 0.875 0.40845 0.875 0.3169
0 0.3457 0.33099 0.3457 0.41021 0.375 0.41021 0.375 0.33099
0 0.34668 0.44894 0.34668 0.52817 0.37695 0.52817 0.37695 0.44894
0 0.34473 0.21127 0.34473 0.29225 0.37598 0.29225 0.37598 0.21127
0 0.10547 0.45775 0.10547 0.51408 0.12598 0.51408 0.12598 0.45775
0 0.17871 0.45775 0.17871 0.51408 0.19922 0.51408 0.19922 0.45775
0 0.25293 0.45775 0.25293 0.51585 0.27441 0.51585 0.27441 0.45775
0 0.54199 0.46127 0.54199 0.51761 0.5625 0.51761 0.5625 0.46127
0 0.61914 0.46127 0.61914 0.51761 0.63965 0.51761 0.63965 0.46127
0 0.69629 0.46127 0.69629 0.51761 0.7168 0.51761 0.7168 0.46127
0 0.77344 0.46127 0.77344 0.51761 0.79395 0.51761 0.79395 0.46127
0 0.84961 0.46127 0.84961 0.51761 0.87109 0.51761 0.87109 0.46127
0 0.46484 0.46127 0.46484 0.51761 0.48633 0.51761 0.48633 0.46127
0 0.62695 0.075704 0.62695 0.14789 0.63672 0.14789 0.63672 0.075704
0 0.48535 0.079225 0.48535 0.14965 0.49902 0.14965 0.49902 0.079225
0 0.76562 0.075704 0.76562 0.14965 0.77539 0.14965 0.77539 0.075704
