0 0.57222 0.10252 0.57222 0.13613 0.60556 0.13613 0.60556 0.10252
0 0.52963 0.19664 0.52963 0.25546 0.56667 0.25546 0.56667 0.19664
0 0.40741 0.36639 0.40741 0.47731 0.48333 0.47731 0.48333 0.36639
0 0.61111 0.36807 0.61111 0.47731 0.68704 0.47731 0.68704 0.36807
0 0.4037 0.56303 0.4037 0.68067 0.48148 0.68067 0.48148 0.56303
0 0.60741 0.56471 0.60741 0.68235 0.68519 0.68235 0.68519 0.56471
0 0.40185 0.77647 0.40185 0.90252 0.48333 0.90252 0.48333 0.77647
0 0.60741 0.77647 0.60741 0.90252 0.68704 0.90252 0.68704 0.77647
0 0.85185 0.68739 0.85185 0.79496 0.92407 0.79496 0.92407 0.68739
0 0.8537 0.5042 0.8537 0.60336 0.92037 0.60336 0.92037 0.5042
0 0.85556 0.38655 0.85556 0.43866 0.91852 0.43866 0.91852 0.38655
0 0.17593 0.39832 0.17593 0.53109 0.24259 0.53109 0.24259 0.39832
0 0.17593 0.58655 0.17593 0.73445 0.24815 0.73445 0.24815 0.58655
0 0.17037 0.77647 0.17037 0.93613 0.24259 0.93613 0.24259 0.77647
1 0.84815 0.86555 0.84815 0.99664 0.93519 0.99664 0.93519 0.86555
