0 0.84535 0.80469 0.84535 0.9082 0.92059 0.9082 0.92059 0.80469
0 0.721 0.80664 0.721 0.91211 0.79624 0.91211 0.79624 0.80664
0 0.083595 0.81543 0.083595 0.92578 0.15883 0.92578 0.15883 0.81543
0 0.84639 0.53613 0.84639 0.64258 0.9185 0.64258 0.9185 0.53613
0 0.72414 0.53711 0.72414 0.64453 0.79415 0.64453 0.79415 0.53711
0 0.55695 0.53418 0.55695 0.6416 0.63532 0.6416 0.63532 0.53418
0 0.38245 0.53906 0.38245 0.64648 0.45455 0.64648 0.45455 0.53906
0 0.20585 0.53711 0.20585 0.64844 0.29049 0.64844 0.29049 0.53711
0 0.083595 0.54102 0.083595 0.64844 0.15674 0.64844 0.15674 0.54102
0 0.85057 0.33203 0.85057 0.40918 0.91641 0.40918 0.91641 0.33203
0 0.72832 0.3291 0.72832 0.40918 0.79206 0.40918 0.79206 0.3291
0 0.55904 0.32715 0.55904 0.41211 0.63009 0.41211 0.63009 0.32715
0 0.38662 0.33105 0.38662 0.41113 0.45246 0.41113 0.45246 0.33105
0 0.20585 0.32715 0.20585 0.41113 0.28631 0.41113 0.28631 0.32715
0 0.083595 0.33105 0.083595 0.41113 0.15361 0.41113 0.15361 0.33105
1 0.37409 0.80762 0.37409 0.97852 0.46499 0.97852 0.46499 0.80762
1 0.55172 0.80762 0.55172 0.97949 0.6395 0.97949 0.6395 0.80762
0 0.15883 0.16504 0.15883 0.21484 0.19436 0.21484 0.19436 0.16504
0 0.814 0.16016 0.814 0.20898 0.84953 0.20898 0.84953 0.16016
0 0.46708 0.14746 0.46708 0.22559 0.52456 0.22559 0.52456 0.14746
0 0.9185 0.049805 0.9185 0.13281 0.95925 0.13281 0.95925 0.049805
