0 0.10156 0.12951 0.10156 0.26645 0.16406 0.26645 0.16406 0.12951
0 0.24805 0.13057 0.24805 0.26752 0.31152 0.26752 0.31152 0.13057
0 0.39258 0.12739 0.39258 0.26433 0.45508 0.26433 0.45508 0.12739
0 0.54199 0.12739 0.54199 0.26433 0.60449 0.26433 0.60449 0.12739
0 0.10645 0.32803 0.10645 0.4724 0.16602 0.4724 0.16602 0.32803
0 0.25391 0.32803 0.25391 0.4724 0.31348 0.4724 0.31348 0.32803
0 0.39648 0.32696 0.39648 0.47134 0.45605 0.47134 0.45605 0.32696
0 0.54688 0.32484 0.54688 0.46921 0.60645 0.46921 0.60645 0.32484
0 0.87207 0.12314 0.87207 0.25584 0.9375 0.25584 0.9375 0.12314
0 0.72754 0.1242 0.72754 0.25584 0.78809 0.25584 0.78809 0.1242
0 0.73535 0.3259 0.73535 0.47028 0.79395 0.47028 0.79395 0.3259
0 0.87695 0.31953 0.87695 0.46285 0.94043 0.46285 0.94043 0.31953
0 0.10449 0.54777 0.10449 0.7017 0.16699 0.7017 0.16699 0.54777
0 0.25 0.54777 0.25 0.70276 0.3125 0.70276 0.3125 0.54777
0 0.39844 0.54671 0.39844 0.7017 0.46094 0.7017 0.46094 0.54671
0 0.54688 0.54777 0.54688 0.70276 0.60938 0.70276 0.60938 0.54777
0 0.73828 0.54459 0.73828 0.69958 0.80078 0.69958 0.80078 0.54459
1 0.51465 0.83546 0.51465 0.99575 0.57129 0.99575 0.57129 0.83546
