0 0.18066 0.13453 0.18066 0.32287 0.25391 0.32287 0.25391 0.13453
0 0.30762 0.13453 0.30762 0.32287 0.38086 0.32287 0.38086 0.13453
0 0.43457 0.13154 0.43457 0.31988 0.50781 0.31988 0.50781 0.13154
0 0.58789 0.12706 0.58789 0.31689 0.66309 0.31689 0.66309 0.12706
0 0.77734 0.12556 0.77734 0.3139 0.85254 0.3139 0.85254 0.12556
0 0.18457 0.51868 0.18457 0.68311 0.25586 0.68311 0.25586 0.51868
0 0.30859 0.5157 0.30859 0.6861 0.38086 0.6861 0.38086 0.5157
0 0.43555 0.51719 0.43555 0.68759 0.50781 0.68759 0.50781 0.51719
0 0.58887 0.5142 0.58887 0.6846 0.66016 0.6846 0.66016 0.5142
0 0.77734 0.50972 0.77734 0.68012 0.84961 0.68012 0.84961 0.50972
