0 0.17578 0.75586 0.17578 0.90625 0.2526 0.90625 0.2526 0.75586
1 0.46745 0.74609 0.46745 0.9375 0.5612 0.9375 0.5612 0.74609
0 0.32943 0.75684 0.32943 0.9043 0.39844 0.9043 0.39844 0.75684
0 0.625 0.75195 0.625 0.90723 0.69922 0.90723 0.69922 0.75195
0 0.77083 0.75098 0.77083 0.90625 0.84505 0.90625 0.84505 0.75098
0 0.77214 0.54688 0.77214 0.6582 0.83984 0.6582 0.83984 0.54688
0 0.77083 0.35254 0.77083 0.45703 0.83854 0.45703 0.83854 0.35254
0 0.6263 0.5459 0.6263 0.6582 0.69401 0.6582 0.69401 0.5459
0 0.47917 0.54492 0.47917 0.65723 0.54688 0.65723 0.54688 0.54492
0 0.6237 0.35254 0.6237 0.45703 0.69141 0.45703 0.69141 0.35254
0 0.47656 0.34961 0.47656 0.4541 0.54427 0.4541 0.54427 0.34961
0 0.32812 0.54492 0.32812 0.6582 0.39714 0.6582 0.39714 0.54492
0 0.17708 0.54395 0.17708 0.6582 0.2474 0.6582 0.2474 0.54395
0 0.32552 0.34863 0.32552 0.4541 0.39453 0.4541 0.39453 0.34863
0 0.17318 0.3457 0.17318 0.4541 0.24479 0.4541 0.24479 0.3457
0 0.028646 0.35156 0.028646 0.45703 0.097656 0.45703 0.097656 0.35156
0 0.070312 0.24414 0.070312 0.26367 0.083333 0.26367 0.083333 0.24414
0 0.032552 0.24316 0.032552 0.2627 0.044271 0.2627 0.044271 0.24316
0 0.18229 0.24121 0.18229 0.26172 0.19531 0.26172 0.19531 0.24121
0 0.22135 0.24121 0.22135 0.26074 0.23307 0.26074 0.23307 0.24121
0 0.33333 0.24316 0.33333 0.26367 0.34635 0.26367 0.34635 0.24316
0 0.37109 0.24512 0.37109 0.26465 0.38411 0.26465 0.38411 0.24512
0 0.48438 0.24609 0.48438 0.26562 0.4974 0.26562 0.4974 0.24609
0 0.52214 0.24707 0.52214 0.2666 0.53516 0.2666 0.53516 0.24707
0 0.63281 0.24805 0.63281 0.26855 0.64453 0.26855 0.64453 0.24805
0 0.66927 0.24805 0.66927 0.26758 0.68229 0.26758 0.68229 0.24805
0 0.77865 0.25098 0.77865 0.27051 0.79167 0.27051 0.79167 0.25098
0 0.8151 0.25098 0.8151 0.27051 0.82812 0.27051 0.82812 0.25098
0 0.91797 0.25586 0.91797 0.27539 0.93099 0.27539 0.93099 0.25586
0 0.95312 0.25684 0.95312 0.27637 0.96615 0.27637 0.96615 0.25684
0 0.63932 0.91699 0.63932 0.93652 0.6888 0.93652 0.6888 0.91699
0 0.78646 0.91602 0.78646 0.93555 0.83594 0.93555 0.83594 0.91602
0 0.33464 0.91895 0.33464 0.94434 0.39583 0.94434 0.39583 0.91895
0 0.1901 0.92285 0.1901 0.94531 0.24349 0.94531 0.24349 0.92285
0 0.90755 0.36133 0.90755 0.45996 0.97005 0.45996 0.97005 0.36133
