0 0.1063 0.083008 0.1063 0.1123 0.21063 0.1123 0.21063 0.083008
0 0.10433 0.12012 0.10433 0.14941 0.20669 0.14941 0.20669 0.12012
0 0.10433 0.15723 0.10433 0.18652 0.20669 0.18652 0.20669 0.15723
0 0.10039 0.19434 0.10039 0.22363 0.20472 0.22363 0.20472 0.19434
0 0.10039 0.23145 0.10039 0.26074 0.20472 0.26074 0.20472 0.23145
0 0.098425 0.26758 0.098425 0.29688 0.20276 0.29688 0.20276 0.26758
0 0.098425 0.30664 0.098425 0.33594 0.20079 0.33594 0.20079 0.30664
0 0.094488 0.3418 0.094488 0.37109 0.19882 0.37109 0.19882 0.3418
0 0.094488 0.37891 0.094488 0.4082 0.19882 0.4082 0.19882 0.37891
0 0.096457 0.41602 0.096457 0.44531 0.19882 0.44531 0.19882 0.41602
0 0.09252 0.45312 0.09252 0.48242 0.19488 0.48242 0.19488 0.45312
0 0.09252 0.49023 0.09252 0.51953 0.19488 0.51953 0.19488 0.49023
0 0.094488 0.52441 0.094488 0.55371 0.19685 0.55371 0.19685 0.52441
0 0.09252 0.56055 0.09252 0.58984 0.19488 0.58984 0.19488 0.56055
0 0.090551 0.5957 0.090551 0.625 0.19291 0.625 0.19291 0.5957
0 0.09252 0.63281 0.09252 0.66211 0.19488 0.66211 0.19488 0.63281
0 0.090551 0.66504 0.090551 0.69434 0.19291 0.69434 0.19291 0.66504
0 0.088583 0.70312 0.088583 0.73242 0.19094 0.73242 0.19094 0.70312
0 0.086614 0.73438 0.086614 0.76367 0.19094 0.76367 0.19094 0.73438
0 0.086614 0.77051 0.086614 0.7998 0.19094 0.7998 0.19094 0.77051
0 0.086614 0.80176 0.086614 0.83105 0.19094 0.83105 0.19094 0.80176
0 0.088583 0.83691 0.088583 0.86621 0.19291 0.86621 0.19291 0.83691
0 0.090551 0.87402 0.090551 0.90332 0.19291 0.90332 0.19291 0.87402
0 0.26575 0.082031 0.26575 0.11133 0.36811 0.11133 0.36811 0.082031
0 0.26378 0.11816 0.26378 0.14746 0.36614 0.14746 0.36614 0.11816
0 0.26181 0.15527 0.26181 0.18457 0.36417 0.18457 0.36417 0.15527
0 0.25984 0.19336 0.25984 0.22266 0.36417 0.22266 0.36417 0.19336
0 0.25984 0.23145 0.25984 0.26074 0.3622 0.26074 0.3622 0.23145
0 0.25787 0.26758 0.25787 0.29688 0.36024 0.29688 0.36024 0.26758
0 0.25787 0.30664 0.25787 0.33594 0.36024 0.33594 0.36024 0.30664
0 0.25591 0.3418 0.25591 0.37109 0.36024 0.37109 0.36024 0.3418
0 0.25394 0.38086 0.25394 0.41016 0.35827 0.41016 0.35827 0.38086
0 0.25394 0.41797 0.25394 0.44727 0.3563 0.44727 0.3563 0.41797
0 0.25197 0.45117 0.25197 0.48047 0.35433 0.48047 0.35433 0.45117
0 0.25 0.48828 0.25 0.51758 0.35236 0.51758 0.35236 0.48828
0 0.25197 0.52539 0.25197 0.55469 0.3563 0.55469 0.3563 0.52539
0 0.25 0.5625 0.25 0.5918 0.35236 0.5918 0.35236 0.5625
0 0.24803 0.59668 0.24803 0.62598 0.35236 0.62598 0.35236 0.59668
0 0.25 0.63281 0.25 0.66211 0.35236 0.66211 0.35236 0.63281
0 0.24803 0.66992 0.24803 0.69922 0.35039 0.69922 0.35039 0.66992
0 0.24606 0.70215 0.24606 0.73145 0.35039 0.73145 0.35039 0.70215
0 0.24606 0.73535 0.24606 0.76465 0.34843 0.76465 0.34843 0.73535
0 0.24606 0.77148 0.24606 0.80078 0.34843 0.80078 0.34843 0.77148
0 0.42717 0.082031 0.42717 0.11133 0.5315 0.11133 0.5315 0.082031
0 0.42717 0.11816 0.42717 0.14746 0.5315 0.14746 0.5315 0.11816
0 0.42717 0.15527 0.42717 0.18457 0.5315 0.18457 0.5315 0.15527
0 0.4252 0.19336 0.4252 0.22266 0.52756 0.22266 0.52756 0.19336
0 0.4252 0.23047 0.4252 0.25977 0.52756 0.25977 0.52756 0.23047
0 0.42126 0.26855 0.42126 0.29785 0.52362 0.29785 0.52362 0.26855
0 0.41929 0.30566 0.41929 0.33496 0.52165 0.33496 0.52165 0.30566
0 0.41732 0.34277 0.41732 0.37207 0.52165 0.37207 0.52165 0.34277
0 0.41535 0.37988 0.41535 0.40918 0.51969 0.40918 0.51969 0.37988
0 0.41535 0.41699 0.41535 0.44629 0.51772 0.44629 0.51772 0.41699
0 0.41339 0.4541 0.41339 0.4834 0.51772 0.4834 0.51772 0.4541
0 0.41339 0.49121 0.41339 0.52051 0.51575 0.52051 0.51575 0.49121
0 0.41142 0.52637 0.41142 0.55566 0.51575 0.55566 0.51575 0.52637
0 0.41142 0.56152 0.41142 0.59082 0.51575 0.59082 0.51575 0.56152
0 0.40945 0.59668 0.40945 0.62598 0.51181 0.62598 0.51181 0.59668
0 0.40945 0.63281 0.40945 0.66211 0.51181 0.66211 0.51181 0.63281
0 0.40551 0.66797 0.40551 0.69727 0.50984 0.69727 0.50984 0.66797
0 0.40157 0.7041 0.40157 0.7334 0.50591 0.7334 0.50591 0.7041
0 0.40354 0.7373 0.40354 0.7666 0.50591 0.7666 0.50591 0.7373
0 0.40157 0.76953 0.40157 0.79883 0.50591 0.79883 0.50591 0.76953
0 0.59055 0.081055 0.59055 0.11035 0.69488 0.11035 0.69488 0.081055
0 0.59055 0.11816 0.59055 0.14746 0.69291 0.14746 0.69291 0.11816
0 0.58858 0.15527 0.58858 0.18457 0.69291 0.18457 0.69291 0.15527
0 0.58661 0.19238 0.58661 0.22168 0.68898 0.22168 0.68898 0.19238
0 0.58465 0.22949 0.58465 0.25879 0.68701 0.25879 0.68701 0.22949
0 0.58465 0.26855 0.58465 0.29785 0.68701 0.29785 0.68701 0.26855
0 0.58268 0.30566 0.58268 0.33496 0.68504 0.33496 0.68504 0.30566
0 0.58071 0.34277 0.58071 0.37207 0.68307 0.37207 0.68307 0.34277
0 0.57874 0.37988 0.57874 0.40918 0.68307 0.40918 0.68307 0.37988
0 0.57677 0.41504 0.57677 0.44434 0.67913 0.44434 0.67913 0.41504
0 0.57677 0.45312 0.57677 0.48242 0.67913 0.48242 0.67913 0.45312
0 0.57283 0.49023 0.57283 0.51953 0.67717 0.51953 0.67717 0.49023
0 0.57283 0.52539 0.57283 0.55469 0.67717 0.55469 0.67717 0.52539
0 0.5689 0.56055 0.5689 0.58984 0.67323 0.58984 0.67323 0.56055
0 0.5689 0.59863 0.5689 0.62793 0.67126 0.62793 0.67126 0.59863
0 0.5689 0.63281 0.5689 0.66211 0.66732 0.66211 0.66732 0.63281
0 0.56496 0.66797 0.56496 0.69727 0.66142 0.69727 0.66142 0.66797
0 0.56299 0.70117 0.56299 0.73047 0.66142 0.73047 0.66142 0.70117
0 0.56102 0.73633 0.56102 0.76562 0.65945 0.76562 0.65945 0.73633
0 0.75394 0.083008 0.75394 0.1123 0.8563 0.1123 0.8563 0.083008
0 0.75197 0.11914 0.75197 0.14844 0.85433 0.14844 0.85433 0.11914
0 0.75197 0.15625 0.75197 0.18555 0.85433 0.18555 0.85433 0.15625
0 0.75 0.19238 0.75 0.22168 0.85236 0.22168 0.85236 0.19238
0 0.74803 0.23145 0.74803 0.26074 0.85039 0.26074 0.85039 0.23145
0 0.74803 0.26953 0.74803 0.29883 0.85039 0.29883 0.85039 0.26953
0 0.74409 0.30371 0.74409 0.33301 0.84646 0.33301 0.84646 0.30371
0 0.74409 0.34375 0.74409 0.37305 0.84646 0.37305 0.84646 0.34375
0 0.74213 0.37988 0.74213 0.40918 0.84449 0.40918 0.84449 0.37988
0 0.74016 0.41699 0.74016 0.44629 0.84252 0.44629 0.84252 0.41699
0 0.73622 0.45312 0.73622 0.48242 0.83858 0.48242 0.83858 0.45312
0 0.73622 0.48926 0.73622 0.51855 0.83858 0.51855 0.83858 0.48926
0 0.73228 0.52637 0.73228 0.55566 0.83465 0.55566 0.83465 0.52637
0 0.73228 0.56055 0.73228 0.58789 0.83465 0.58789 0.83465 0.56055
0 0.73228 0.59961 0.73228 0.62598 0.83465 0.62598 0.83465 0.59961
0 0.73031 0.63281 0.73031 0.66016 0.83268 0.66016 0.83268 0.63281
0 0.72047 0.66797 0.72047 0.69531 0.8248 0.69531 0.8248 0.66797
0 0.7185 0.7041 0.7185 0.73145 0.82087 0.73145 0.82087 0.7041
0 0.20079 0.5625 0.20079 0.58984 0.24606 0.58984 0.24606 0.5625
0 0.19882 0.59863 0.19882 0.62598 0.24409 0.62598 0.24409 0.59863
0 0.19882 0.63281 0.19882 0.65918 0.24606 0.65918 0.24606 0.63281
0 0.35827 0.5625 0.35827 0.58984 0.40354 0.58984 0.40354 0.5625
0 0.35827 0.59766 0.35827 0.625 0.40354 0.625 0.40354 0.59766
0 0.3563 0.63477 0.3563 0.66113 0.40157 0.66113 0.40157 0.63477
0 0.51772 0.56348 0.51772 0.58984 0.56299 0.58984 0.56299 0.56348
0 0.51772 0.59766 0.51772 0.625 0.56299 0.625 0.56299 0.59766
0 0.51575 0.63281 0.51575 0.66016 0.56102 0.66016 0.56102 0.63281
0 0.67717 0.5625 0.67717 0.58887 0.72244 0.58887 0.72244 0.5625
0 0.6752 0.59766 0.6752 0.625 0.72244 0.625 0.72244 0.59766
0 0.6752 0.63281 0.6752 0.66016 0.72047 0.66016 0.72047 0.63281
