0 0.19238 0.092723 0.19238 0.14319 0.26758 0.14319 0.26758 0.092723
0 0.19238 0.2277 0.19238 0.26995 0.26758 0.26995 0.26758 0.2277
0 0.19141 0.29108 0.19141 0.33568 0.26758 0.33568 0.26758 0.29108
0 0.19238 0.44131 0.19238 0.48592 0.26758 0.48592 0.26758 0.44131
0 0.19141 0.50352 0.19141 0.54812 0.26562 0.54812 0.26562 0.50352
0 0.19141 0.63146 0.19141 0.68075 0.2666 0.68075 0.2666 0.63146
0 0.18555 0.82394 0.18555 0.87676 0.26172 0.87676 0.26172 0.82394
0 0.33789 0.092723 0.33789 0.14085 0.41211 0.14085 0.41211 0.092723
0 0.33594 0.62911 0.33594 0.67958 0.41113 0.67958 0.41113 0.62911
0 0.33105 0.82394 0.33105 0.87441 0.40625 0.87441 0.40625 0.82394
0 0.48145 0.092723 0.48145 0.14202 0.5625 0.14202 0.5625 0.092723
0 0.48047 0.19953 0.48047 0.25 0.56152 0.25 0.56152 0.19953
0 0.48047 0.30751 0.48047 0.35681 0.56152 0.35681 0.56152 0.30751
0 0.48047 0.41432 0.48047 0.46362 0.56152 0.46362 0.56152 0.41432
0 0.48145 0.51995 0.48145 0.56925 0.56348 0.56925 0.56348 0.51995
0 0.48047 0.62793 0.48047 0.67723 0.56348 0.67723 0.56348 0.62793
0 0.47363 0.83216 0.47363 0.88263 0.55566 0.88263 0.55566 0.83216
0 0.63184 0.091549 0.63184 0.13967 0.71387 0.13967 0.71387 0.091549
0 0.63086 0.19836 0.63086 0.24765 0.71484 0.24765 0.71484 0.19836
0 0.63086 0.30751 0.63086 0.35681 0.71484 0.35681 0.71484 0.30751
0 0.63184 0.41432 0.63184 0.46362 0.71582 0.46362 0.71582 0.41432
0 0.63086 0.51878 0.63086 0.57042 0.71387 0.57042 0.71387 0.51878
0 0.63184 0.62559 0.63184 0.67723 0.71387 0.67723 0.71387 0.62559
0 0.62891 0.80634 0.62891 0.85211 0.71094 0.85211 0.71094 0.80634
0 0.62891 0.8662 0.62891 0.9108 0.71094 0.9108 0.71094 0.8662
0 0.78906 0.092723 0.78906 0.14085 0.86328 0.14085 0.86328 0.092723
0 0.78906 0.19718 0.78906 0.24531 0.86426 0.24531 0.86426 0.19718
0 0.78906 0.30634 0.78906 0.35446 0.86523 0.35446 0.86523 0.30634
0 0.78906 0.51761 0.78906 0.56455 0.86426 0.56455 0.86426 0.51761
0 0.78906 0.62676 0.78906 0.67606 0.86426 0.67606 0.86426 0.62676
0 0.78711 0.81808 0.78711 0.86854 0.86328 0.86854 0.86328 0.81808
0 0.33691 0.23944 0.33691 0.3169 0.41211 0.3169 0.41211 0.23944
0 0.33594 0.45423 0.33594 0.53052 0.41211 0.53052 0.41211 0.45423
1 0.81055 0.40493 0.81055 0.47183 0.9707 0.47183 0.9707 0.40493
1 0.90137 0.30164 0.90137 0.35681 0.97559 0.35681 0.97559 0.30164
0 0.92773 0.093897 0.92773 0.1385 0.97168 0.1385 0.97168 0.093897
