0 0.27539 0.37288 0.27539 0.42131 0.32129 0.42131 0.32129 0.37288
0 0.27637 0.55448 0.27637 0.60291 0.32227 0.60291 0.32227 0.55448
0 0.3623 0.55448 0.3623 0.60048 0.40723 0.60048 0.40723 0.55448
0 0.36328 0.37288 0.36328 0.42131 0.40918 0.42131 0.40918 0.37288
0 0.44824 0.37288 0.44824 0.41889 0.49414 0.41889 0.49414 0.37288
0 0.44922 0.55448 0.44922 0.60291 0.49512 0.60291 0.49512 0.55448
0 0.53613 0.55448 0.53613 0.60291 0.58203 0.60291 0.58203 0.55448
0 0.53613 0.36804 0.53613 0.41646 0.58105 0.41646 0.58105 0.36804
0 0.099609 0.070218 0.099609 0.11864 0.14551 0.11864 0.14551 0.070218
0 0.10059 0.86441 0.10059 0.91283 0.14648 0.91283 0.14648 0.86441
0 0.18555 0.053269 0.18555 0.13317 0.25488 0.13317 0.25488 0.053269
0 0.18652 0.8523 0.18652 0.92494 0.25586 0.92494 0.25586 0.8523
0 0.27148 0.053269 0.27148 0.12107 0.34375 0.12107 0.34375 0.053269
0 0.36035 0.048426 0.36035 0.11864 0.43164 0.11864 0.43164 0.048426
0 0.44629 0.043584 0.44629 0.1138 0.51855 0.1138 0.51855 0.043584
0 0.53223 0.050847 0.53223 0.12107 0.60352 0.12107 0.60352 0.050847
0 0.62109 0.046005 0.62109 0.11622 0.69336 0.11622 0.69336 0.046005
0 0.70703 0.043584 0.70703 0.1138 0.75684 0.1138 0.75684 0.043584
0 0.70801 0.85472 0.70801 0.92494 0.75684 0.92494 0.75684 0.85472
0 0.62109 0.84988 0.62109 0.92252 0.69238 0.92252 0.69238 0.84988
0 0.53223 0.8523 0.53223 0.92494 0.60449 0.92494 0.60449 0.8523
0 0.44824 0.8523 0.44824 0.92252 0.51953 0.92252 0.51953 0.8523
0 0.27246 0.84988 0.27246 0.92252 0.34375 0.92252 0.34375 0.84988
0 0.3584 0.84988 0.3584 0.92252 0.42969 0.92252 0.42969 0.84988
0 0.19141 0.24455 0.19141 0.28571 0.24316 0.28571 0.24316 0.24455
0 0.19043 0.30266 0.19043 0.35109 0.24219 0.35109 0.24219 0.30266
0 0.19043 0.37046 0.19043 0.41646 0.24316 0.41646 0.24316 0.37046
0 0.19238 0.55206 0.19238 0.59806 0.24121 0.59806 0.24121 0.55206
0 0.19238 0.49395 0.19238 0.53511 0.24316 0.53511 0.24316 0.49395
0 0.19336 0.44068 0.19336 0.48184 0.24316 0.48184 0.24316 0.44068
0 0.19238 0.62712 0.19238 0.66828 0.24316 0.66828 0.24316 0.62712
0 0.19238 0.68765 0.19238 0.74092 0.24316 0.74092 0.24316 0.68765
0 0.27637 0.23487 0.27637 0.28814 0.34375 0.28814 0.34375 0.23487
0 0.27637 0.68765 0.27637 0.74092 0.34375 0.74092 0.34375 0.68765
0 0.36328 0.23245 0.36328 0.28571 0.42969 0.28571 0.42969 0.23245
0 0.36328 0.68765 0.36328 0.74092 0.42969 0.74092 0.42969 0.68765
0 0.44922 0.23245 0.44922 0.28571 0.51562 0.28571 0.51562 0.23245
0 0.4502 0.68281 0.4502 0.73608 0.5166 0.73608 0.5166 0.68281
0 0.53516 0.23002 0.53516 0.28571 0.60156 0.28571 0.60156 0.23002
0 0.53711 0.68281 0.53711 0.73608 0.60449 0.73608 0.60449 0.68281
0 0.62305 0.23245 0.62305 0.28571 0.68945 0.28571 0.68945 0.23245
0 0.62305 0.68523 0.62305 0.7385 0.68945 0.7385 0.68945 0.68523
0 0.71387 0.68281 0.71387 0.73608 0.78027 0.73608 0.78027 0.68281
0 0.70996 0.23245 0.70996 0.28571 0.77637 0.28571 0.77637 0.23245
0 0.62305 0.55206 0.62305 0.59806 0.68164 0.59806 0.68164 0.55206
0 0.62305 0.36804 0.62305 0.41646 0.68164 0.41646 0.68164 0.36804
0 0.79883 0.053269 0.79883 0.099274 0.84863 0.099274 0.84863 0.053269
0 0.79883 0.85472 0.79883 0.91525 0.84863 0.91525 0.84863 0.85472
