0 0.20801 0.12649 0.20801 0.22321 0.29199 0.22321 0.29199 0.12649
0 0.33984 0.13095 0.33984 0.22768 0.42383 0.22768 0.42383 0.13095
0 0.20996 0.4494 0.20996 0.54762 0.29395 0.54762 0.29395 0.4494
0 0.34082 0.45387 0.34082 0.5506 0.4248 0.5506 0.4248 0.45387
0 0.33887 0.76786 0.33887 0.86905 0.4248 0.86905 0.4248 0.76786
0 0.20996 0.77232 0.20996 0.86756 0.29492 0.86756 0.29492 0.77232
0 0.46484 0.4494 0.46484 0.54464 0.5625 0.54464 0.5625 0.4494
0 0.46582 0.76637 0.46582 0.86161 0.56348 0.86161 0.56348 0.76637
0 0.46289 0.12946 0.46289 0.2247 0.56152 0.2247 0.56152 0.12946
0 0.59863 0.12798 0.59863 0.23065 0.70605 0.23065 0.70605 0.12798
0 0.59961 0.44643 0.59961 0.5506 0.70703 0.5506 0.70703 0.44643
0 0.60059 0.76339 0.60059 0.86756 0.70801 0.86756 0.70801 0.76339
0 0.75098 0.75893 0.75098 0.86458 0.86816 0.86458 0.86816 0.75893
0 0.74707 0.44643 0.74707 0.55208 0.86328 0.55208 0.86328 0.44643
0 0.75098 0.12649 0.75098 0.23214 0.86719 0.23214 0.86719 0.12649
0 0.080078 0.77381 0.080078 0.86905 0.16113 0.86905 0.16113 0.77381
0 0.081055 0.45089 0.081055 0.55208 0.16211 0.55208 0.16211 0.45089
0 0.078125 0.12798 0.078125 0.22768 0.16016 0.22768 0.16016 0.12798
