0 0.23047 0.22509 0.23047 0.31611 0.3418 0.31611 0.3418 0.22509
0 0.22852 0.44034 0.22852 0.53014 0.33984 0.53014 0.33984 0.44034
0 0.22559 0.6556 0.22559 0.74662 0.33691 0.74662 0.33691 0.6556
0 0.45215 0.22632 0.45215 0.31611 0.60938 0.31611 0.60938 0.22632
0 0.4502 0.44034 0.4502 0.53137 0.6084 0.53137 0.6084 0.44034
0 0.4502 0.6556 0.4502 0.74539 0.6084 0.74539 0.6084 0.6556
0 0.83789 0.21894 0.83789 0.30996 0.94531 0.30996 0.94531 0.21894
0 0.83691 0.43665 0.83691 0.52645 0.94434 0.52645 0.94434 0.43665
0 0.83887 0.65314 0.83887 0.74293 0.94629 0.74293 0.94629 0.65314
0 0.68848 0.65683 0.68848 0.74662 0.76562 0.74662 0.76562 0.65683
0 0.68652 0.43542 0.68652 0.52522 0.76465 0.52522 0.76465 0.43542
0 0.68848 0.2214 0.68848 0.31242 0.76562 0.31242 0.76562 0.2214
