0 0.89551 0.66927 0.89551 0.70443 0.95801 0.70443 0.95801 0.66927
1 0.89648 0.42969 0.89648 0.49479 0.99121 0.49479 0.99121 0.42969
0 0.89648 0.55339 0.89648 0.59766 0.95801 0.59766 0.95801 0.55339
0 0.89746 0.33333 0.89746 0.3724 0.95996 0.3724 0.95996 0.33333
1 0.89844 0.21094 0.89844 0.26562 0.99219 0.26562 0.99219 0.21094
0 0.77734 0.22005 0.77734 0.26172 0.83984 0.26172 0.83984 0.22005
0 0.6582 0.22135 0.6582 0.26172 0.71582 0.26172 0.71582 0.22135
0 0.77734 0.39062 0.77734 0.42448 0.83984 0.42448 0.83984 0.39062
0 0.77637 0.33333 0.77637 0.36979 0.83984 0.36979 0.83984 0.33333
0 0.6582 0.39062 0.6582 0.42578 0.71582 0.42578 0.71582 0.39062
0 0.65723 0.33333 0.65723 0.36979 0.71582 0.36979 0.71582 0.33333
0 0.77637 0.5 0.77637 0.53776 0.83301 0.53776 0.83301 0.5
0 0.6582 0.5013 0.6582 0.53646 0.70312 0.53646 0.70312 0.5013
0 0.6582 0.55729 0.6582 0.59375 0.69922 0.59375 0.69922 0.55729
0 0.77637 0.55599 0.77637 0.59375 0.83301 0.59375 0.83301 0.55599
0 0.77539 0.66406 0.77539 0.70443 0.83789 0.70443 0.83789 0.66406
0 0.6582 0.66536 0.6582 0.70312 0.71582 0.70312 0.71582 0.66536
0 0.54395 0.66406 0.54395 0.70443 0.59961 0.70443 0.59961 0.66406
0 0.43164 0.66406 0.43164 0.70443 0.48633 0.70443 0.48633 0.66406
0 0.54395 0.55599 0.54395 0.59115 0.59961 0.59115 0.59961 0.55599
0 0.54395 0.5013 0.54395 0.53516 0.59863 0.53516 0.59863 0.5013
0 0.43164 0.55729 0.43164 0.59115 0.48535 0.59115 0.48535 0.55729
0 0.43164 0.5 0.43164 0.53516 0.48438 0.53516 0.48438 0.5
0 0.54297 0.39062 0.54297 0.42578 0.59863 0.42578 0.59863 0.39062
0 0.42969 0.39062 0.42969 0.42578 0.48438 0.42578 0.48438 0.39062
0 0.54297 0.33333 0.54297 0.36849 0.59766 0.36849 0.59766 0.33333
0 0.54297 0.22135 0.54297 0.26042 0.59766 0.26042 0.59766 0.22135
0 0.42969 0.33464 0.42969 0.36849 0.4834 0.36849 0.4834 0.33464
0 0.42773 0.22135 0.42773 0.26042 0.4834 0.26042 0.4834 0.22135
0 0.41992 0.014323 0.41992 0.061198 0.47949 0.061198 0.47949 0.014323
0 0.53711 0.015625 0.53711 0.0625 0.59473 0.0625 0.59473 0.015625
0 0.36426 0.82812 0.36426 0.875 0.4082 0.875 0.4082 0.82812
0 0.46387 0.85938 0.46387 0.89844 0.52246 0.89844 0.52246 0.85938
