0 0.33594 0.25391 0.33594 0.30339 0.40332 0.30339 0.40332 0.25391
0 0.33496 0.32031 0.33496 0.36849 0.40137 0.36849 0.40137 0.32031
0 0.47168 0.27474 0.47168 0.35417 0.53906 0.35417 0.53906 0.27474
0 0.34375 0.4974 0.34375 0.5651 0.41016 0.5651 0.41016 0.4974
0 0.3457 0.61458 0.3457 0.66406 0.41113 0.66406 0.41113 0.61458
0 0.3457 0.67839 0.3457 0.72656 0.41113 0.72656 0.41113 0.67839
0 0.47949 0.67969 0.47949 0.72786 0.54688 0.72786 0.54688 0.67969
0 0.47852 0.61719 0.47852 0.66536 0.5459 0.66536 0.5459 0.61719
0 0.47754 0.5013 0.47754 0.56641 0.54395 0.56641 0.54395 0.5013
0 0.60938 0.50391 0.60938 0.57031 0.67578 0.57031 0.67578 0.50391
0 0.74805 0.51172 0.74805 0.57682 0.81445 0.57682 0.81445 0.51172
0 0.61035 0.61979 0.61035 0.66667 0.67578 0.66667 0.67578 0.61979
0 0.61035 0.68359 0.61035 0.73047 0.67773 0.73047 0.67773 0.68359
0 0.75 0.63021 0.75 0.67318 0.81738 0.67318 0.81738 0.63021
0 0.74902 0.6875 0.74902 0.73047 0.81641 0.73047 0.81641 0.6875
0 0.87598 0.63411 0.87598 0.67708 0.94141 0.67708 0.94141 0.63411
0 0.87598 0.6875 0.87598 0.73177 0.94238 0.73177 0.94238 0.6875
0 0.87402 0.51562 0.87402 0.58073 0.93945 0.58073 0.93945 0.51562
0 0.86816 0.30208 0.86816 0.37891 0.92676 0.37891 0.92676 0.30208
0 0.74707 0.29036 0.74707 0.37891 0.81348 0.37891 0.81348 0.29036
0 0.60547 0.27734 0.60547 0.35807 0.67188 0.35807 0.67188 0.27734
0 0.34668 0.78516 0.34668 0.83464 0.41309 0.83464 0.41309 0.78516
0 0.34766 0.84896 0.34766 0.89844 0.41406 0.89844 0.41406 0.84896
0 0.48145 0.78906 0.48145 0.83724 0.54688 0.83724 0.54688 0.78906
0 0.48145 0.85156 0.48145 0.90104 0.54688 0.90104 0.54688 0.85156
0 0.61133 0.78906 0.61133 0.83724 0.67773 0.83724 0.67773 0.78906
0 0.6123 0.85156 0.6123 0.90104 0.67773 0.90104 0.67773 0.85156
0 0.75098 0.79948 0.75098 0.84245 0.81641 0.84245 0.81641 0.79948
0 0.75195 0.85547 0.75195 0.89844 0.81738 0.89844 0.81738 0.85547
0 0.87695 0.80078 0.87695 0.84245 0.94238 0.84245 0.94238 0.80078
0 0.86621 0.27865 0.86621 0.29688 0.92969 0.29688 0.92969 0.27865
0 0.86914 0.38281 0.86914 0.39062 0.93164 0.39062 0.93164 0.38281
