0 0.33008 0.31307 0.33008 0.3769 0.41797 0.3769 0.41797 0.31307
0 0.33203 0.43364 0.33203 0.49645 0.41895 0.49645 0.41895 0.43364
0 0.51074 0.43465 0.51074 0.49747 0.60547 0.49747 0.60547 0.43465
0 0.50879 0.31307 0.50879 0.37589 0.60254 0.37589 0.60254 0.31307
0 0.50684 0.18136 0.50684 0.21479 0.59863 0.21479 0.59863 0.18136
0 0.50684 0.23303 0.50684 0.26646 0.59863 0.26646 0.59863 0.23303
0 0.69824 0.32219 0.69824 0.37994 0.78223 0.37994 0.78223 0.32219
0 0.7002 0.44174 0.7002 0.50051 0.7832 0.50051 0.7832 0.44174
0 0.69824 0.23911 0.69824 0.27052 0.78027 0.27052 0.78027 0.23911
0 0.69727 0.18845 0.69727 0.21986 0.7793 0.21986 0.7793 0.18845
0 0.32617 0.23303 0.32617 0.26545 0.41504 0.26545 0.41504 0.23303
0 0.32422 0.18338 0.32422 0.21479 0.41211 0.21479 0.41211 0.18338
0 0.23242 0.62918 0.23242 0.68389 0.31641 0.68389 0.31641 0.62918
0 0.2334 0.73556 0.2334 0.79129 0.31641 0.79129 0.31641 0.73556
0 0.38281 0.5613 0.38281 0.62513 0.47852 0.62513 0.47852 0.5613
0 0.38086 0.6768 0.38086 0.74063 0.47656 0.74063 0.47656 0.6768
0 0.37988 0.79331 0.37988 0.85714 0.47559 0.85714 0.47559 0.79331
0 0.54883 0.56231 0.54883 0.62614 0.64453 0.62614 0.64453 0.56231
0 0.54785 0.67477 0.54785 0.7386 0.64355 0.7386 0.64355 0.67477
0 0.54688 0.79433 0.54688 0.85816 0.64258 0.85816 0.64258 0.79433
0 0.70703 0.79838 0.70703 0.86221 0.80176 0.86221 0.80176 0.79838
0 0.70703 0.67984 0.70703 0.74367 0.80273 0.74367 0.80273 0.67984
0 0.70898 0.56434 0.70898 0.62817 0.80469 0.62817 0.80469 0.56434
1 0.87891 0.3151 0.87891 0.39514 0.99316 0.39514 0.99316 0.3151
1 0.89062 0.56738 0.89062 0.63019 0.99219 0.63019 0.99219 0.56738
1 0.87207 0.78419 0.87207 0.86626 0.99316 0.86626 0.99316 0.78419
