0 0.17085 0.041016 0.17085 0.10645 0.31658 0.10645 0.31658 0.041016
0 0.1608 0.19629 0.1608 0.26562 0.31055 0.26562 0.31055 0.19629
0 0.15678 0.36523 0.15678 0.43359 0.30553 0.43359 0.30553 0.36523
0 0.15075 0.5293 0.15075 0.60254 0.30452 0.60254 0.30452 0.5293
0 0.14975 0.69336 0.14975 0.7666 0.30352 0.7666 0.30352 0.69336
0 0.15477 0.85645 0.15477 0.92676 0.30754 0.92676 0.30754 0.85645
0 0.43518 0.040039 0.43518 0.10547 0.59899 0.10547 0.59899 0.040039
0 0.43216 0.19922 0.43216 0.27051 0.59598 0.27051 0.59598 0.19922
0 0.42915 0.36719 0.42915 0.44141 0.59497 0.44141 0.59497 0.36719
0 0.42915 0.53027 0.42915 0.60352 0.59497 0.60352 0.59497 0.53027
0 0.43116 0.69727 0.43116 0.77051 0.59196 0.77051 0.59196 0.69727
0 0.43216 0.86133 0.43216 0.93066 0.58794 0.93066 0.58794 0.86133
1 0.75678 0.50879 0.75678 0.6123 0.98894 0.6123 0.98894 0.50879
1 0.75176 0.0048828 0.75176 0.058594 0.98693 0.058594 0.98693 0.0048828
