0 0.23821 0.20672 0.23821 0.2256 0.32506 0.2256 0.32506 0.20672
0 0.23821 0.32214 0.23821 0.34208 0.32506 0.34208 0.32506 0.32214
0 0.44169 0.20672 0.44169 0.22665 0.52854 0.22665 0.52854 0.20672
0 0.44417 0.32319 0.44417 0.34313 0.53102 0.34313 0.53102 0.32319
0 0.64764 0.20776 0.64764 0.2277 0.73449 0.2277 0.73449 0.20776
0 0.64516 0.32424 0.64516 0.34313 0.73201 0.34313 0.73201 0.32424
0 0.63524 0.9234 0.63524 0.94334 0.72208 0.94334 0.72208 0.9234
0 0.63772 0.80588 0.63772 0.82476 0.72457 0.82476 0.72457 0.80588
0 0.4268 0.80797 0.4268 0.82791 0.51365 0.82791 0.51365 0.80797
0 0.42432 0.9255 0.42432 0.94544 0.51117 0.94544 0.51117 0.9255
0 0.20844 0.92655 0.20844 0.94648 0.30273 0.94648 0.30273 0.92655
0 0.2134 0.80588 0.2134 0.82581 0.30521 0.82581 0.30521 0.80588
0 0.23821 0.11752 0.23821 0.16055 0.33251 0.16055 0.33251 0.11752
0 0.44665 0.11857 0.44665 0.16159 0.54094 0.16159 0.54094 0.11857
0 0.64764 0.11752 0.64764 0.16055 0.74442 0.16055 0.74442 0.11752
0 0.83871 0.12592 0.83871 0.15635 0.91067 0.15635 0.91067 0.12592
0 0.33499 0.25393 0.33499 0.29381 0.43672 0.29381 0.43672 0.25393
0 0.54094 0.25603 0.54094 0.29591 0.64268 0.29591 0.64268 0.25603
0 0.23573 0.39244 0.23573 0.43547 0.33002 0.43547 0.33002 0.39244
0 0.44169 0.39349 0.44169 0.43652 0.53598 0.43652 0.53598 0.39349
0 0.64764 0.39244 0.64764 0.43547 0.74194 0.43547 0.74194 0.39244
0 0.21588 0.71144 0.21588 0.75446 0.31266 0.75446 0.31266 0.71144
0 0.42928 0.71144 0.42928 0.75761 0.52357 0.75761 0.52357 0.71144
0 0.63524 0.70934 0.63524 0.75656 0.73201 0.75656 0.73201 0.70934
0 0.31514 0.85624 0.31514 0.89717 0.41935 0.89717 0.41935 0.85624
0 0.52605 0.85519 0.52605 0.89612 0.63027 0.89612 0.63027 0.85519
0 0.2134 0.64743 0.2134 0.6915 0.3201 0.6915 0.3201 0.64743
0 0.42928 0.64743 0.42928 0.6915 0.53598 0.6915 0.53598 0.64743
0 0.63772 0.64638 0.63772 0.69045 0.74442 0.69045 0.74442 0.64638
0 0.65012 0.47954 0.65012 0.54145 0.74938 0.54145 0.74938 0.47954
0 0.44169 0.47954 0.44169 0.54145 0.54094 0.54145 0.54094 0.47954
0 0.23325 0.47324 0.23325 0.53515 0.33251 0.53515 0.33251 0.47324
0 0.84615 0.3809 0.84615 0.43652 0.89826 0.43652 0.89826 0.3809
0 0.84615 0.49423 0.84615 0.52046 0.87345 0.52046 0.87345 0.49423
0 0.84864 0.64218 0.84864 0.66946 0.87593 0.66946 0.87593 0.64218
0 0.84367 0.70934 0.84367 0.76495 0.89578 0.76495 0.89578 0.70934
0 0.84367 0.21196 0.84367 0.22875 0.89578 0.22875 0.89578 0.21196
1 0.73201 0.25708 0.73201 0.29591 0.90074 0.29591 0.90074 0.25708
1 0.72457 0.85519 0.72457 0.89402 0.89578 0.89402 0.89578 0.85519
