0 0.086253 0.62 0.086253 0.7075 0.21833 0.7075 0.21833 0.62
0 0.080863 0.52 0.080863 0.60625 0.21024 0.60625 0.21024 0.52
0 0.32884 0.62125 0.32884 0.7075 0.47439 0.7075 0.47439 0.62125
0 0.32884 0.5175 0.32884 0.60375 0.47439 0.60375 0.47439 0.5175
0 0.58221 0.525 0.58221 0.6075 0.72507 0.6075 0.72507 0.525
0 0.5876 0.62 0.5876 0.7075 0.73046 0.7075 0.73046 0.62
0 0.14825 0.44625 0.14825 0.50125 0.25606 0.50125 0.25606 0.44625
0 0.38544 0.4475 0.38544 0.5025 0.49326 0.5025 0.49326 0.4475
0 0.62264 0.45 0.62264 0.505 0.73046 0.505 0.73046 0.45
0 0.44744 0.88125 0.44744 0.9075 0.53639 0.9075 0.53639 0.88125
0 0.67385 0.8825 0.67385 0.90875 0.7655 0.90875 0.7655 0.8825
0 0.21294 0.87625 0.21294 0.9025 0.2938 0.9025 0.2938 0.87625
0 0.09434 0.72375 0.09434 0.7625 0.26146 0.7625 0.26146 0.72375
0 0.33154 0.72625 0.33154 0.76375 0.50135 0.76375 0.50135 0.72625
0 0.58221 0.725 0.58221 0.76375 0.74933 0.76375 0.74933 0.725
0 0.61995 0.1175 0.61995 0.20875 0.74394 0.20875 0.74394 0.1175
0 0.38544 0.12625 0.38544 0.20875 0.50404 0.20875 0.50404 0.12625
0 0.15094 0.125 0.15094 0.20875 0.26954 0.20875 0.26954 0.125
0 0.38544 0.27 0.38544 0.3375 0.49326 0.3375 0.49326 0.27
0 0.62264 0.27375 0.62264 0.34125 0.73046 0.34125 0.73046 0.27375
0 0.14555 0.27375 0.14555 0.34125 0.25606 0.34125 0.25606 0.27375
0 0.14825 0.40125 0.14825 0.42875 0.21833 0.42875 0.21833 0.40125
0 0.38275 0.4 0.38275 0.42875 0.45283 0.42875 0.45283 0.4
0 0.62264 0.40375 0.62264 0.43125 0.73046 0.43125 0.73046 0.40375
0 0.85714 0.2725 0.85714 0.34125 0.96765 0.34125 0.96765 0.2725
0 0.85445 0.12125 0.85445 0.16625 0.9434 0.16625 0.9434 0.12125
0 0.85175 0.18375 0.85175 0.2075 0.94879 0.2075 0.94879 0.18375
0 0.85984 0.69125 0.85984 0.74125 0.97574 0.74125 0.97574 0.69125
0 0.85984 0.59625 0.85984 0.64625 0.97305 0.64625 0.97305 0.59625
0 0.8814 0.87 0.8814 0.92375 0.97574 0.92375 0.97574 0.87
1 0.83827 0.45625 0.83827 0.49625 0.99461 0.49625 0.99461 0.45625
0 0.85175 0.405 0.85175 0.4325 0.96226 0.4325 0.96226 0.405
