0 0.30672 0.67096 0.30672 0.7114 0.38445 0.7114 0.38445 0.67096
0 0.30882 0.7261 0.30882 0.76471 0.38655 0.76471 0.38655 0.7261
0 0.30672 0.8125 0.30672 0.85294 0.38445 0.85294 0.38445 0.8125
0 0.30672 0.86765 0.30672 0.90625 0.38445 0.90625 0.38445 0.86765
0 0.43908 0.86765 0.43908 0.90625 0.51681 0.90625 0.51681 0.86765
0 0.43908 0.81434 0.43908 0.85478 0.51681 0.85478 0.51681 0.81434
0 0.43908 0.7261 0.43908 0.76654 0.51681 0.76654 0.51681 0.7261
0 0.43908 0.67279 0.43908 0.71324 0.51681 0.71324 0.51681 0.67279
0 0.56933 0.86949 0.56933 0.90993 0.64706 0.90993 0.64706 0.86949
0 0.56933 0.81434 0.56933 0.85294 0.64706 0.85294 0.64706 0.81434
0 0.57143 0.7261 0.57143 0.76654 0.64916 0.76654 0.64916 0.7261
0 0.57143 0.67279 0.57143 0.71324 0.64916 0.71324 0.64916 0.67279
0 0.70378 0.86949 0.70378 0.90993 0.78151 0.90993 0.78151 0.86949
0 0.70378 0.81434 0.70378 0.85478 0.77941 0.85478 0.77941 0.81434
0 0.70378 0.72794 0.70378 0.76838 0.78151 0.76838 0.78151 0.72794
0 0.70378 0.67279 0.70378 0.7114 0.78151 0.7114 0.78151 0.67279
0 0.16807 0.56618 0.16807 0.61029 0.2479 0.61029 0.2479 0.56618
0 0.16807 0.51287 0.16807 0.55331 0.2479 0.55331 0.2479 0.51287
0 0.17227 0.4614 0.17227 0.50184 0.25 0.50184 0.25 0.4614
0 0.17227 0.40625 0.17227 0.44669 0.2521 0.44669 0.2521 0.40625
0 0.30462 0.40625 0.30462 0.44485 0.38235 0.44485 0.38235 0.40625
0 0.30252 0.45956 0.30252 0.5 0.38235 0.5 0.38235 0.45956
0 0.30252 0.51471 0.30252 0.55331 0.38235 0.55331 0.38235 0.51471
0 0.30042 0.56801 0.30042 0.60662 0.38025 0.60662 0.38025 0.56801
0 0.43277 0.56985 0.43277 0.60846 0.51261 0.60846 0.51261 0.56985
0 0.43487 0.51287 0.43487 0.55331 0.51471 0.55331 0.51471 0.51287
0 0.43487 0.4614 0.43487 0.50184 0.51471 0.50184 0.51471 0.4614
0 0.43697 0.40625 0.43697 0.44485 0.51681 0.44485 0.51681 0.40625
0 0.56723 0.56618 0.56723 0.60846 0.64706 0.60846 0.64706 0.56618
0 0.56723 0.51103 0.56723 0.55331 0.64706 0.55331 0.64706 0.51103
0 0.56933 0.45772 0.56933 0.5 0.64916 0.5 0.64916 0.45772
0 0.56933 0.40441 0.56933 0.44485 0.64916 0.44485 0.64916 0.40441
0 0.70588 0.40257 0.70588 0.44301 0.78361 0.44301 0.78361 0.40257
0 0.70378 0.45772 0.70378 0.49816 0.78361 0.49816 0.78361 0.45772
0 0.70588 0.51471 0.70588 0.55515 0.78361 0.55515 0.78361 0.51471
0 0.70378 0.56618 0.70378 0.60662 0.78361 0.60662 0.78361 0.56618
0 0.18067 0.67463 0.18067 0.70404 0.22899 0.70404 0.22899 0.67463
0 0.18067 0.72794 0.18067 0.75919 0.22899 0.75919 0.22899 0.72794
0 0.18067 0.81618 0.18067 0.84559 0.22899 0.84559 0.22899 0.81618
0 0.18067 0.86949 0.18067 0.90074 0.22899 0.90074 0.22899 0.86949
0 0.18277 0.088235 0.18277 0.11029 0.2437 0.11029 0.2437 0.088235
0 0.18697 0.12132 0.18697 0.14338 0.2479 0.14338 0.2479 0.12132
0 0.18697 0.17831 0.18697 0.20037 0.2437 0.20037 0.2437 0.17831
0 0.18487 0.20956 0.18487 0.23162 0.2437 0.23162 0.2437 0.20956
0 0.18277 0.27022 0.18277 0.29228 0.2416 0.29228 0.2416 0.27022
0 0.18277 0.30147 0.18277 0.32353 0.2416 0.32353 0.2416 0.30147
0 0.29832 0.084559 0.29832 0.10846 0.37815 0.10846 0.37815 0.084559
0 0.29832 0.11765 0.29832 0.14154 0.38025 0.14154 0.38025 0.11765
0 0.29622 0.17463 0.29622 0.19853 0.37605 0.19853 0.37605 0.17463
0 0.29832 0.20588 0.29832 0.22978 0.37815 0.22978 0.37815 0.20588
0 0.29622 0.26654 0.29622 0.29044 0.37605 0.29044 0.37605 0.26654
0 0.29622 0.29963 0.29622 0.32169 0.37605 0.32169 0.37605 0.29963
0 0.42857 0.26471 0.42857 0.2886 0.51891 0.2886 0.51891 0.26471
0 0.42857 0.29412 0.42857 0.31801 0.51681 0.31801 0.51681 0.29412
0 0.43277 0.11213 0.43277 0.13603 0.52101 0.13603 0.52101 0.11213
0 0.43277 0.080882 0.43277 0.10478 0.52101 0.10478 0.52101 0.080882
0 0.42857 0.20588 0.42857 0.22794 0.54412 0.22794 0.54412 0.20588
0 0.43067 0.17463 0.43067 0.19669 0.54622 0.19669 0.54622 0.17463
0 0.58193 0.17279 0.58193 0.19301 0.69538 0.19301 0.69538 0.17279
0 0.57983 0.20404 0.57983 0.22426 0.69538 0.22426 0.69538 0.20404
0 0.57983 0.29412 0.57983 0.31985 0.67017 0.31985 0.67017 0.29412
0 0.57983 0.26471 0.57983 0.2886 0.67017 0.2886 0.67017 0.26471
0 0.58193 0.11213 0.58193 0.13603 0.67437 0.13603 0.67437 0.11213
0 0.58193 0.079044 0.58193 0.10294 0.67437 0.10294 0.67437 0.079044
0 0.72899 0.075368 0.72899 0.099265 0.79202 0.099265 0.79202 0.075368
0 0.72479 0.11029 0.72479 0.13419 0.78992 0.13419 0.78992 0.11029
0 0.72689 0.16912 0.72689 0.19301 0.78992 0.19301 0.78992 0.16912
0 0.72479 0.20037 0.72479 0.2261 0.78992 0.2261 0.78992 0.20037
0 0.72269 0.25919 0.72269 0.28309 0.78571 0.28309 0.78571 0.25919
0 0.72059 0.29228 0.72059 0.31618 0.78571 0.31618 0.78571 0.29228
