0 0.062288 0.27441 0.062288 0.30566 0.12118 0.30566 0.12118 0.27441
0 0.06342 0.8291 0.06342 0.86035 0.12118 0.86035 0.12118 0.8291
0 0.2299 0.42188 0.2299 0.46191 0.32503 0.46191 0.32503 0.42188
0 0.2299 0.54785 0.2299 0.58789 0.3239 0.58789 0.3239 0.54785
0 0.2299 0.6709 0.2299 0.71094 0.32503 0.71094 0.32503 0.6709
0 0.40997 0.41992 0.40997 0.46289 0.51189 0.46289 0.51189 0.41992
0 0.4111 0.54395 0.4111 0.58789 0.51302 0.58789 0.51302 0.54395
0 0.4111 0.66992 0.4111 0.71289 0.51189 0.71289 0.51189 0.66992
0 0.58777 0.66797 0.58777 0.71289 0.69989 0.71289 0.69989 0.66797
0 0.58777 0.54395 0.58777 0.58789 0.69875 0.58789 0.69875 0.54395
0 0.58664 0.41895 0.58664 0.46387 0.69875 0.46387 0.69875 0.41895
0 0.22763 0.25488 0.22763 0.28516 0.3239 0.28516 0.3239 0.25488
0 0.22877 0.2959 0.22877 0.32617 0.3239 0.32617 0.3239 0.2959
0 0.2299 0.84961 0.2299 0.87988 0.32503 0.87988 0.32503 0.84961
0 0.2299 0.80957 0.2299 0.83887 0.32503 0.83887 0.32503 0.80957
0 0.40204 0.25391 0.40204 0.32617 0.51642 0.32617 0.51642 0.25391
0 0.4043 0.80566 0.4043 0.87793 0.51755 0.87793 0.51755 0.80566
0 0.5855 0.25684 0.5855 0.32617 0.69536 0.32617 0.69536 0.25684
0 0.5855 0.80664 0.5855 0.87695 0.69422 0.87695 0.69422 0.80664
0 0.21404 0.033203 0.21404 0.1123 0.31597 0.1123 0.31597 0.033203
0 0.40091 0.032227 0.40091 0.11035 0.50057 0.11035 0.50057 0.032227
0 0.053228 0.026367 0.053228 0.11914 0.14156 0.11914 0.14156 0.026367
0 0.5957 0.02832 0.5957 0.13379 0.68516 0.13379 0.68516 0.02832
0 0.08607 0.66992 0.08607 0.6875 0.10759 0.6875 0.10759 0.66992
0 0.08607 0.54785 0.08607 0.56641 0.10759 0.56641 0.10759 0.54785
0 0.084938 0.42188 0.084938 0.44043 0.10646 0.44043 0.10646 0.42188
1 0.82106 0.41992 0.82106 0.46582 0.9479 0.46582 0.9479 0.41992
