0 0.16903 0.076172 0.16903 0.125 0.27778 0.125 0.27778 0.076172
0 0.16548 0.20508 0.16548 0.25391 0.27423 0.25391 0.27423 0.20508
0 0.16194 0.33887 0.16194 0.3877 0.27187 0.3877 0.27187 0.33887
0 0.16194 0.47363 0.16194 0.52246 0.27069 0.52246 0.27069 0.47363
0 0.16312 0.60742 0.16312 0.65625 0.27187 0.65625 0.27187 0.60742
0 0.1643 0.73828 0.1643 0.78711 0.27305 0.78711 0.27305 0.73828
0 0.16785 0.86816 0.16785 0.91699 0.2766 0.91699 0.2766 0.86816
0 0.37116 0.86914 0.37116 0.92188 0.48582 0.92188 0.48582 0.86914
0 0.37116 0.73926 0.37116 0.79102 0.487 0.79102 0.487 0.73926
0 0.36998 0.60645 0.36998 0.6582 0.48582 0.6582 0.48582 0.60645
0 0.36879 0.47461 0.36879 0.52637 0.48345 0.52637 0.48345 0.47461
0 0.37116 0.33887 0.37116 0.39062 0.48582 0.39062 0.48582 0.33887
0 0.37234 0.20605 0.37234 0.25781 0.487 0.25781 0.487 0.20605
0 0.37352 0.074219 0.37352 0.12598 0.48818 0.12598 0.48818 0.074219
0 0.58983 0.075195 0.58983 0.12695 0.70567 0.12695 0.70567 0.075195
0 0.58865 0.20508 0.58865 0.25684 0.70331 0.25684 0.70331 0.20508
0 0.58629 0.33789 0.58629 0.39062 0.70213 0.39062 0.70213 0.33789
0 0.58865 0.47461 0.58865 0.52637 0.70331 0.52637 0.70331 0.47461
0 0.58747 0.60742 0.58747 0.65918 0.70213 0.65918 0.70213 0.60742
0 0.58629 0.73926 0.58629 0.79102 0.70213 0.79102 0.70213 0.73926
0 0.58392 0.86914 0.58392 0.9209 0.69976 0.9209 0.69976 0.86914
1 0.7896 0.71582 0.7896 0.81152 0.96809 0.81152 0.96809 0.71582
1 0.84397 0.20703 0.84397 0.26367 0.97045 0.26367 0.97045 0.20703
