0 0.39577 0.25226 0.39577 0.30656 0.50282 0.30656 0.50282 0.25226
0 0.39155 0.11991 0.39155 0.17308 0.50282 0.17308 0.50282 0.11991
0 0.20986 0.38801 0.20986 0.43778 0.30986 0.43778 0.30986 0.38801
0 0.20986 0.50905 0.20986 0.55882 0.30986 0.55882 0.30986 0.50905
0 0.4 0.64253 0.4 0.6957 0.50986 0.6957 0.50986 0.64253
0 0.4 0.77262 0.4 0.82579 0.51127 0.82579 0.51127 0.77262
0 0.5831 0.76923 0.5831 0.82353 0.70423 0.82353 0.70423 0.76923
0 0.58169 0.64253 0.58169 0.6957 0.70282 0.6957 0.70282 0.64253
0 0.58028 0.44231 0.58028 0.49661 0.69859 0.49661 0.69859 0.44231
0 0.57606 0.25452 0.57606 0.30769 0.69437 0.30769 0.69437 0.25452
0 0.56761 0.11991 0.56761 0.17534 0.69437 0.17534 0.69437 0.11991
0 0.20141 0.15611 0.20141 0.21606 0.2831 0.21606 0.2831 0.15611
0 0.2 0.23303 0.2 0.29299 0.28028 0.29299 0.28028 0.23303
0 0.20282 0.66403 0.20282 0.72624 0.28451 0.72624 0.28451 0.66403
0 0.20704 0.73982 0.20704 0.80317 0.28873 0.80317 0.28873 0.73982
0 0.39718 0.38348 0.39718 0.42534 0.50704 0.42534 0.50704 0.38348
0 0.4 0.51697 0.4 0.55769 0.50986 0.55769 0.50986 0.51697
0 0.58169 0.51697 0.58169 0.55882 0.70141 0.55882 0.70141 0.51697
0 0.57887 0.38122 0.57887 0.42421 0.69859 0.42421 0.69859 0.38122
1 0.76197 0.58597 0.76197 0.63462 0.92958 0.63462 0.92958 0.58597
1 0.76056 0.31335 0.76056 0.36086 0.92817 0.36086 0.92817 0.31335
