0 0.7793 0.61849 0.7793 0.66146 0.82227 0.66146 0.82227 0.61849
0 0.87793 0.6263 0.87793 0.66927 0.93066 0.66927 0.93066 0.6263
0 0.87891 0.47526 0.87891 0.52734 0.92969 0.52734 0.92969 0.47526
0 0.77832 0.51823 0.77832 0.55208 0.8291 0.55208 0.8291 0.51823
0 0.7793 0.45052 0.7793 0.48438 0.8291 0.48438 0.8291 0.45052
0 0.77832 0.38411 0.77832 0.41797 0.83008 0.41797 0.83008 0.38411
0 0.87793 0.33854 0.87793 0.39062 0.91602 0.39062 0.91602 0.33854
0 0.7793 0.20443 0.7793 0.2487 0.81934 0.2487 0.81934 0.20443
0 0.87695 0.20573 0.87695 0.2487 0.93066 0.2487 0.93066 0.20573
0 0.77832 0.31771 0.77832 0.35026 0.83008 0.35026 0.83008 0.31771
0 0.67578 0.3151 0.67578 0.34896 0.72656 0.34896 0.72656 0.3151
0 0.66309 0.21224 0.66309 0.25651 0.71582 0.25651 0.71582 0.21224
0 0.67676 0.51693 0.67676 0.54948 0.72656 0.54948 0.72656 0.51693
0 0.67578 0.45052 0.67578 0.48177 0.72656 0.48177 0.72656 0.45052
0 0.67676 0.38411 0.67676 0.41536 0.72656 0.41536 0.72656 0.38411
0 0.5752 0.51693 0.5752 0.54948 0.625 0.54948 0.625 0.51693
0 0.5752 0.45052 0.5752 0.48177 0.625 0.48177 0.625 0.45052
0 0.5752 0.38411 0.5752 0.41536 0.625 0.41536 0.625 0.38411
0 0.66406 0.64583 0.66406 0.6888 0.7168 0.6888 0.7168 0.64583
0 0.55762 0.64453 0.55762 0.6875 0.60938 0.6875 0.60938 0.64453
0 0.46777 0.625 0.46777 0.66667 0.50391 0.66667 0.50391 0.625
0 0.4707 0.51953 0.4707 0.55208 0.52051 0.55208 0.52051 0.51953
0 0.4707 0.45182 0.4707 0.48438 0.52051 0.48438 0.52051 0.45182
0 0.4707 0.38411 0.4707 0.41667 0.52051 0.41667 0.52051 0.38411
0 0.5752 0.3151 0.5752 0.34896 0.625 0.34896 0.625 0.3151
0 0.55762 0.21094 0.55762 0.25521 0.60938 0.25521 0.60938 0.21094
0 0.46973 0.31641 0.46973 0.34896 0.52051 0.34896 0.52051 0.31641
0 0.46777 0.20443 0.46777 0.24609 0.49902 0.24609 0.49902 0.20443
0 0.52734 0.057292 0.52734 0.097656 0.57617 0.097656 0.57617 0.057292
0 0.62695 0.058594 0.62695 0.095052 0.67676 0.095052 0.67676 0.058594
0 0.73145 0.0625 0.73145 0.095052 0.78125 0.095052 0.78125 0.0625
0 0.47266 0.77865 0.47266 0.83464 0.52246 0.83464 0.52246 0.77865
0 0.57422 0.77734 0.57422 0.83333 0.625 0.83333 0.625 0.77734
0 0.67676 0.77604 0.67676 0.83203 0.72754 0.83203 0.72754 0.77604
1 0.94238 0.34245 0.94238 0.38672 0.99609 0.38672 0.99609 0.34245
1 0.96387 0.48177 0.96387 0.52344 0.99707 0.52344 0.99707 0.48177
0 0.97168 0.63151 0.97168 0.67057 0.99805 0.67057 0.99805 0.63151
0 0.96973 0.20833 0.96973 0.25 0.99707 0.25 0.99707 0.20833
