0 0.11499 0.068359 0.11499 0.09375 0.19199 0.09375 0.19199 0.068359
0 0.11396 0.10449 0.11396 0.13184 0.19199 0.13184 0.19199 0.10449
0 0.27823 0.069336 0.27823 0.13281 0.3655 0.13281 0.3655 0.069336
0 0.28234 0.21875 0.28234 0.25391 0.36961 0.25391 0.36961 0.21875
0 0.28131 0.28027 0.28131 0.31836 0.36961 0.31836 0.36961 0.28027
0 0.12012 0.21875 0.12012 0.25488 0.19815 0.25488 0.19815 0.21875
0 0.12012 0.28125 0.12012 0.31836 0.19815 0.31836 0.19815 0.28125
0 0.12115 0.38867 0.12115 0.42773 0.19815 0.42773 0.19815 0.38867
0 0.12115 0.46875 0.12115 0.50879 0.19815 0.50879 0.19815 0.46875
0 0.12115 0.54785 0.12115 0.58789 0.19815 0.58789 0.19815 0.54785
0 0.28234 0.38965 0.28234 0.42773 0.36961 0.42773 0.36961 0.38965
0 0.28234 0.46875 0.28234 0.50879 0.36961 0.50879 0.36961 0.46875
0 0.28337 0.54883 0.28337 0.58789 0.36961 0.58789 0.36961 0.54883
0 0.12115 0.65723 0.12115 0.69531 0.19713 0.69531 0.19713 0.65723
0 0.12115 0.7207 0.12115 0.75879 0.19713 0.75879 0.19713 0.7207
0 0.28337 0.6582 0.28337 0.69629 0.36961 0.69629 0.36961 0.6582
0 0.28234 0.71973 0.28234 0.75879 0.36961 0.75879 0.36961 0.71973
0 0.62936 0.66016 0.62936 0.70117 0.7115 0.70117 0.7115 0.66016
0 0.62834 0.72266 0.62834 0.76367 0.71047 0.76367 0.71047 0.72266
0 0.44867 0.72168 0.44867 0.75977 0.54004 0.75977 0.54004 0.72168
0 0.44969 0.6582 0.44969 0.69727 0.54004 0.69727 0.54004 0.6582
0 0.63142 0.54883 0.63142 0.59277 0.71047 0.59277 0.71047 0.54883
0 0.63039 0.4707 0.63039 0.51172 0.71047 0.51172 0.71047 0.4707
0 0.44969 0.54883 0.44969 0.5918 0.54004 0.5918 0.54004 0.54883
0 0.44969 0.47168 0.44969 0.50781 0.54004 0.50781 0.54004 0.47168
0 0.44969 0.38965 0.44969 0.42969 0.54107 0.42969 0.54107 0.38965
0 0.44969 0.28125 0.44969 0.31836 0.54004 0.31836 0.54004 0.28125
0 0.44969 0.21973 0.44969 0.25684 0.54107 0.25684 0.54107 0.21973
0 0.63039 0.22168 0.63039 0.25977 0.7115 0.25977 0.7115 0.22168
0 0.63039 0.2832 0.63039 0.32031 0.7115 0.32031 0.7115 0.2832
0 0.63142 0.39062 0.63142 0.43066 0.7115 0.43066 0.7115 0.39062
0 0.79569 0.22266 0.79569 0.2627 0.88912 0.2627 0.88912 0.22266
0 0.79569 0.28516 0.79569 0.32422 0.89014 0.32422 0.89014 0.28516
0 0.79363 0.3877 0.79363 0.43359 0.88912 0.43359 0.88912 0.3877
0 0.79261 0.55566 0.79261 0.5957 0.88912 0.5957 0.88912 0.55566
0 0.79569 0.66211 0.79569 0.70117 0.89014 0.70117 0.89014 0.66211
0 0.79569 0.72461 0.79569 0.76172 0.89117 0.76172 0.89117 0.72461
0 0.44661 0.070312 0.44661 0.13379 0.53696 0.13379 0.53696 0.070312
0 0.62526 0.072266 0.62526 0.097656 0.70842 0.097656 0.70842 0.072266
0 0.62628 0.11133 0.62628 0.13477 0.70842 0.13477 0.70842 0.11133
0 0.78029 0.072266 0.78029 0.13672 0.89014 0.13672 0.89014 0.072266
0 0.11704 0.85059 0.11704 0.87793 0.19199 0.87793 0.19199 0.85059
0 0.11704 0.88867 0.11704 0.91797 0.19199 0.91797 0.19199 0.88867
0 0.28029 0.84863 0.28029 0.91309 0.36653 0.91309 0.36653 0.84863
0 0.44969 0.85059 0.44969 0.91504 0.53901 0.91504 0.53901 0.85059
0 0.62731 0.85156 0.62731 0.87793 0.70945 0.87793 0.70945 0.85156
0 0.62834 0.88867 0.62834 0.91699 0.70842 0.91699 0.70842 0.88867
0 0.78029 0.85449 0.78029 0.9248 0.89014 0.9248 0.89014 0.85449
1 0.80595 0.46582 0.80595 0.52148 0.97741 0.52148 0.97741 0.46582
