0 0.28884 0.28794 0.28884 0.3461 0.38731 0.3461 0.38731 0.28794
0 0.28884 0.4156 0.28884 0.47376 0.3895 0.47376 0.3895 0.4156
0 0.29978 0.59858 0.29978 0.65674 0.3895 0.65674 0.3895 0.59858
0 0.4814 0.59149 0.4814 0.65248 0.57987 0.65248 0.57987 0.59149
0 0.48359 0.40709 0.48359 0.4695 0.58206 0.4695 0.58206 0.40709
0 0.4814 0.2766 0.4814 0.33759 0.58206 0.33759 0.58206 0.2766
0 0.6849 0.27376 0.6849 0.33475 0.78993 0.33475 0.78993 0.27376
0 0.68709 0.40709 0.68709 0.46809 0.79212 0.46809 0.79212 0.40709
0 0.6849 0.59007 0.6849 0.64965 0.78993 0.64965 0.78993 0.59007
0 0.29103 0.16312 0.29103 0.2156 0.39168 0.2156 0.39168 0.16312
0 0.48578 0.15319 0.48578 0.20851 0.58643 0.20851 0.58643 0.15319
0 0.68709 0.14468 0.68709 0.20142 0.78556 0.20142 0.78556 0.14468
0 0.49234 0.78298 0.49234 0.8383 0.59956 0.8383 0.59956 0.78298
0 0.29322 0.78298 0.29322 0.83972 0.40263 0.83972 0.40263 0.78298
0 0.6849 0.7844 0.6849 0.83972 0.79212 0.83972 0.79212 0.7844
0 0.5186 0.89929 0.5186 0.93759 0.62801 0.93759 0.62801 0.89929
0 0.3326 0.89787 0.3326 0.93617 0.44201 0.93617 0.44201 0.89787
0 0.7046 0.89787 0.7046 0.93759 0.81182 0.93759 0.81182 0.89787
1 0.8884 0.27234 0.8884 0.33191 0.98906 0.33191 0.98906 0.27234
1 0.89059 0.40851 0.89059 0.4695 0.99125 0.4695 0.99125 0.40851
1 0.89934 0.88227 0.89934 0.94184 1 0.94184 1 0.88227
0 0.28884 0.09078 0.28884 0.12057 0.37199 0.12057 0.37199 0.09078
0 0.47702 0.085106 0.47702 0.11489 0.56018 0.11489 0.56018 0.085106
0 0.6674 0.085106 0.6674 0.10496 0.75711 0.10496 0.75711 0.085106
0 0.86652 0.08227 0.86652 0.10355 0.95624 0.10355 0.95624 0.08227
