0 0.085938 0.055221 0.085938 0.13755 0.14648 0.13755 0.14648 0.055221
0 0.22754 0.059237 0.22754 0.14157 0.30078 0.14157 0.30078 0.059237
0 0.22754 0.81627 0.22754 0.89859 0.30078 0.89859 0.30078 0.81627
0 0.086914 0.82028 0.086914 0.90261 0.14746 0.90261 0.14746 0.82028
0 0.087891 0.23594 0.087891 0.28213 0.14746 0.28213 0.14746 0.23594
0 0.36914 0.23594 0.36914 0.28414 0.4502 0.28414 0.4502 0.23594
0 0.52246 0.23594 0.52246 0.28414 0.60254 0.28414 0.60254 0.23594
0 0.67773 0.23594 0.67773 0.28614 0.7627 0.28614 0.7627 0.23594
0 0.36816 0.063253 0.36816 0.1004 0.44629 0.1004 0.44629 0.063253
0 0.22754 0.23594 0.22754 0.28112 0.29883 0.28112 0.29883 0.23594
0 0.52051 0.069277 0.52051 0.10241 0.54688 0.10241 0.54688 0.069277
0 0.55273 0.069277 0.55273 0.10141 0.60352 0.10141 0.60352 0.069277
0 0.087891 0.34337 0.087891 0.38956 0.14746 0.38956 0.14746 0.34337
0 0.087891 0.45281 0.087891 0.499 0.14746 0.499 0.14746 0.45281
0 0.087891 0.56325 0.087891 0.60944 0.14746 0.60944 0.14746 0.56325
0 0.086914 0.6747 0.086914 0.72088 0.14648 0.72088 0.14648 0.6747
0 0.22852 0.34337 0.22852 0.38855 0.2998 0.38855 0.2998 0.34337
0 0.22852 0.45181 0.22852 0.49699 0.30078 0.49699 0.30078 0.45181
0 0.22852 0.56225 0.22852 0.60743 0.2998 0.60743 0.2998 0.56225
0 0.22754 0.67169 0.22754 0.71687 0.2998 0.71687 0.2998 0.67169
0 0.36914 0.34438 0.36914 0.39257 0.44922 0.39257 0.44922 0.34438
0 0.36914 0.45281 0.36914 0.501 0.44922 0.501 0.44922 0.45281
0 0.36816 0.56325 0.36816 0.61145 0.44824 0.61145 0.44824 0.56325
0 0.36816 0.67369 0.36816 0.72189 0.44922 0.72189 0.44922 0.67369
0 0.36719 0.10743 0.36719 0.14357 0.44727 0.14357 0.44727 0.10743
0 0.36621 0.82631 0.36621 0.86245 0.44629 0.86245 0.44629 0.82631
0 0.36523 0.87249 0.36523 0.90863 0.44531 0.90863 0.44531 0.87249
0 0.52148 0.10743 0.52148 0.14056 0.54785 0.14056 0.54785 0.10743
0 0.55273 0.10843 0.55273 0.14056 0.60352 0.14056 0.60352 0.10843
0 0.67773 0.071285 0.67773 0.10341 0.7041 0.10341 0.7041 0.071285
0 0.67773 0.10843 0.67773 0.14157 0.70312 0.14157 0.70312 0.10843
0 0.70996 0.071285 0.70996 0.10341 0.76074 0.10341 0.76074 0.071285
0 0.71094 0.10843 0.71094 0.14056 0.76172 0.14056 0.76172 0.10843
0 0.52051 0.82831 0.52051 0.86145 0.54688 0.86145 0.54688 0.82831
0 0.52051 0.86546 0.52051 0.89859 0.5459 0.89859 0.5459 0.86546
0 0.67773 0.82631 0.67773 0.85843 0.70312 0.85843 0.70312 0.82631
0 0.67773 0.86245 0.67773 0.89558 0.70312 0.89558 0.70312 0.86245
0 0.5498 0.82932 0.5498 0.86145 0.60059 0.86145 0.60059 0.82932
0 0.5498 0.86747 0.5498 0.8996 0.60059 0.8996 0.60059 0.86747
0 0.70898 0.82731 0.70898 0.85843 0.75977 0.85843 0.75977 0.82731
0 0.70801 0.86245 0.70801 0.89458 0.75781 0.89458 0.75781 0.86245
0 0.52148 0.34538 0.52148 0.39357 0.60156 0.39357 0.60156 0.34538
0 0.52148 0.45181 0.52148 0.501 0.60156 0.501 0.60156 0.45181
0 0.52246 0.56325 0.52246 0.61245 0.60254 0.61245 0.60254 0.56325
0 0.52148 0.67269 0.52148 0.72189 0.60156 0.72189 0.60156 0.67269
0 0.67773 0.34237 0.67773 0.39257 0.76367 0.39257 0.76367 0.34237
0 0.67676 0.4508 0.67676 0.501 0.76172 0.501 0.76172 0.4508
0 0.67676 0.56124 0.67676 0.61145 0.76172 0.61145 0.76172 0.56124
0 0.67773 0.67169 0.67773 0.72189 0.7627 0.72189 0.7627 0.67169
0 0.84375 0.072289 0.84375 0.14056 0.92188 0.14056 0.92188 0.072289
0 0.84277 0.24498 0.84277 0.2761 0.92188 0.2761 0.92188 0.24498
0 0.84277 0.66767 0.84277 0.71586 0.9209 0.71586 0.9209 0.66767
0 0.84277 0.55924 0.84277 0.60743 0.9209 0.60743 0.9209 0.55924
0 0.84277 0.45984 0.84277 0.49096 0.9209 0.49096 0.9209 0.45984
1 0.84277 0.32229 0.84277 0.41667 0.99316 0.41667 0.99316 0.32229
