0 0.24528 0.082031 0.24528 0.15234 0.38113 0.15234 0.38113 0.082031
0 0.24277 0.2002 0.24277 0.27051 0.37862 0.27051 0.37862 0.2002
0 0.24151 0.31836 0.24151 0.39258 0.37862 0.39258 0.37862 0.31836
0 0.24277 0.43945 0.24277 0.51367 0.38113 0.51367 0.38113 0.43945
0 0.24277 0.62012 0.24277 0.69336 0.38113 0.69336 0.38113 0.62012
0 0.24654 0.77539 0.24654 0.84668 0.38365 0.84668 0.38365 0.77539
0 0.25283 0.92383 0.25283 0.99512 0.38491 0.99512 0.38491 0.92383
0 0.47044 0.077148 0.47044 0.15625 0.67673 0.15625 0.67673 0.077148
0 0.46918 0.19434 0.46918 0.27344 0.67547 0.27344 0.67547 0.19434
0 0.46792 0.31543 0.46792 0.39453 0.67547 0.39453 0.67547 0.31543
0 0.47044 0.4375 0.47044 0.51758 0.67673 0.51758 0.67673 0.4375
0 0.46792 0.61914 0.46792 0.69824 0.67421 0.69824 0.67421 0.61914
0 0.47296 0.77734 0.47296 0.84961 0.67421 0.84961 0.67421 0.77734
0 0.79119 0.076172 0.79119 0.15723 0.92453 0.15723 0.92453 0.076172
0 0.79245 0.19531 0.79245 0.27734 0.92453 0.27734 0.92453 0.19531
0 0.79245 0.31445 0.79245 0.39844 0.92579 0.39844 0.92579 0.31445
0 0.78994 0.43652 0.78994 0.52051 0.92453 0.52051 0.92453 0.43652
0 0.78616 0.74121 0.78616 0.80664 0.91698 0.80664 0.91698 0.74121
0 0.021384 0.9248 0.021384 0.97852 0.11195 0.97852 0.11195 0.9248
0 0.013836 0.7793 0.013836 0.83301 0.1044 0.83301 0.1044 0.7793
0 0.013836 0.7793 0.013836 0.83301 0.1044 0.83301 0.1044 0.7793
0 0.010063 0.62207 0.010063 0.67578 0.10063 0.67578 0.10063 0.62207
1 0.87044 0.62598 0.87044 0.69531 0.99874 0.69531 0.99874 0.62598
