0 0.40332 0.24479 0.40332 0.29818 0.47461 0.29818 0.47461 0.24479
0 0.54199 0.24349 0.54199 0.29688 0.61816 0.29688 0.61816 0.24349
0 0.4043 0.37109 0.4043 0.42578 0.47461 0.42578 0.47461 0.37109
0 0.40527 0.4987 0.40527 0.55339 0.47461 0.55339 0.47461 0.4987
0 0.54199 0.36979 0.54199 0.42318 0.61816 0.42318 0.61816 0.36979
0 0.54297 0.4987 0.54297 0.55208 0.61914 0.55208 0.61914 0.4987
0 0.40527 0.63542 0.40527 0.6888 0.47559 0.6888 0.47559 0.63542
0 0.40527 0.72005 0.40527 0.77474 0.47461 0.77474 0.47461 0.72005
0 0.54297 0.63542 0.54297 0.6875 0.61816 0.6875 0.61816 0.63542
0 0.54297 0.72005 0.54297 0.77344 0.61816 0.77344 0.61816 0.72005
0 0.68652 0.63281 0.68652 0.6862 0.7627 0.6862 0.7627 0.63281
0 0.68652 0.72005 0.68652 0.77474 0.7627 0.77474 0.7627 0.72005
0 0.68652 0.49609 0.68652 0.55078 0.7627 0.55078 0.7627 0.49609
0 0.68652 0.36979 0.68652 0.42318 0.78418 0.42318 0.78418 0.36979
0 0.68652 0.24219 0.68652 0.29688 0.76367 0.29688 0.76367 0.24219
0 0.85352 0.63411 0.85352 0.6875 0.92578 0.6875 0.92578 0.63411
0 0.85352 0.72005 0.85352 0.77344 0.9248 0.77344 0.9248 0.72005
1 0.8457 0.48568 0.8457 0.5612 0.95117 0.5612 0.95117 0.48568
1 0.8457 0.23047 0.8457 0.30729 0.95117 0.30729 0.95117 0.23047
1 0.8457 0.35807 0.8457 0.43359 0.95117 0.43359 0.95117 0.35807
0 0.4043 0.10677 0.4043 0.16016 0.47461 0.16016 0.47461 0.10677
0 0.54102 0.10677 0.54102 0.15755 0.61914 0.15755 0.61914 0.10677
0 0.68652 0.10547 0.68652 0.16016 0.7627 0.16016 0.7627 0.10547
0 0.28125 0.88021 0.28125 0.92318 0.33984 0.92318 0.33984 0.88021
0 0.3877 0.87891 0.3877 0.92188 0.44531 0.92188 0.44531 0.87891
0 0.49707 0.8776 0.49707 0.92057 0.55469 0.92057 0.55469 0.8776
