0 0.59473 0.36849 0.59473 0.41016 0.6748 0.41016 0.6748 0.36849
0 0.48926 0.36849 0.48926 0.40885 0.5459 0.40885 0.5459 0.36849
0 0.49219 0.54427 0.49219 0.58594 0.54785 0.58594 0.54785 0.54427
0 0.49219 0.63021 0.49219 0.67188 0.54785 0.67188 0.54785 0.63021
0 0.59668 0.54557 0.59668 0.58724 0.65625 0.58724 0.65625 0.54557
0 0.59766 0.63021 0.59766 0.67188 0.65625 0.67188 0.65625 0.63021
0 0.49219 0.71745 0.49219 0.75781 0.54785 0.75781 0.54785 0.71745
0 0.49219 0.80339 0.49219 0.84375 0.54785 0.84375 0.54785 0.80339
0 0.59766 0.71745 0.59766 0.75781 0.65723 0.75781 0.65723 0.71745
0 0.59766 0.80339 0.59766 0.84375 0.65625 0.84375 0.65625 0.80339
0 0.70996 0.80339 0.70996 0.84375 0.7627 0.84375 0.7627 0.80339
0 0.70996 0.71745 0.70996 0.75911 0.77051 0.75911 0.77051 0.71745
0 0.82324 0.71745 0.82324 0.75911 0.88281 0.75911 0.88281 0.71745
0 0.70996 0.54688 0.70996 0.58724 0.77051 0.58724 0.77051 0.54688
0 0.70996 0.63281 0.70996 0.67318 0.77051 0.67318 0.77051 0.63281
0 0.82227 0.54688 0.82227 0.58854 0.88379 0.58854 0.88379 0.54688
0 0.82324 0.63281 0.82324 0.67318 0.88281 0.67318 0.88281 0.63281
0 0.69922 0.34505 0.69922 0.38932 0.7627 0.38932 0.7627 0.34505
0 0.82227 0.36719 0.82227 0.41016 0.88281 0.41016 0.88281 0.36719
1 0.86133 0.79818 0.86133 0.85026 0.96582 0.85026 0.96582 0.79818
0 0.49219 0.88932 0.49219 0.93099 0.54883 0.93099 0.54883 0.88932
0 0.59766 0.88802 0.59766 0.92969 0.65625 0.92969 0.65625 0.88802
0 0.71191 0.88932 0.71191 0.93099 0.77246 0.93099 0.77246 0.88932
0 0.34668 0.3737 0.34668 0.39844 0.36523 0.39844 0.36523 0.3737
