0 0.57426 0.80325 0.57426 0.90975 0.67492 0.90975 0.67492 0.80325
0 0.57591 0.47653 0.57591 0.58123 0.67657 0.58123 0.67657 0.47653
0 0.57591 0.15884 0.57591 0.26534 0.67657 0.26534 0.67657 0.15884
0 0.40264 0.16065 0.40264 0.26715 0.5033 0.26715 0.5033 0.16065
0 0.23597 0.17329 0.23597 0.27256 0.32013 0.27256 0.32013 0.17329
0 0.22607 0.47653 0.22607 0.57581 0.31188 0.57581 0.31188 0.47653
0 0.22442 0.81047 0.22442 0.90975 0.30858 0.90975 0.30858 0.81047
0 0.39769 0.81408 0.39769 0.91877 0.49835 0.91877 0.49835 0.81408
0 0.39934 0.48014 0.39934 0.58484 0.5 0.58484 0.5 0.48014
0 0.051155 0.80325 0.051155 0.91336 0.13036 0.91336 0.13036 0.80325
0 0.74752 0.79964 0.74752 0.91697 0.86469 0.91697 0.86469 0.79964
0 0.75083 0.47473 0.75083 0.57762 0.86139 0.57762 0.86139 0.47473
0 0.75908 0.15523 0.75908 0.25632 0.85974 0.25632 0.85974 0.15523
