0 0.089844 0.20747 0.089844 0.39834 0.13184 0.39834 0.13184 0.20747
0 0.088867 0.44813 0.088867 0.639 0.13184 0.639 0.13184 0.44813
0 0.089844 0.6722 0.089844 0.86307 0.13281 0.86307 0.13281 0.6722
0 0.1582 0.68465 0.1582 0.86307 0.20215 0.86307 0.20215 0.68465
0 0.1582 0.44398 0.1582 0.63071 0.20117 0.63071 0.20117 0.44398
0 0.1582 0.20332 0.1582 0.39419 0.20215 0.39419 0.20215 0.20332
0 0.22852 0.19087 0.22852 0.38174 0.26367 0.38174 0.26367 0.19087
0 0.22852 0.43568 0.22852 0.62656 0.26367 0.62656 0.26367 0.43568
0 0.22852 0.6722 0.22852 0.85892 0.26367 0.85892 0.26367 0.6722
0 0.29395 0.6556 0.29395 0.84647 0.3418 0.84647 0.3418 0.6556
0 0.29395 0.41079 0.29395 0.60166 0.3418 0.60166 0.3418 0.41079
0 0.29492 0.16598 0.29492 0.35685 0.34277 0.35685 0.34277 0.16598
0 0.36719 0.6473 0.36719 0.84232 0.41602 0.84232 0.41602 0.6473
0 0.36719 0.40664 0.36719 0.60166 0.41602 0.60166 0.41602 0.40664
0 0.36914 0.15768 0.36914 0.3527 0.41797 0.3527 0.41797 0.15768
0 0.44141 0.6473 0.44141 0.83817 0.49023 0.83817 0.49023 0.6473
0 0.44141 0.39834 0.44141 0.59336 0.49121 0.59336 0.49121 0.39834
0 0.44238 0.15353 0.44238 0.34855 0.49219 0.34855 0.49219 0.15353
0 0.51758 0.64315 0.51758 0.83817 0.56836 0.83817 0.56836 0.64315
0 0.51855 0.39834 0.51855 0.59336 0.56836 0.59336 0.56836 0.39834
0 0.51953 0.14938 0.51953 0.3444 0.56934 0.3444 0.56934 0.14938
0 0.59375 0.6473 0.59375 0.84232 0.64648 0.84232 0.64648 0.6473
0 0.5957 0.39834 0.5957 0.59336 0.64844 0.59336 0.64844 0.39834
0 0.5957 0.14938 0.5957 0.3444 0.64844 0.3444 0.64844 0.14938
0 0.67188 0.64315 0.67188 0.84232 0.71973 0.84232 0.71973 0.64315
0 0.67285 0.39834 0.67285 0.59751 0.7207 0.59751 0.7207 0.39834
0 0.67383 0.14523 0.67383 0.3444 0.72168 0.3444 0.72168 0.14523
0 0.74902 0.64315 0.74902 0.84232 0.79785 0.84232 0.79785 0.64315
0 0.75 0.39419 0.75 0.59751 0.79785 0.59751 0.79785 0.39419
0 0.75 0.14523 0.75 0.34855 0.79883 0.34855 0.79883 0.14523
0 0.83398 0.47303 0.83398 0.62241 0.88086 0.62241 0.88086 0.47303
0 0.83496 0.72199 0.83496 0.85062 0.88184 0.85062 0.88184 0.72199
0 0.83496 0.24481 0.83496 0.37344 0.88184 0.37344 0.88184 0.24481
