0 0.1542 0.28403 0.1542 0.34958 0.28571 0.34958 0.28571 0.28403
0 0.41497 0.28739 0.41497 0.36471 0.56463 0.36471 0.56463 0.28739
0 0.67574 0.28908 0.67574 0.36639 0.82766 0.36639 0.82766 0.28908
0 0.66667 0.76807 0.66667 0.84706 0.81859 0.84706 0.81859 0.76807
0 0.41043 0.76639 0.41043 0.84538 0.56236 0.84538 0.56236 0.76639
0 0.14966 0.76303 0.14966 0.82857 0.28118 0.82857 0.28118 0.76303
0 0.15873 0.53277 0.15873 0.60336 0.3356 0.60336 0.3356 0.53277
0 0.41723 0.53109 0.41723 0.60672 0.60317 0.60672 0.60317 0.53109
0 0.678 0.53445 0.678 0.60672 0.88662 0.60672 0.88662 0.53445
0 0.14512 0.048739 0.14512 0.09916 0.31066 0.09916 0.31066 0.048739
0 0.41043 0.048739 0.41043 0.097479 0.57823 0.097479 0.57823 0.048739
0 0.678 0.043697 0.678 0.094118 0.8458 0.094118 0.8458 0.043697
