0 0.2627 0.24219 0.2627 0.28385 0.32422 0.28385 0.32422 0.24219
0 0.2627 0.33073 0.2627 0.3724 0.32422 0.3724 0.32422 0.33073
0 0.39453 0.24219 0.39453 0.28255 0.45898 0.28255 0.45898 0.24219
0 0.39453 0.32943 0.39453 0.37109 0.45898 0.37109 0.45898 0.32943
0 0.2627 0.43099 0.2627 0.47135 0.32422 0.47135 0.32422 0.43099
0 0.2627 0.52083 0.2627 0.5599 0.3252 0.5599 0.3252 0.52083
0 0.39453 0.43099 0.39453 0.47266 0.45801 0.47266 0.45801 0.43099
0 0.39551 0.52083 0.39551 0.5612 0.45801 0.5612 0.45801 0.52083
0 0.2627 0.61979 0.2627 0.66146 0.32422 0.66146 0.32422 0.61979
0 0.2627 0.70964 0.2627 0.75 0.32324 0.75 0.32324 0.70964
0 0.39453 0.61849 0.39453 0.66146 0.45703 0.66146 0.45703 0.61849
0 0.39453 0.71094 0.39453 0.75 0.45703 0.75 0.45703 0.71094
0 0.52832 0.61849 0.52832 0.66146 0.59277 0.66146 0.59277 0.61849
0 0.52832 0.71094 0.52832 0.7513 0.59277 0.7513 0.59277 0.71094
0 0.66602 0.61979 0.66602 0.66146 0.72949 0.66146 0.72949 0.61979
0 0.66602 0.71094 0.66602 0.7526 0.73047 0.7526 0.73047 0.71094
0 0.52832 0.42969 0.52832 0.47266 0.56934 0.47266 0.56934 0.42969
0 0.52832 0.51953 0.52832 0.5612 0.57031 0.5612 0.57031 0.51953
0 0.66504 0.43229 0.66504 0.47266 0.71484 0.47266 0.71484 0.43229
0 0.66602 0.52083 0.66602 0.5612 0.71582 0.5612 0.71582 0.52083
0 0.52832 0.23958 0.52832 0.28255 0.59277 0.28255 0.59277 0.23958
0 0.52832 0.33073 0.52832 0.3724 0.59277 0.3724 0.59277 0.33073
0 0.66504 0.24219 0.66504 0.28385 0.72949 0.28385 0.72949 0.24219
0 0.66504 0.33073 0.66504 0.3724 0.72852 0.3724 0.72852 0.33073
0 0.7998 0.24219 0.7998 0.28255 0.86523 0.28255 0.86523 0.24219
0 0.79883 0.33203 0.79883 0.3724 0.86523 0.3724 0.86523 0.33203
0 0.80078 0.43229 0.80078 0.47135 0.86523 0.47135 0.86523 0.43229
0 0.7998 0.52083 0.7998 0.5612 0.86426 0.5612 0.86426 0.52083
0 0.79883 0.61979 0.79883 0.66016 0.86523 0.66016 0.86523 0.61979
0 0.81543 0.71094 0.81543 0.7526 0.85547 0.7526 0.85547 0.71094
1 0.88672 0.70312 0.88672 0.76042 0.97656 0.76042 0.97656 0.70312
0 0.27441 0.1224 0.27441 0.16406 0.33496 0.16406 0.33496 0.1224
0 0.27344 0.044271 0.27344 0.085938 0.33398 0.085938 0.33398 0.044271
0 0.4043 0.1237 0.4043 0.16536 0.44043 0.16536 0.44043 0.1237
0 0.40332 0.045573 0.40332 0.085938 0.43945 0.085938 0.43945 0.045573
0 0.53906 0.1237 0.53906 0.16536 0.58301 0.16536 0.58301 0.1237
0 0.67383 0.125 0.67383 0.16536 0.72559 0.16536 0.72559 0.125
0 0.13672 0.70703 0.13672 0.7474 0.16211 0.7474 0.16211 0.70703
0 0.13672 0.61458 0.13672 0.65625 0.16211 0.65625 0.16211 0.61458
0 0.1377 0.51562 0.1377 0.55599 0.16309 0.55599 0.16309 0.51562
0 0.1377 0.42839 0.1377 0.47005 0.16211 0.47005 0.16211 0.42839
0 0.1377 0.32812 0.1377 0.36979 0.16309 0.36979 0.16309 0.32812
1 0.92188 0.4349 0.92188 0.46875 0.97559 0.46875 0.97559 0.4349
0 0.25684 0.85286 0.25684 0.89583 0.32422 0.89583 0.32422 0.85286
0 0.25684 0.91016 0.25684 0.95182 0.32422 0.95182 0.32422 0.91016
0 0.38672 0.88151 0.38672 0.92318 0.46094 0.92318 0.46094 0.88151
0 0.38574 0.85286 0.38574 0.8737 0.46094 0.8737 0.46094 0.85286
0 0.5166 0.85156 0.5166 0.875 0.54297 0.875 0.54297 0.85156
0 0.5166 0.88021 0.5166 0.91016 0.54297 0.91016 0.54297 0.88021
0 0.54785 0.85156 0.54785 0.875 0.59375 0.875 0.59375 0.85156
0 0.54785 0.88151 0.54785 0.91016 0.59473 0.91016 0.59473 0.88151
