0 0.11442 0.2621 0.11442 0.29716 0.21053 0.29716 0.21053 0.2621
0 0.11213 0.30217 0.11213 0.33723 0.20824 0.33723 0.20824 0.30217
0 0.10526 0.47746 0.10526 0.51252 0.20137 0.51252 0.20137 0.47746
0 0.10526 0.51753 0.10526 0.55259 0.20137 0.55259 0.20137 0.51753
0 0.050343 0.63439 0.050343 0.67446 0.15561 0.67446 0.15561 0.63439
0 0.052632 0.68114 0.052632 0.7212 0.15789 0.7212 0.15789 0.68114
0 0.24714 0.63606 0.24714 0.67613 0.38444 0.67613 0.38444 0.63606
0 0.24714 0.68114 0.24714 0.71953 0.38444 0.71953 0.38444 0.68114
0 0.47597 0.6828 0.47597 0.72454 0.62929 0.72454 0.62929 0.6828
0 0.47368 0.63606 0.47368 0.67613 0.627 0.67613 0.627 0.63606
0 0.7254 0.70117 0.7254 0.73289 0.86957 0.73289 0.86957 0.70117
0 0.72769 0.65275 0.72769 0.68948 0.86957 0.68948 0.86957 0.65275
0 0.72769 0.52755 0.72769 0.58598 0.86957 0.58598 0.86957 0.52755
0 0.71854 0.23372 0.71854 0.28548 0.86499 0.28548 0.86499 0.23372
0 0.71625 0.13856 0.71625 0.17195 0.84211 0.17195 0.84211 0.13856
0 0.71854 0.10017 0.71854 0.13356 0.84439 0.13356 0.84439 0.10017
0 0.47597 0.048414 0.47597 0.083472 0.61098 0.083472 0.61098 0.048414
0 0.47597 0.09015 0.47597 0.12521 0.61098 0.12521 0.61098 0.09015
0 0.26545 0.051753 0.26545 0.086811 0.40046 0.086811 0.40046 0.051753
0 0.26316 0.096828 0.26316 0.13189 0.39817 0.13189 0.39817 0.096828
0 0.075515 0.0601 0.075515 0.09182 0.19908 0.09182 0.19908 0.0601
0 0.073227 0.098497 0.073227 0.13022 0.1968 0.13022 0.1968 0.098497
0 0.086957 0.18531 0.086957 0.20534 0.19908 0.20534 0.19908 0.18531
0 0.27231 0.1803 0.27231 0.20033 0.38444 0.20033 0.38444 0.1803
0 0.48513 0.17696 0.48513 0.19533 0.62014 0.19533 0.62014 0.17696
0 0.49886 0.25876 0.49886 0.29382 0.61098 0.29382 0.61098 0.25876
0 0.50343 0.3005 0.50343 0.33556 0.61556 0.33556 0.61556 0.3005
0 0.50114 0.47746 0.50114 0.51252 0.61556 0.51252 0.61556 0.47746
0 0.50343 0.51753 0.50343 0.55259 0.61556 0.55259 0.61556 0.51753
0 0.28604 0.52254 0.28604 0.55593 0.38444 0.55593 0.38444 0.52254
0 0.28604 0.47913 0.28604 0.51252 0.38215 0.51252 0.38215 0.47913
0 0.29062 0.30384 0.29062 0.33723 0.38673 0.33723 0.38673 0.30384
0 0.29062 0.25876 0.29062 0.29382 0.38902 0.29382 0.38902 0.25876
0 0.28833 0.82471 0.28833 0.9616 0.41419 0.9616 0.41419 0.82471
0 0.49428 0.82471 0.49428 0.96327 0.64073 0.96327 0.64073 0.82471
0 0.72311 0.82304 0.72311 0.9616 0.87414 0.9616 0.87414 0.82304
0 0.15103 0.86978 0.15103 0.91152 0.2357 0.91152 0.2357 0.86978
1 0.79176 0.32053 0.79176 0.37563 0.93822 0.37563 0.93822 0.32053
1 0.79405 0.43406 0.79405 0.48915 0.94279 0.48915 0.94279 0.43406
