0 0.19863 0.32907 0.19863 0.38498 0.26941 0.38498 0.26941 0.32907
0 0.19635 0.72364 0.19635 0.77955 0.27397 0.77955 0.27397 0.72364
0 0.38128 0.21725 0.38128 0.26997 0.44292 0.26997 0.44292 0.21725
0 0.55023 0.21725 0.55023 0.26997 0.61187 0.26997 0.61187 0.21725
0 0.72374 0.22045 0.72374 0.27316 0.78539 0.27316 0.78539 0.22045
0 0.38128 0.85463 0.38128 0.90735 0.44521 0.90735 0.44521 0.85463
0 0.55023 0.85942 0.55023 0.91214 0.621 0.91214 0.621 0.85942
0 0.71233 0.85783 0.71233 0.91214 0.78995 0.91214 0.78995 0.85783
0 0.3653 0.34984 0.3653 0.4361 0.44977 0.4361 0.44977 0.34984
0 0.5411 0.34824 0.5411 0.4345 0.62329 0.4345 0.62329 0.34824
0 0.3653 0.67732 0.3653 0.76358 0.44749 0.76358 0.44749 0.67732
0 0.53881 0.68051 0.53881 0.76677 0.62329 0.76677 0.62329 0.68051
0 0.20776 0.58946 0.20776 0.68211 0.27169 0.68211 0.27169 0.58946
0 0.20548 0.4377 0.20548 0.53035 0.26941 0.53035 0.26941 0.4377
0 0.37671 0.49361 0.37671 0.59265 0.43836 0.59265 0.43836 0.49361
0 0.55023 0.49521 0.55023 0.59425 0.61187 0.59425 0.61187 0.49521
0 0.71918 0.49521 0.71918 0.59585 0.79452 0.59585 0.79452 0.49521
0 0.71461 0.35144 0.71461 0.4393 0.80365 0.4393 0.80365 0.35144
0 0.71233 0.67891 0.71233 0.76518 0.80137 0.76518 0.80137 0.67891
0 0.11872 0.53035 0.11872 0.55272 0.13927 0.55272 0.13927 0.53035
