0 0.057617 0.30334 0.057617 0.36118 0.10156 0.36118 0.10156 0.30334
0 0.05957 0.47558 0.05957 0.53342 0.10254 0.53342 0.10254 0.47558
0 0.061523 0.64781 0.061523 0.70566 0.10449 0.70566 0.10449 0.64781
0 0.047852 0.78535 0.047852 0.82776 0.089844 0.82776 0.089844 0.78535
0 0.048828 0.87661 0.048828 0.94087 0.088867 0.94087 0.088867 0.87661
0 0.11621 0.87532 0.11621 0.9383 0.15723 0.9383 0.15723 0.87532
0 0.18457 0.87661 0.18457 0.94087 0.22461 0.94087 0.22461 0.87661
0 0.25293 0.88046 0.25293 0.94087 0.29785 0.94087 0.29785 0.88046
0 0.32129 0.87918 0.32129 0.94216 0.36133 0.94216 0.36133 0.87918
0 0.11621 0.78663 0.11621 0.82905 0.1582 0.82905 0.1582 0.78663
0 0.18359 0.78792 0.18359 0.83033 0.22559 0.83033 0.22559 0.78792
0 0.25 0.78663 0.25 0.82905 0.29199 0.82905 0.29199 0.78663
0 0.31738 0.7892 0.31738 0.83162 0.36035 0.83162 0.36035 0.7892
0 0.18164 0.65296 0.18164 0.71594 0.22168 0.71594 0.22168 0.65296
0 0.25 0.65424 0.25 0.71722 0.29004 0.71722 0.29004 0.65424
0 0.31641 0.65424 0.31641 0.71722 0.35645 0.71722 0.35645 0.65424
0 0.18164 0.47686 0.18164 0.53985 0.22168 0.53985 0.22168 0.47686
0 0.24805 0.47686 0.24805 0.53985 0.28809 0.53985 0.28809 0.47686
0 0.31543 0.47815 0.31543 0.54113 0.35547 0.54113 0.35547 0.47815
0 0.38379 0.47815 0.38379 0.54113 0.4248 0.54113 0.4248 0.47815
0 0.45312 0.47815 0.45312 0.54242 0.49316 0.54242 0.49316 0.47815
0 0.38672 0.65553 0.38672 0.71851 0.42676 0.71851 0.42676 0.65553
0 0.38867 0.88175 0.38867 0.94602 0.42871 0.94602 0.42871 0.88175
0 0.45703 0.88046 0.45703 0.94344 0.49707 0.94344 0.49707 0.88046
0 0.45703 0.65553 0.45703 0.71979 0.49707 0.71979 0.49707 0.65553
0 0.18066 0.29692 0.18066 0.36118 0.22168 0.36118 0.22168 0.29692
0 0.24609 0.2982 0.24609 0.36247 0.28711 0.36247 0.28711 0.2982
0 0.31543 0.29949 0.31543 0.36375 0.35547 0.36375 0.35547 0.29949
0 0.38281 0.30077 0.38281 0.36375 0.42285 0.36375 0.42285 0.30077
0 0.45312 0.29692 0.45312 0.3599 0.49316 0.3599 0.49316 0.29692
0 0.52344 0.29949 0.52344 0.36375 0.56348 0.36375 0.56348 0.29949
0 0.52344 0.47815 0.52344 0.54242 0.56348 0.54242 0.56348 0.47815
0 0.52441 0.65553 0.52441 0.71851 0.56445 0.71851 0.56445 0.65553
0 0.52539 0.88046 0.52539 0.94344 0.56641 0.94344 0.56641 0.88046
0 0.11426 0.071979 0.11426 0.13496 0.1543 0.13496 0.1543 0.071979
0 0.18066 0.068123 0.18066 0.13111 0.2207 0.13111 0.2207 0.068123
0 0.24805 0.071979 0.24805 0.13496 0.28809 0.13496 0.28809 0.071979
0 0.31641 0.070694 0.31641 0.13368 0.35645 0.13368 0.35645 0.070694
0 0.3877 0.068123 0.3877 0.13111 0.42773 0.13111 0.42773 0.068123
0 0.45605 0.066838 0.45605 0.12982 0.49609 0.12982 0.49609 0.066838
0 0.52539 0.066838 0.52539 0.12982 0.56543 0.12982 0.56543 0.066838
0 0.045898 0.066838 0.045898 0.13111 0.085938 0.13111 0.085938 0.066838
0 0.3877 0.79049 0.3877 0.83419 0.42969 0.83419 0.42969 0.79049
0 0.4541 0.79049 0.4541 0.8329 0.49902 0.8329 0.49902 0.79049
0 0.52539 0.79049 0.52539 0.8329 0.56934 0.8329 0.56934 0.79049
0 0.59277 0.7892 0.59277 0.8329 0.6377 0.8329 0.6377 0.7892
0 0.66211 0.78792 0.66211 0.83033 0.70703 0.83033 0.70703 0.78792
0 0.72949 0.78663 0.72949 0.82776 0.77441 0.82776 0.77441 0.78663
0 0.59473 0.65424 0.59473 0.71851 0.63477 0.71851 0.63477 0.65424
0 0.59473 0.47815 0.59473 0.54113 0.63477 0.54113 0.63477 0.47815
0 0.59473 0.2982 0.59473 0.36247 0.63477 0.36247 0.63477 0.2982
0 0.66504 0.29692 0.66504 0.36118 0.70508 0.36118 0.70508 0.29692
0 0.66504 0.47815 0.66504 0.54242 0.70508 0.54242 0.70508 0.47815
0 0.66309 0.65424 0.66309 0.71722 0.70312 0.71722 0.70312 0.65424
0 0.66504 0.87661 0.66504 0.94087 0.70508 0.94087 0.70508 0.87661
0 0.73242 0.87661 0.73242 0.93316 0.77246 0.93316 0.77246 0.87661
0 0.73242 0.70694 0.73242 0.74679 0.77637 0.74679 0.77637 0.70694
0 0.73242 0.62211 0.73242 0.66195 0.77637 0.66195 0.77637 0.62211
0 0.73242 0.53342 0.73242 0.57326 0.77637 0.57326 0.77637 0.53342
0 0.73242 0.44602 0.73242 0.48586 0.77734 0.48586 0.77734 0.44602
0 0.73242 0.35604 0.73242 0.39589 0.77734 0.39589 0.77734 0.35604
0 0.59473 0.068123 0.59473 0.12853 0.6377 0.12853 0.6377 0.068123
0 0.66309 0.068123 0.66309 0.12853 0.70605 0.12853 0.70605 0.068123
0 0.82715 0.46787 0.82715 0.52956 0.87695 0.52956 0.87695 0.46787
0 0.82422 0.63239 0.82422 0.6928 0.87402 0.6928 0.87402 0.63239
0 0.80859 0.82262 0.80859 0.85733 0.86719 0.85733 0.86719 0.82262
1 0.95898 0.60668 0.95898 0.6581 0.99902 0.6581 0.99902 0.60668
