0 0.24034 0.24902 0.24034 0.2793 0.31933 0.2793 0.31933 0.24902
0 0.54958 0.39355 0.54958 0.41602 0.63193 0.41602 0.63193 0.39355
0 0.30252 0.035156 0.30252 0.080078 0.37983 0.080078 0.37983 0.035156
0 0.3042 0.13281 0.3042 0.1748 0.37983 0.1748 0.37983 0.13281
0 0.26891 0.91113 0.26891 0.95117 0.3563 0.95117 0.3563 0.91113
0 0.42857 0.91113 0.42857 0.95117 0.51597 0.95117 0.51597 0.91113
0 0.4521 0.035156 0.4521 0.080078 0.53109 0.080078 0.53109 0.035156
0 0.4521 0.13086 0.4521 0.17578 0.52941 0.17578 0.52941 0.13086
0 0.59664 0.13281 0.59664 0.1748 0.67395 0.1748 0.67395 0.13281
0 0.59832 0.03418 0.59832 0.079102 0.67731 0.079102 0.67731 0.03418
0 0.39496 0.24902 0.39496 0.27832 0.47395 0.27832 0.47395 0.24902
0 0.54958 0.24707 0.54958 0.27734 0.63193 0.27734 0.63193 0.24707
0 0.23866 0.33789 0.23866 0.3623 0.31597 0.3623 0.31597 0.33789
0 0.23697 0.39355 0.23697 0.41602 0.31765 0.41602 0.31765 0.39355
0 0.39328 0.39355 0.39328 0.41699 0.47395 0.41699 0.47395 0.39355
0 0.3916 0.33789 0.3916 0.36133 0.47395 0.36133 0.47395 0.33789
0 0.54958 0.33887 0.54958 0.36133 0.63025 0.36133 0.63025 0.33887
0 0.39496 0.47852 0.39496 0.50879 0.47395 0.50879 0.47395 0.47852
0 0.24034 0.47852 0.24034 0.50879 0.31933 0.50879 0.31933 0.47852
0 0.5479 0.47852 0.5479 0.50879 0.63025 0.50879 0.63025 0.47852
0 0.70924 0.39258 0.70924 0.41504 0.7916 0.41504 0.7916 0.39258
0 0.70924 0.33789 0.70924 0.36035 0.7916 0.36035 0.7916 0.33789
0 0.70924 0.47949 0.70924 0.50879 0.7916 0.50879 0.7916 0.47949
0 0.86723 0.47656 0.86723 0.51172 0.95126 0.51172 0.95126 0.47656
0 0.86723 0.3916 0.86723 0.42578 0.94622 0.42578 0.94622 0.3916
0 0.35462 0.58203 0.35462 0.6123 0.43529 0.6123 0.43529 0.58203
0 0.51429 0.58301 0.51429 0.61133 0.59496 0.61133 0.59496 0.58301
0 0.19832 0.58203 0.19832 0.61133 0.27731 0.61133 0.27731 0.58203
0 0.67395 0.58398 0.67395 0.6123 0.7563 0.6123 0.7563 0.58398
0 0.3563 0.67676 0.3563 0.70215 0.43361 0.70215 0.43361 0.67676
0 0.3563 0.72656 0.3563 0.75195 0.43361 0.75195 0.43361 0.72656
0 0.19664 0.67578 0.19664 0.70215 0.27395 0.70215 0.27395 0.67578
0 0.19664 0.72656 0.19664 0.75195 0.27395 0.75195 0.27395 0.72656
0 0.51261 0.67578 0.51261 0.70117 0.59496 0.70117 0.59496 0.67578
0 0.51261 0.72656 0.51261 0.75195 0.59664 0.75195 0.59664 0.72656
0 0.3563 0.81348 0.3563 0.84375 0.43529 0.84375 0.43529 0.81348
0 0.51261 0.81543 0.51261 0.84375 0.59496 0.84375 0.59496 0.81543
0 0.19664 0.81348 0.19664 0.84375 0.27563 0.84375 0.27563 0.81348
0 0.67395 0.81543 0.67395 0.84375 0.7563 0.84375 0.7563 0.81543
0 0.67395 0.67578 0.67395 0.70117 0.75798 0.70117 0.75798 0.67578
0 0.67395 0.72754 0.67395 0.75293 0.7563 0.75293 0.7563 0.72754
0 0.5916 0.91211 0.5916 0.95215 0.67899 0.95215 0.67899 0.91211
0 0.75294 0.91211 0.75294 0.95215 0.84538 0.95215 0.84538 0.91211
1 0.83193 0.6709 0.83193 0.70215 0.96975 0.70215 0.96975 0.6709
0 0.87227 0.56738 0.87227 0.6123 0.95294 0.6123 0.95294 0.56738
1 0.87395 0.61328 0.87395 0.63574 0.97143 0.63574 0.97143 0.61328
