0 0.11282 0.071289 0.11282 0.12891 0.23205 0.12891 0.23205 0.071289
0 0.10513 0.26465 0.10513 0.32227 0.22436 0.32227 0.22436 0.26465
0 0.10128 0.45117 0.10128 0.50879 0.22051 0.50879 0.22051 0.45117
0 0.10256 0.64844 0.10256 0.70605 0.22179 0.70605 0.22179 0.64844
0 0.11026 0.83691 0.11026 0.89453 0.22949 0.89453 0.22949 0.83691
0 0.35 0.83789 0.35 0.89551 0.48718 0.89551 0.48718 0.83789
0 0.34615 0.64746 0.34615 0.70508 0.48333 0.70508 0.48333 0.64746
0 0.34615 0.45215 0.34615 0.50977 0.48205 0.50977 0.48205 0.45215
0 0.35256 0.067383 0.35256 0.125 0.48846 0.125 0.48846 0.067383
0 0.34744 0.26367 0.34744 0.32129 0.48333 0.32129 0.48333 0.26367
0 0.61154 0.072266 0.61154 0.12793 0.74359 0.12793 0.74359 0.072266
0 0.60769 0.26074 0.60769 0.32422 0.74872 0.32422 0.74872 0.26074
0 0.61282 0.45117 0.61282 0.51465 0.75128 0.51465 0.75128 0.45117
0 0.61026 0.64355 0.61026 0.70703 0.74872 0.70703 0.74872 0.64355
0 0.61026 0.83594 0.61026 0.8916 0.74872 0.8916 0.74872 0.83594
0 0.83462 0.44727 0.83462 0.50977 0.98846 0.50977 0.98846 0.44727
0 0.83462 0.64062 0.83462 0.70312 0.98846 0.70312 0.98846 0.64062
0 0.84872 0.27344 0.84872 0.32129 0.98333 0.32129 0.98333 0.27344
0 0.85769 0.22266 0.85769 0.25098 0.92308 0.25098 0.92308 0.22266
1 0.83718 0.83008 0.83718 0.88672 0.98718 0.88672 0.98718 0.83008
1 0.78077 0.049805 0.78077 0.15039 0.98077 0.15039 0.98077 0.049805
