0 0.54308 0.84985 0.54308 0.9226 0.61619 0.9226 0.61619 0.84985
0 0.54308 0.74768 0.54308 0.81269 0.61358 0.81269 0.61358 0.74768
0 0.40209 0.8483 0.40209 0.92415 0.4752 0.92415 0.4752 0.8483
0 0.68146 0.84985 0.68146 0.92415 0.75457 0.92415 0.75457 0.84985
0 0.26371 0.8483 0.26371 0.91796 0.33943 0.91796 0.33943 0.8483
0 0.4047 0.74768 0.4047 0.81115 0.4752 0.81115 0.4752 0.74768
0 0.26371 0.74458 0.26371 0.8096 0.3342 0.8096 0.3342 0.74458
0 0.68146 0.75077 0.68146 0.81424 0.75196 0.81424 0.75196 0.75077
0 0.68146 0.63003 0.68146 0.69659 0.75718 0.69659 0.75718 0.63003
0 0.54308 0.63003 0.54308 0.69505 0.60836 0.69505 0.60836 0.63003
0 0.4047 0.63003 0.4047 0.69505 0.46997 0.69505 0.46997 0.63003
0 0.2611 0.63003 0.2611 0.69505 0.3342 0.69505 0.3342 0.63003
0 0.2611 0.51548 0.2611 0.58978 0.3342 0.58978 0.3342 0.51548
0 0.40209 0.51548 0.40209 0.58978 0.4752 0.58978 0.4752 0.51548
0 0.54047 0.51548 0.54047 0.58978 0.61358 0.58978 0.61358 0.51548
0 0.67885 0.51548 0.67885 0.58978 0.75196 0.58978 0.75196 0.51548
0 0.67885 0.4257 0.67885 0.5 0.75196 0.5 0.75196 0.4257
0 0.54047 0.43034 0.54047 0.50155 0.61358 0.50155 0.61358 0.43034
0 0.40209 0.42879 0.40209 0.5 0.47258 0.5 0.47258 0.42879
0 0.2611 0.42879 0.2611 0.5 0.3342 0.5 0.3342 0.42879
0 0.26371 0.32817 0.26371 0.38854 0.3342 0.38854 0.3342 0.32817
0 0.40209 0.32817 0.40209 0.38854 0.47258 0.38854 0.47258 0.32817
0 0.54047 0.32663 0.54047 0.38545 0.61097 0.38545 0.61097 0.32663
0 0.68146 0.32972 0.68146 0.39009 0.75457 0.39009 0.75457 0.32972
0 0.54047 0.21517 0.54047 0.27245 0.61619 0.27245 0.61619 0.21517
0 0.67885 0.21672 0.67885 0.27399 0.74674 0.27399 0.74674 0.21672
0 0.40209 0.21517 0.40209 0.27399 0.47781 0.27399 0.47781 0.21517
0 0.26371 0.21517 0.26371 0.27399 0.33681 0.27399 0.33681 0.21517
0 0.26632 0.10836 0.26632 0.17337 0.33943 0.17337 0.33943 0.10836
0 0.40209 0.10836 0.40209 0.17492 0.4752 0.17492 0.4752 0.10836
0 0.53525 0.10836 0.53525 0.17492 0.60836 0.17492 0.60836 0.10836
0 0.67624 0.10991 0.67624 0.17647 0.74674 0.17647 0.74674 0.10991
0 0.67885 0.81734 0.67885 0.84365 0.75196 0.84365 0.75196 0.81734
0 0.54047 0.81734 0.54047 0.8452 0.61358 0.8452 0.61358 0.81734
0 0.40209 0.81734 0.40209 0.84365 0.4752 0.84365 0.4752 0.81734
0 0.26371 0.81424 0.26371 0.84211 0.33681 0.84211 0.33681 0.81424
0 0.2611 0.59598 0.2611 0.62229 0.3342 0.62229 0.3342 0.59598
0 0.40209 0.59598 0.40209 0.62229 0.4752 0.62229 0.4752 0.59598
0 0.54047 0.59752 0.54047 0.62384 0.61358 0.62384 0.61358 0.59752
0 0.26371 0.39628 0.26371 0.4226 0.33681 0.4226 0.33681 0.39628
0 0.39948 0.39474 0.39948 0.42105 0.47258 0.42105 0.47258 0.39474
0 0.54047 0.39474 0.54047 0.42105 0.61358 0.42105 0.61358 0.39474
0 0.68146 0.39474 0.68146 0.42105 0.75457 0.42105 0.75457 0.39474
0 0.67363 0.18111 0.67363 0.20743 0.74674 0.20743 0.74674 0.18111
0 0.53786 0.17957 0.53786 0.20588 0.61097 0.20588 0.61097 0.17957
0 0.26371 0.17957 0.26371 0.20743 0.33681 0.20743 0.33681 0.17957
0 0.39948 0.18266 0.39948 0.20898 0.47258 0.20898 0.47258 0.18266
1 0.81723 0.17957 0.81723 0.28019 0.94778 0.28019 0.94778 0.17957
0 0.68146 0.59598 0.68146 0.62384 0.75457 0.62384 0.75457 0.59598
