0 0.27027 0.083008 0.27027 0.13086 0.44764 0.13086 0.44764 0.083008
0 0.32432 0.23145 0.32432 0.26465 0.44595 0.26465 0.44595 0.23145
0 0.32432 0.31543 0.32432 0.34863 0.44764 0.34863 0.44764 0.31543
0 0.32264 0.39648 0.32264 0.43066 0.44595 0.43066 0.44595 0.39648
0 0.32432 0.48145 0.32432 0.51465 0.44764 0.51465 0.44764 0.48145
0 0.32601 0.56445 0.32601 0.59766 0.44932 0.59766 0.44932 0.56445
0 0.32601 0.64648 0.32601 0.67969 0.44764 0.67969 0.44764 0.64648
0 0.32432 0.72949 0.32432 0.76367 0.44764 0.76367 0.44764 0.72949
0 0.27872 0.8623 0.27872 0.90625 0.44764 0.90625 0.44764 0.8623
0 0.52196 0.86133 0.52196 0.90527 0.67905 0.90527 0.67905 0.86133
0 0.55236 0.73047 0.55236 0.76465 0.67399 0.76465 0.67399 0.73047
0 0.55574 0.64648 0.55574 0.68066 0.67905 0.68066 0.67905 0.64648
0 0.55574 0.56445 0.55574 0.59863 0.67905 0.59863 0.67905 0.56445
0 0.55405 0.48047 0.55405 0.51465 0.67736 0.51465 0.67736 0.48047
0 0.55574 0.39551 0.55574 0.42871 0.67736 0.42871 0.67736 0.39551
0 0.55743 0.23047 0.55743 0.26465 0.68074 0.26465 0.68074 0.23047
0 0.52365 0.085938 0.52365 0.13086 0.68074 0.13086 0.68074 0.085938
0 0.79054 0.86328 0.79054 0.91016 0.93919 0.91016 0.93919 0.86328
0 0.7973 0.72852 0.7973 0.76855 0.9375 0.76855 0.9375 0.72852
0 0.79561 0.64453 0.79561 0.68262 0.93581 0.68262 0.93581 0.64453
0 0.79561 0.56055 0.79561 0.59863 0.93581 0.59863 0.93581 0.56055
0 0.79561 0.47852 0.79561 0.5166 0.93581 0.5166 0.93581 0.47852
0 0.79899 0.22949 0.79899 0.2666 0.94088 0.2666 0.94088 0.22949
1 0.79392 0.085938 0.79392 0.12988 0.99324 0.12988 0.99324 0.085938
