0 0.42006 0.18824 0.42006 0.2549 0.50157 0.2549 0.50157 0.18824
0 0.42006 0.32941 0.42006 0.39608 0.50313 0.39608 0.50313 0.32941
0 0.41693 0.63922 0.41693 0.70588 0.5 0.70588 0.5 0.63922
0 0.4185 0.77451 0.4185 0.84118 0.5 0.84118 0.5 0.77451
0 0.55643 0.18824 0.55643 0.25294 0.62853 0.25294 0.62853 0.18824
0 0.55486 0.33137 0.55486 0.39608 0.62539 0.39608 0.62539 0.33137
0 0.55643 0.47451 0.55643 0.55294 0.62696 0.55294 0.62696 0.47451
0 0.55172 0.64314 0.55172 0.70784 0.62226 0.70784 0.62226 0.64314
0 0.55172 0.77647 0.55172 0.84118 0.62382 0.84118 0.62382 0.77647
0 0.28213 0.19412 0.28213 0.24706 0.3511 0.24706 0.3511 0.19412
0 0.28213 0.33333 0.28213 0.38627 0.3511 0.38627 0.3511 0.33333
0 0.279 0.50196 0.279 0.5549 0.34796 0.5549 0.34796 0.50196
0 0.28213 0.64902 0.28213 0.70196 0.3511 0.70196 0.3511 0.64902
0 0.28683 0.78627 0.28683 0.83922 0.3558 0.83922 0.3558 0.78627
0 0.17241 0.19412 0.17241 0.22941 0.23354 0.22941 0.23354 0.19412
0 0.17398 0.33333 0.17398 0.36863 0.23511 0.36863 0.23511 0.33333
0 0.16928 0.49412 0.16928 0.53529 0.23041 0.53529 0.23041 0.49412
0 0.17398 0.64902 0.17398 0.68431 0.23511 0.68431 0.23511 0.64902
0 0.17398 0.78431 0.17398 0.81765 0.23511 0.81765 0.23511 0.78431
0 0.40909 0.47255 0.40909 0.56667 0.49216 0.56667 0.49216 0.47255
0 0.67241 0.17059 0.67241 0.2902 0.78056 0.2902 0.78056 0.17059
0 0.67085 0.30588 0.67085 0.42745 0.779 0.42745 0.779 0.30588
0 0.66928 0.61569 0.66928 0.73725 0.77743 0.73725 0.77743 0.61569
0 0.66928 0.74902 0.66928 0.86863 0.77586 0.86863 0.77586 0.74902
0 0.67085 0.46667 0.67085 0.58039 0.75549 0.58039 0.75549 0.46667
0 0.97179 0.55098 0.97179 0.55098 0.97179 0.55098 0.97179 0.55098
0 0.84483 0.46863 0.84483 0.55882 0.97179 0.55882 0.97179 0.46863
1 0.84953 0.1902 0.84953 0.26863 0.9906 0.26863 0.9906 0.1902
