0 0.17383 0.045588 0.17383 0.098529 0.24414 0.098529 0.24414 0.045588
0 0.16016 0.2 0.16016 0.25294 0.23438 0.25294 0.23438 0.2
0 0.16016 0.31471 0.16016 0.37059 0.23242 0.37059 0.23242 0.31471
0 0.16016 0.44706 0.16016 0.5 0.23242 0.5 0.23242 0.44706
0 0.16016 0.56176 0.16016 0.61618 0.23242 0.61618 0.23242 0.56176
0 0.1582 0.69412 0.1582 0.74706 0.23047 0.74706 0.23047 0.69412
0 0.1582 0.81029 0.1582 0.86471 0.23047 0.86471 0.23047 0.81029
0 0.30957 0.80882 0.30957 0.86471 0.38477 0.86471 0.38477 0.80882
0 0.30957 0.68971 0.30957 0.74559 0.38477 0.74559 0.38477 0.68971
0 0.31055 0.56029 0.31055 0.61471 0.38379 0.61471 0.38379 0.56029
0 0.31055 0.44559 0.31055 0.5 0.38379 0.5 0.38379 0.44559
0 0.31152 0.31471 0.31152 0.36618 0.38672 0.36618 0.38672 0.31471
0 0.31152 0.2 0.31152 0.25294 0.3877 0.25294 0.3877 0.2
0 0.4668 0.19559 0.4668 0.25147 0.54102 0.25147 0.54102 0.19559
0 0.46582 0.31471 0.46582 0.36912 0.54004 0.36912 0.54004 0.31471
0 0.46484 0.44412 0.46484 0.49706 0.51367 0.49706 0.51367 0.44412
0 0.46484 0.55882 0.46484 0.61324 0.51367 0.61324 0.51367 0.55882
0 0.46387 0.68824 0.46387 0.74559 0.54004 0.74559 0.54004 0.68824
0 0.46387 0.80882 0.46387 0.86324 0.54004 0.86324 0.54004 0.80882
0 0.62305 0.19706 0.62305 0.25 0.69727 0.25 0.69727 0.19706
0 0.62305 0.31176 0.62305 0.36765 0.69629 0.36765 0.69629 0.31176
0 0.62207 0.44412 0.62207 0.49853 0.67969 0.49853 0.67969 0.44412
0 0.62305 0.55882 0.62305 0.61176 0.68066 0.61176 0.68066 0.55882
0 0.62402 0.68971 0.62402 0.74265 0.69824 0.74265 0.69824 0.68971
0 0.62402 0.80735 0.62402 0.86176 0.69824 0.86176 0.69824 0.80735
0 0.77734 0.19853 0.77734 0.25 0.85449 0.25 0.85449 0.19853
0 0.77734 0.31029 0.77734 0.36618 0.85254 0.36618 0.85254 0.31029
0 0.77734 0.44265 0.77734 0.49706 0.85352 0.49706 0.85352 0.44265
0 0.77637 0.55735 0.77637 0.61324 0.85254 0.61324 0.85254 0.55735
0 0.77637 0.68971 0.77637 0.74118 0.85254 0.74118 0.85254 0.68971
0 0.79492 0.80588 0.79492 0.86176 0.84082 0.86176 0.84082 0.80588
0 0.78711 0.041176 0.78711 0.097059 0.8584 0.097059 0.8584 0.041176
0 0.63281 0.048529 0.63281 0.098529 0.69336 0.098529 0.69336 0.048529
0 0.47852 0.044118 0.47852 0.097059 0.52832 0.097059 0.52832 0.044118
0 0.32324 0.045588 0.32324 0.098529 0.36426 0.098529 0.36426 0.045588
1 0.87891 0.79853 0.87891 0.87206 0.99219 0.87206 0.99219 0.79853
0 0.015625 0.80441 0.015625 0.85882 0.043945 0.85882 0.043945 0.80441
0 0.015625 0.68824 0.015625 0.74118 0.044922 0.74118 0.044922 0.68824
0 0.015625 0.55882 0.015625 0.61324 0.046875 0.61324 0.046875 0.55882
0 0.017578 0.44265 0.017578 0.49706 0.046875 0.49706 0.046875 0.44265
0 0.018555 0.31176 0.018555 0.36765 0.046875 0.36765 0.046875 0.31176
