0 0.11421 0.10319 0.11421 0.18058 0.20334 0.18058 0.20334 0.10319
0 0.11699 0.25797 0.11699 0.33536 0.20613 0.33536 0.20613 0.25797
0 0.29526 0.25797 0.29526 0.33536 0.38162 0.33536 0.38162 0.25797
0 0.29526 0.1047 0.29526 0.18209 0.38162 0.18209 0.38162 0.1047
0 0.48189 0.25645 0.48189 0.33384 0.56825 0.33384 0.56825 0.25645
0 0.48189 0.097117 0.48189 0.17602 0.56825 0.17602 0.56825 0.097117
0 0.12256 0.56297 0.12256 0.64036 0.20891 0.64036 0.20891 0.56297
0 0.11978 0.71775 0.11978 0.79514 0.20891 0.79514 0.20891 0.71775
0 0.29805 0.56449 0.29805 0.64188 0.38719 0.64188 0.38719 0.56449
0 0.30084 0.72079 0.30084 0.79818 0.38997 0.79818 0.38997 0.72079
0 0.48468 0.56146 0.48468 0.63885 0.57382 0.63885 0.57382 0.56146
0 0.48468 0.71775 0.48468 0.79514 0.57382 0.79514 0.57382 0.71775
0 0.66574 0.71775 0.66574 0.79514 0.75487 0.79514 0.75487 0.71775
0 0.66852 0.56297 0.66852 0.6434 0.75766 0.6434 0.75766 0.56297
0 0.66852 0.2519 0.66852 0.33232 0.75487 0.33232 0.75487 0.2519
0 0.66574 0.097117 0.66574 0.17602 0.75487 0.17602 0.75487 0.097117
0 0.1532 0.86343 0.1532 0.94234 0.25348 0.94234 0.25348 0.86343
0 0.32312 0.86039 0.32312 0.94537 0.3844 0.94537 0.3844 0.86039
0 0.50139 0.86191 0.50139 0.94689 0.56546 0.94689 0.56546 0.86191
0 0.67409 0.86495 0.67409 0.94689 0.75766 0.94689 0.75766 0.86495
0 0.14485 0.0075873 0.14485 0.080425 0.19777 0.080425 0.19777 0.0075873
0 0.32312 0.0060698 0.32312 0.080425 0.37604 0.080425 0.37604 0.0060698
0 0.50975 0.0091047 0.50975 0.081942 0.56546 0.081942 0.56546 0.0091047
0 0.65738 0.0091047 0.65738 0.080425 0.7493 0.080425 0.7493 0.0091047
0 0.13928 0.45372 0.13928 0.49317 0.20613 0.49317 0.20613 0.45372
0 0.32033 0.45068 0.32033 0.49165 0.38997 0.49165 0.38997 0.45068
0 0.49861 0.4522 0.49861 0.49165 0.56546 0.49165 0.56546 0.4522
0 0.67409 0.4522 0.67409 0.49317 0.75209 0.49317 0.75209 0.4522
0 0.13649 0.3824 0.13649 0.41882 0.19777 0.41882 0.19777 0.3824
0 0.32312 0.37785 0.32312 0.41426 0.38162 0.41426 0.38162 0.37785
0 0.50139 0.37785 0.50139 0.41275 0.55989 0.41275 0.55989 0.37785
0 0.69081 0.37785 0.69081 0.41426 0.76602 0.41426 0.76602 0.37785
0 0.84401 0.36115 0.84401 0.40061 0.89415 0.40061 0.89415 0.36115
0 0.67967 0.52807 0.67967 0.54476 0.76045 0.54476 0.76045 0.52807
0 0.49304 0.52959 0.49304 0.54476 0.56825 0.54476 0.56825 0.52959
0 0.31476 0.52807 0.31476 0.54325 0.38162 0.54325 0.38162 0.52807
0 0.13928 0.52504 0.13928 0.54325 0.19499 0.54325 0.19499 0.52504
1 0.84401 0.85432 0.84401 0.94385 0.97214 0.94385 0.97214 0.85432
