0 0.053711 0.13636 0.053711 0.17493 0.092773 0.17493 0.092773 0.13636
0 0.045898 0.7686 0.045898 0.80716 0.084961 0.80716 0.084961 0.7686
0 0.071289 0.50551 0.071289 0.53306 0.09375 0.53306 0.09375 0.50551
0 0.070312 0.46556 0.070312 0.49449 0.09375 0.49449 0.09375 0.46556
0 0.075195 0.42975 0.075195 0.45592 0.09082 0.45592 0.09082 0.42975
0 0.076172 0.54545 0.076172 0.57163 0.091797 0.57163 0.091797 0.54545
0 0.21484 0.32369 0.21484 0.37328 0.28418 0.37328 0.28418 0.32369
0 0.21484 0.41322 0.21484 0.46281 0.28418 0.46281 0.28418 0.41322
0 0.21289 0.50413 0.21289 0.55372 0.28223 0.55372 0.28223 0.50413
0 0.21387 0.59229 0.21387 0.64325 0.2832 0.64325 0.2832 0.59229
0 0.3457 0.32507 0.3457 0.37603 0.41504 0.37603 0.41504 0.32507
0 0.34473 0.41598 0.34473 0.46556 0.41406 0.46556 0.41406 0.41598
0 0.34277 0.50551 0.34277 0.55647 0.41309 0.55647 0.41309 0.50551
0 0.34375 0.59366 0.34375 0.64325 0.41309 0.64325 0.41309 0.59366
0 0.47852 0.32782 0.47852 0.37741 0.53027 0.37741 0.53027 0.32782
0 0.47754 0.42149 0.47754 0.47107 0.5293 0.47107 0.5293 0.42149
0 0.47754 0.50551 0.47754 0.55647 0.52832 0.55647 0.52832 0.50551
0 0.47754 0.59917 0.47754 0.64738 0.52832 0.64738 0.52832 0.59917
0 0.33008 0.10744 0.33008 0.21074 0.40527 0.21074 0.40527 0.10744
0 0.4668 0.1157 0.4668 0.21901 0.54199 0.21901 0.54199 0.1157
0 0.32422 0.73967 0.32422 0.84435 0.39941 0.84435 0.39941 0.73967
0 0.46289 0.73967 0.46289 0.84435 0.53809 0.84435 0.53809 0.73967
0 0.2041 0.73416 0.2041 0.84573 0.25879 0.84573 0.25879 0.73416
0 0.21094 0.11708 0.21094 0.22727 0.26465 0.22727 0.26465 0.11708
0 0.6084 0.51653 0.6084 0.66942 0.6748 0.66942 0.6748 0.51653
0 0.6084 0.31267 0.6084 0.46556 0.67383 0.46556 0.67383 0.31267
0 0.60645 0.73967 0.60645 0.85262 0.67285 0.85262 0.67285 0.73967
0 0.60938 0.1281 0.60938 0.24105 0.67578 0.24105 0.67578 0.1281
1 0.74219 0.73003 0.74219 0.79477 0.8877 0.79477 0.8877 0.73003
1 0.74121 0.80716 0.74121 0.86639 0.8877 0.86639 0.8877 0.80716
