0 0.11459 0.14941 0.11459 0.19434 0.20757 0.19434 0.20757 0.14941
0 0.12324 0.32715 0.12324 0.36328 0.21297 0.36328 0.21297 0.32715
0 0.30703 0.17188 0.30703 0.20703 0.39351 0.20703 0.39351 0.17188
0 0.12324 0.37695 0.12324 0.41309 0.21405 0.41309 0.21405 0.37695
0 0.12216 0.64453 0.12216 0.68066 0.21405 0.68066 0.21405 0.64453
0 0.12216 0.69434 0.12216 0.73145 0.21297 0.73145 0.21297 0.69434
0 0.30811 0.12207 0.30811 0.15723 0.39351 0.15723 0.39351 0.12207
0 0.31351 0.33008 0.31351 0.36621 0.4 0.36621 0.4 0.33008
0 0.31568 0.38086 0.31568 0.41699 0.40216 0.41699 0.40216 0.38086
0 0.49514 0.16895 0.49514 0.20703 0.58486 0.20703 0.58486 0.16895
0 0.49514 0.11816 0.49514 0.15527 0.58486 0.15527 0.58486 0.11816
0 0.31568 0.64746 0.31568 0.68359 0.40108 0.68359 0.40108 0.64746
0 0.31568 0.69629 0.31568 0.73242 0.40108 0.73242 0.40108 0.69629
0 0.30919 0.83105 0.30919 0.86719 0.39459 0.86719 0.39459 0.83105
0 0.30919 0.88184 0.30919 0.91797 0.39459 0.91797 0.39459 0.88184
0 0.50054 0.3291 0.50054 0.36426 0.59027 0.36426 0.59027 0.3291
0 0.50162 0.37988 0.50162 0.41602 0.59135 0.41602 0.59135 0.37988
0 0.50162 0.64551 0.50162 0.68164 0.59135 0.68164 0.59135 0.64551
0 0.50054 0.69531 0.50054 0.73145 0.59027 0.73145 0.59027 0.69531
0 0.49622 0.83105 0.49622 0.86719 0.58703 0.86719 0.58703 0.83105
0 0.4973 0.88184 0.4973 0.91895 0.58703 0.91895 0.58703 0.88184
0 0.68973 0.16895 0.68973 0.20703 0.77946 0.20703 0.77946 0.16895
0 0.68865 0.11816 0.68865 0.15625 0.78162 0.15625 0.78162 0.11816
0 0.88216 0.11816 0.88216 0.15625 0.97622 0.15625 0.97622 0.11816
0 0.88216 0.17188 0.88216 0.20801 0.97622 0.20801 0.97622 0.17188
0 0.69189 0.38281 0.69189 0.41895 0.78378 0.41895 0.78378 0.38281
0 0.69081 0.33203 0.69081 0.36914 0.78486 0.36914 0.78486 0.33203
0 0.88324 0.38379 0.88324 0.4209 0.97622 0.4209 0.97622 0.38379
0 0.88324 0.33301 0.88324 0.36914 0.9773 0.36914 0.9773 0.33301
0 0.69297 0.69824 0.69297 0.73535 0.78486 0.73535 0.78486 0.69824
0 0.69297 0.64941 0.69297 0.68555 0.78486 0.68555 0.78486 0.64941
0 0.68757 0.83105 0.68757 0.86816 0.78162 0.86816 0.78162 0.83105
0 0.68865 0.88184 0.68865 0.91895 0.78162 0.91895 0.78162 0.88184
0 0.88108 0.88477 0.88108 0.9209 0.97514 0.9209 0.97514 0.88477
0 0.88216 0.83301 0.88216 0.87012 0.97514 0.87012 0.97514 0.83301
0 0.88324 0.7002 0.88324 0.7373 0.97622 0.7373 0.97622 0.7002
0 0.88324 0.64941 0.88324 0.6875 0.97622 0.6875 0.97622 0.64941
0 0.12216 0.49609 0.12216 0.55859 0.21514 0.55859 0.21514 0.49609
0 0.31459 0.49902 0.31459 0.56152 0.4 0.56152 0.4 0.49902
0 0.50162 0.49902 0.50162 0.5625 0.59135 0.5625 0.59135 0.49902
0 0.69297 0.50293 0.69297 0.56641 0.78486 0.56641 0.78486 0.50293
0 0.88432 0.50488 0.88432 0.56738 0.97514 0.56738 0.97514 0.50488
