0 0.16895 0.080745 0.16895 0.23602 0.29492 0.23602 0.29492 0.080745
0 0.17188 0.40994 0.17188 0.56522 0.29785 0.56522 0.29785 0.40994
0 0.16797 0.74534 0.16797 0.90062 0.29395 0.90062 0.29395 0.74534
0 0.37305 0.084886 0.37305 0.2381 0.49512 0.2381 0.49512 0.084886
0 0.37012 0.41408 0.37012 0.56729 0.49121 0.56729 0.49121 0.41408
0 0.37305 0.7412 0.37305 0.89441 0.49512 0.89441 0.49512 0.7412
0 0.59277 0.095238 0.59277 0.24017 0.72949 0.24017 0.72949 0.095238
0 0.59082 0.41201 0.59082 0.55487 0.72754 0.55487 0.72754 0.41201
0 0.58984 0.74534 0.58984 0.8882 0.72656 0.8882 0.72656 0.74534
1 0.85742 0.043478 0.85742 0.16977 0.99512 0.16977 0.99512 0.043478
1 0.86035 0.57764 0.86035 0.6853 0.99414 0.6853 0.99414 0.57764
0 0.87402 0.48033 0.87402 0.56315 0.97949 0.56315 0.97949 0.48033
