0 0.08427 0.77853 0.08427 0.79216 0.16011 0.79216 0.16011 0.77853
0 0.081461 0.75298 0.081461 0.76661 0.1573 0.76661 0.1573 0.75298
0 0.081461 0.72913 0.081461 0.74106 0.1573 0.74106 0.1573 0.72913
0 0.081461 0.70358 0.081461 0.71721 0.1573 0.71721 0.1573 0.70358
0 0.078652 0.56218 0.078652 0.58262 0.15449 0.58262 0.15449 0.56218
0 0.087079 0.53152 0.087079 0.55026 0.1573 0.55026 0.1573 0.53152
0 0.081461 0.081772 0.081461 0.0954 0.16573 0.0954 0.16573 0.081772
0 0.078652 0.10562 0.078652 0.11925 0.16573 0.11925 0.16573 0.10562
0 0.078652 0.12777 0.078652 0.1431 0.16573 0.1431 0.16573 0.12777
0 0.081461 0.15162 0.081461 0.16695 0.16573 0.16695 0.16573 0.15162
0 0.25843 0.1431 0.25843 0.16525 0.38202 0.16525 0.38202 0.1431
0 0.25843 0.11244 0.25843 0.13288 0.38202 0.13288 0.38202 0.11244
0 0.25843 0.080068 0.25843 0.10051 0.38202 0.10051 0.38202 0.080068
0 0.24157 0.21124 0.24157 0.22828 0.36798 0.22828 0.36798 0.21124
0 0.24719 0.24532 0.24719 0.26405 0.3736 0.26405 0.3736 0.24532
0 0.24157 0.1908 0.24157 0.20102 0.37079 0.20102 0.37079 0.1908
0 0.4691 0.081772 0.4691 0.10392 0.58989 0.10392 0.58989 0.081772
0 0.4691 0.11244 0.4691 0.13629 0.5927 0.13629 0.5927 0.11244
0 0.4691 0.1448 0.4691 0.16695 0.58989 0.16695 0.58989 0.1448
0 0.46629 0.24532 0.46629 0.26405 0.58989 0.26405 0.58989 0.24532
0 0.46348 0.21295 0.46348 0.22828 0.58989 0.22828 0.58989 0.21295
0 0.46348 0.1925 0.46348 0.20273 0.5927 0.20273 0.5927 0.1925
0 0.08427 0.28961 0.08427 0.31005 0.15449 0.31005 0.15449 0.28961
0 0.081461 0.31687 0.081461 0.34242 0.15449 0.34242 0.15449 0.31687
0 0.23596 0.61158 0.23596 0.62692 0.36517 0.62692 0.36517 0.61158
0 0.24719 0.58262 0.24719 0.59796 0.37079 0.59796 0.37079 0.58262
0 0.24438 0.64395 0.24438 0.65758 0.37079 0.65758 0.37079 0.64395
0 0.46629 0.61158 0.46629 0.62521 0.59551 0.62521 0.59551 0.61158
0 0.46629 0.64225 0.46629 0.65588 0.59551 0.65588 0.59551 0.64225
0 0.4691 0.58262 0.4691 0.59625 0.59831 0.59625 0.59831 0.58262
0 0.25843 0.70187 0.25843 0.72232 0.38202 0.72232 0.38202 0.70187
0 0.26124 0.73595 0.26124 0.75809 0.38202 0.75809 0.38202 0.73595
0 0.25843 0.77002 0.25843 0.79216 0.38202 0.79216 0.38202 0.77002
0 0.48034 0.69847 0.48034 0.72061 0.60112 0.72061 0.60112 0.69847
0 0.47753 0.73424 0.47753 0.75639 0.60112 0.75639 0.60112 0.73424
0 0.47753 0.76831 0.47753 0.79046 0.59831 0.79046 0.59831 0.76831
0 0.48596 0.36797 0.48596 0.39012 0.60112 0.39012 0.60112 0.36797
0 0.48596 0.47871 0.48596 0.50256 0.60112 0.50256 0.60112 0.47871
0 0.69663 0.47359 0.69663 0.50256 0.8118 0.50256 0.8118 0.47359
0 0.69663 0.36627 0.69663 0.39353 0.8118 0.39353 0.8118 0.36627
0 0.48315 0.40375 0.48315 0.46337 0.60112 0.46337 0.60112 0.40375
0 0.69663 0.40375 0.69663 0.46508 0.8118 0.46508 0.8118 0.40375
0 0.26685 0.36968 0.26685 0.50256 0.37921 0.50256 0.37921 0.36968
0 0.064607 0.35434 0.064607 0.4276 0.16854 0.4276 0.16854 0.35434
0 0.061798 0.4293 0.061798 0.50426 0.16573 0.50426 0.16573 0.4293
0 0.69101 0.061329 0.69101 0.13118 0.79494 0.13118 0.79494 0.061329
0 0.70225 0.21635 0.70225 0.25894 0.80618 0.25894 0.80618 0.21635
0 0.11236 0.85009 0.11236 0.89949 0.18258 0.89949 0.18258 0.85009
0 0.25281 0.9063 0.25281 0.95911 0.38202 0.95911 0.38202 0.9063
0 0.25 0.84668 0.25 0.89949 0.37921 0.89949 0.37921 0.84668
0 0.47191 0.9063 0.47191 0.9523 0.60955 0.9523 0.60955 0.9063
0 0.47472 0.84838 0.47472 0.89438 0.61236 0.89438 0.61236 0.84838
0 0.6882 0.84497 0.6882 0.89267 0.80899 0.89267 0.80899 0.84497
0 0.6882 0.9029 0.6882 0.9506 0.8118 0.9506 0.8118 0.9029
0 0.69944 0.60477 0.69944 0.64906 0.80899 0.64906 0.80899 0.60477
0 0.69944 0.69847 0.69944 0.72232 0.81461 0.72232 0.81461 0.69847
0 0.69944 0.73254 0.69944 0.75809 0.8118 0.75809 0.8118 0.73254
0 0.69944 0.76491 0.69944 0.78876 0.8118 0.78876 0.8118 0.76491
1 0.8736 0.30664 0.8736 0.35945 0.99719 0.35945 0.99719 0.30664
