0 0.29511 0.47632 0.29511 0.54596 0.34774 0.54596 0.34774 0.47632
0 0.29323 0.32591 0.29323 0.39554 0.34774 0.39554 0.34774 0.32591
0 0.29323 0.62674 0.29323 0.69359 0.34774 0.69359 0.34774 0.62674
0 0.40226 0.1727 0.40226 0.25348 0.46241 0.25348 0.46241 0.1727
0 0.40038 0.32312 0.40038 0.40111 0.46241 0.40111 0.46241 0.32312
0 0.40038 0.47075 0.40038 0.55153 0.46241 0.55153 0.46241 0.47075
0 0.3985 0.6156 0.3985 0.69638 0.46053 0.69638 0.46053 0.6156
0 0.3985 0.77159 0.3985 0.85237 0.46053 0.85237 0.46053 0.77159
0 0.51128 0.17549 0.51128 0.25627 0.57519 0.25627 0.57519 0.17549
0 0.51316 0.32033 0.51316 0.40111 0.57895 0.40111 0.57895 0.32033
0 0.51316 0.47075 0.51316 0.55432 0.57707 0.55432 0.57707 0.47075
0 0.5094 0.62396 0.5094 0.70474 0.57331 0.70474 0.57331 0.62396
0 0.5094 0.7688 0.5094 0.84958 0.57331 0.84958 0.57331 0.7688
0 0.62594 0.1727 0.62594 0.25348 0.68985 0.25348 0.68985 0.1727
0 0.62406 0.32033 0.62406 0.40111 0.68797 0.40111 0.68797 0.32033
0 0.62594 0.47354 0.62594 0.55432 0.68985 0.55432 0.68985 0.47354
0 0.62594 0.62117 0.62594 0.70195 0.68985 0.70195 0.68985 0.62117
0 0.62406 0.77159 0.62406 0.85237 0.68797 0.85237 0.68797 0.77159
0 0.73496 0.77159 0.73496 0.85237 0.79887 0.85237 0.79887 0.77159
0 0.73684 0.62117 0.73684 0.70195 0.80075 0.70195 0.80075 0.62117
0 0.73684 0.47075 0.73684 0.55153 0.80075 0.55153 0.80075 0.47075
0 0.73872 0.32869 0.73872 0.40947 0.80263 0.40947 0.80263 0.32869
0 0.73684 0.1727 0.73684 0.25348 0.80263 0.25348 0.80263 0.1727
0 0.52256 0.072423 0.52256 0.11142 0.57895 0.11142 0.57895 0.072423
0 0.62594 0.077994 0.62594 0.11142 0.68609 0.11142 0.68609 0.077994
0 0.73872 0.075209 0.73872 0.11142 0.79887 0.11142 0.79887 0.075209
0 0.51504 0.91922 0.51504 0.95265 0.57519 0.95265 0.57519 0.91922
0 0.62594 0.91643 0.62594 0.94986 0.68609 0.94986 0.68609 0.91643
0 0.73872 0.91643 0.73872 0.95265 0.79887 0.95265 0.79887 0.91643
0 0.22368 0.48189 0.22368 0.54596 0.24624 0.54596 0.24624 0.48189
