0 0.10938 0.32483 0.10938 0.38248 0.18848 0.38248 0.18848 0.32483
0 0.10938 0.46896 0.10938 0.52661 0.18848 0.52661 0.18848 0.46896
0 0.10938 0.6153 0.10938 0.67295 0.18848 0.67295 0.18848 0.6153
0 0.28223 0.32373 0.28223 0.38027 0.37305 0.38027 0.37305 0.32373
0 0.28223 0.46896 0.28223 0.5255 0.37305 0.5255 0.37305 0.46896
0 0.28125 0.6153 0.28125 0.67184 0.37207 0.67184 0.37207 0.6153
0 0.44727 0.32483 0.44727 0.38027 0.54199 0.38027 0.54199 0.32483
0 0.28223 0.18625 0.28223 0.23614 0.37305 0.23614 0.37305 0.18625
0 0.28223 0.11973 0.28223 0.16851 0.37305 0.16851 0.37305 0.11973
0 0.28223 0.75831 0.28223 0.80931 0.37305 0.80931 0.37305 0.75831
0 0.28125 0.82594 0.28125 0.87805 0.37305 0.87805 0.37305 0.82594
0 0.44727 0.18625 0.44727 0.23503 0.54199 0.23503 0.54199 0.18625
0 0.44629 0.11863 0.44629 0.17073 0.54297 0.17073 0.54297 0.11863
0 0.44629 0.47007 0.44629 0.5255 0.54199 0.5255 0.54199 0.47007
0 0.44629 0.6153 0.44629 0.67073 0.54199 0.67073 0.54199 0.6153
0 0.44531 0.75942 0.44531 0.81153 0.54004 0.81153 0.54004 0.75942
0 0.44629 0.82705 0.44629 0.87805 0.54102 0.87805 0.54102 0.82705
0 0.61523 0.32594 0.61523 0.3847 0.71387 0.3847 0.71387 0.32594
0 0.61426 0.61641 0.61426 0.67406 0.71387 0.67406 0.71387 0.61641
0 0.61426 0.11752 0.61426 0.16962 0.71582 0.16962 0.71582 0.11752
0 0.61426 0.18404 0.61426 0.23725 0.71484 0.23725 0.71484 0.18404
0 0.61426 0.76275 0.61426 0.81264 0.71582 0.81264 0.71582 0.76275
0 0.61328 0.83038 0.61328 0.88248 0.71484 0.88248 0.71484 0.83038
0 0.80273 0.32483 0.80273 0.38137 0.89941 0.38137 0.89941 0.32483
0 0.80371 0.47007 0.80371 0.52661 0.90039 0.52661 0.90039 0.47007
0 0.80176 0.6153 0.80176 0.67073 0.89941 0.67073 0.89941 0.6153
0 0.10938 0.1286 0.10938 0.22062 0.18945 0.22062 0.18945 0.1286
0 0.11035 0.77384 0.11035 0.86585 0.19043 0.86585 0.19043 0.77384
1 0.79297 0.11197 0.79297 0.24612 0.97656 0.24612 0.97656 0.11197
0 0.61328 0.47007 0.61328 0.52882 0.74805 0.52882 0.74805 0.47007
