1 0.77246 0.06686 0.77246 0.32994 0.98242 0.32994 0.98242 0.06686
0 0.78906 0.7311 0.78906 0.83576 0.90234 0.83576 0.90234 0.7311
0 0.79004 0.44041 0.79004 0.54506 0.90332 0.54506 0.90332 0.44041
0 0.55566 0.72965 0.55566 0.84012 0.67578 0.84012 0.67578 0.72965
0 0.55371 0.43314 0.55371 0.54797 0.6748 0.54797 0.6748 0.43314
0 0.55273 0.14099 0.55273 0.26453 0.67285 0.26453 0.67285 0.14099
0 0.32422 0.72965 0.32422 0.84157 0.42285 0.84157 0.42285 0.72965
0 0.32227 0.43169 0.32227 0.5407 0.42188 0.5407 0.42188 0.43169
0 0.32129 0.14535 0.32129 0.25727 0.4248 0.25727 0.4248 0.14535
0 0.16211 0.45349 0.16211 0.50291 0.20117 0.50291 0.20117 0.45349
0 0.23242 0.75 0.23242 0.85174 0.26758 0.85174 0.26758 0.75
