0 0.31133 0.18457 0.31133 0.21777 0.39228 0.21777 0.39228 0.18457
0 0.48817 0.18555 0.48817 0.2168 0.57036 0.2168 0.57036 0.18555
0 0.48817 0.26562 0.48817 0.2959 0.56912 0.2959 0.56912 0.26562
0 0.31133 0.26562 0.31133 0.29785 0.39477 0.29785 0.39477 0.26562
0 0.31133 0.34473 0.31133 0.37598 0.39477 0.37598 0.39477 0.34473
0 0.31133 0.42578 0.31133 0.45703 0.39477 0.45703 0.39477 0.42578
0 0.31133 0.50488 0.31133 0.53906 0.39477 0.53906 0.39477 0.50488
0 0.31133 0.58496 0.31133 0.61816 0.39601 0.61816 0.39601 0.58496
0 0.31133 0.66406 0.31133 0.69922 0.39477 0.69922 0.39477 0.66406
0 0.48817 0.66699 0.48817 0.69922 0.57161 0.69922 0.57161 0.66699
0 0.48817 0.58691 0.48817 0.61914 0.57161 0.61914 0.57161 0.58691
0 0.48941 0.50586 0.48941 0.54004 0.57161 0.54004 0.57161 0.50586
0 0.48941 0.42578 0.48941 0.46094 0.57285 0.46094 0.57285 0.42578
0 0.48817 0.3457 0.48817 0.37891 0.57036 0.37891 0.57036 0.3457
0 0.66127 0.18555 0.66127 0.21777 0.74595 0.21777 0.74595 0.18555
0 0.66127 0.26562 0.66127 0.29785 0.74595 0.29785 0.74595 0.26562
0 0.66127 0.3457 0.66127 0.37793 0.74471 0.37793 0.74471 0.3457
0 0.66002 0.4248 0.66002 0.45898 0.74471 0.45898 0.74471 0.4248
0 0.66252 0.50781 0.66252 0.53613 0.74595 0.53613 0.74595 0.50781
0 0.66127 0.59082 0.66127 0.61914 0.74471 0.61914 0.74471 0.59082
0 0.66127 0.66406 0.66127 0.7002 0.74595 0.7002 0.74595 0.66406
0 0.83686 0.66699 0.83686 0.69727 0.9203 0.69727 0.9203 0.66699
0 0.83562 0.58691 0.83562 0.61816 0.9203 0.61816 0.9203 0.58691
0 0.83437 0.50781 0.83437 0.53906 0.91905 0.53906 0.91905 0.50781
0 0.83064 0.42676 0.83064 0.45898 0.9203 0.45898 0.9203 0.42676
0 0.83064 0.34473 0.83064 0.37793 0.91905 0.37793 0.91905 0.34473
0 0.83064 0.26562 0.83064 0.29883 0.91905 0.29883 0.91905 0.26562
0 0.83064 0.18457 0.83064 0.21777 0.91905 0.21777 0.91905 0.18457
0 0.30137 0.045898 0.30137 0.081055 0.3873 0.081055 0.3873 0.045898
0 0.48194 0.045898 0.48194 0.081055 0.56787 0.081055 0.56787 0.045898
0 0.65504 0.046875 0.65504 0.082031 0.74097 0.082031 0.74097 0.046875
0 0.83064 0.046875 0.83064 0.082031 0.91532 0.082031 0.91532 0.046875
0 0.30884 0.77246 0.30884 0.80664 0.39477 0.80664 0.39477 0.77246
0 0.31009 0.93359 0.31009 0.96875 0.39477 0.96875 0.39477 0.93359
0 0.31009 0.85254 0.31009 0.8877 0.39601 0.8877 0.39601 0.85254
0 0.48692 0.77051 0.48692 0.80566 0.57285 0.80566 0.57285 0.77051
0 0.48692 0.85156 0.48692 0.88672 0.57285 0.88672 0.57285 0.85156
0 0.48692 0.93262 0.48692 0.96777 0.57161 0.96777 0.57161 0.93262
0 0.66252 0.93262 0.66252 0.96777 0.7472 0.96777 0.7472 0.93262
0 0.66127 0.85254 0.66127 0.8877 0.74595 0.8877 0.74595 0.85254
0 0.66127 0.77148 0.66127 0.80664 0.7472 0.80664 0.7472 0.77148
0 0.83562 0.77148 0.83562 0.80664 0.9203 0.80664 0.9203 0.77148
0 0.83437 0.85352 0.83437 0.88867 0.91905 0.88867 0.91905 0.85352
0 0.15068 0.76758 0.15068 0.7959 0.20423 0.7959 0.20423 0.76758
0 0.15068 0.66113 0.15068 0.69043 0.20299 0.69043 0.20299 0.66113
0 0.15068 0.58008 0.15068 0.61035 0.20299 0.61035 0.20299 0.58008
0 0.14944 0.5 0.14944 0.53027 0.20299 0.53027 0.20299 0.5
0 0.14944 0.4209 0.14944 0.45117 0.20299 0.45117 0.20299 0.4209
0 0.14944 0.34277 0.14944 0.37305 0.20299 0.37305 0.20299 0.34277
0 0.15068 0.85254 0.15068 0.87598 0.20299 0.87598 0.20299 0.85254
0 0.15068 0.93457 0.15068 0.95605 0.20299 0.95605 0.20299 0.93457
0 0.15068 0.26367 0.15068 0.29395 0.20423 0.29395 0.20423 0.26367
0 0.14819 0.18359 0.14819 0.21387 0.20174 0.21387 0.20174 0.18359
0 0.069738 0.74609 0.069738 0.76172 0.099626 0.76172 0.099626 0.74609
