0 0.26263 0.26678 0.26263 0.30637 0.34007 0.30637 0.34007 0.26678
0 0.26263 0.31497 0.26263 0.35456 0.34007 0.35456 0.34007 0.31497
0 0.26263 0.53012 0.26263 0.56971 0.34007 0.56971 0.34007 0.53012
0 0.25926 0.58003 0.25926 0.6179 0.3367 0.6179 0.3367 0.58003
0 0.41751 0.2685 0.41751 0.30465 0.50673 0.30465 0.50673 0.2685
0 0.41751 0.31842 0.41751 0.35456 0.50673 0.35456 0.50673 0.31842
0 0.41919 0.53012 0.41919 0.56799 0.50842 0.56799 0.50842 0.53012
0 0.42088 0.58348 0.42088 0.61962 0.5101 0.61962 0.5101 0.58348
0 0.59596 0.26506 0.59596 0.30293 0.68519 0.30293 0.68519 0.26506
0 0.59428 0.3167 0.59428 0.35456 0.6835 0.35456 0.6835 0.3167
0 0.59933 0.53184 0.59933 0.56799 0.68855 0.56799 0.68855 0.53184
0 0.59933 0.58348 0.59933 0.61962 0.69024 0.61962 0.69024 0.58348
0 0.77441 0.2685 0.77441 0.30465 0.86532 0.30465 0.86532 0.2685
0 0.77441 0.31842 0.77441 0.35456 0.86532 0.35456 0.86532 0.31842
0 0.78114 0.53012 0.78114 0.56627 0.87205 0.56627 0.87205 0.53012
0 0.78283 0.58348 0.78283 0.61962 0.87205 0.61962 0.87205 0.58348
0 0.26094 0.80034 0.26094 0.85886 0.33838 0.85886 0.33838 0.80034
0 0.42761 0.81067 0.42761 0.87263 0.55219 0.87263 0.55219 0.81067
0 0.60269 0.81756 0.60269 0.87608 0.73569 0.87608 0.73569 0.81756
0 0.77778 0.79518 0.77778 0.85714 0.87879 0.85714 0.87879 0.79518
0 0.58249 0.098107 0.58249 0.13941 0.64141 0.13941 0.64141 0.098107
0 0.68519 0.096386 0.68519 0.14114 0.74579 0.14114 0.74579 0.096386
0 0.37879 0.063683 0.37879 0.10327 0.43266 0.10327 0.43266 0.063683
0 0.47306 0.092943 0.47306 0.13597 0.53872 0.13597 0.53872 0.092943
