0 0.13867 0.12632 0.13867 0.20936 0.2373 0.20936 0.2373 0.12632
0 0.1416 0.36725 0.1416 0.45029 0.24023 0.45029 0.24023 0.36725
0 0.1416 0.60117 0.1416 0.68421 0.24023 0.68421 0.24023 0.60117
0 0.14062 0.84444 0.14062 0.92749 0.23828 0.92749 0.23828 0.84444
0 0.29297 0.84795 0.29297 0.93099 0.39648 0.93099 0.39648 0.84795
0 0.29199 0.60702 0.29199 0.69006 0.39453 0.69006 0.39453 0.60702
0 0.29199 0.36491 0.29199 0.44912 0.39453 0.44912 0.39453 0.36491
0 0.29199 0.12632 0.29199 0.20936 0.39453 0.20936 0.39453 0.12632
0 0.44922 0.12515 0.44922 0.2117 0.56738 0.2117 0.56738 0.12515
0 0.4502 0.36374 0.4502 0.45029 0.56836 0.45029 0.56836 0.36374
0 0.4502 0.60351 0.4502 0.69006 0.56836 0.69006 0.56836 0.60351
0 0.44922 0.84211 0.44922 0.92865 0.56738 0.92865 0.56738 0.84211
0 0.625 0.60117 0.625 0.68772 0.74219 0.68772 0.74219 0.60117
0 0.62891 0.36374 0.62891 0.45029 0.74707 0.45029 0.74707 0.36374
0 0.62305 0.1193 0.62305 0.21287 0.75195 0.21287 0.75195 0.1193
0 0.62305 0.83977 0.62305 0.9345 0.75195 0.9345 0.75195 0.83977
0 0.80078 0.12865 0.80078 0.20936 0.87305 0.20936 0.87305 0.12865
0 0.7998 0.36842 0.7998 0.44912 0.87207 0.44912 0.87207 0.36842
0 0.7998 0.61053 0.7998 0.6924 0.87207 0.6924 0.87207 0.61053
0 0.79785 0.84795 0.79785 0.92982 0.86914 0.92982 0.86914 0.84795
0 0.072266 0.14854 0.072266 0.1883 0.083008 0.1883 0.083008 0.14854
0 0.072266 0.38947 0.072266 0.42924 0.083008 0.42924 0.083008 0.38947
0 0.073242 0.86667 0.073242 0.90643 0.083984 0.90643 0.083984 0.86667
0 0.073242 0.62573 0.073242 0.66433 0.083984 0.66433 0.083984 0.62573
