0 0.31055 0.11692 0.31055 0.20522 0.43652 0.20522 0.43652 0.11692
0 0.30566 0.40672 0.30566 0.49627 0.43164 0.49627 0.43164 0.40672
0 0.30566 0.70149 0.30566 0.79104 0.43164 0.79104 0.43164 0.70149
0 0.54395 0.10199 0.54395 0.20771 0.67871 0.20771 0.67871 0.10199
0 0.54199 0.39925 0.54199 0.50498 0.67676 0.50498 0.67676 0.39925
0 0.53906 0.69776 0.53906 0.80224 0.67383 0.80224 0.67383 0.69776
0 0.09668 0.68905 0.09668 0.7898 0.19336 0.7898 0.19336 0.68905
0 0.10059 0.40299 0.10059 0.50373 0.19629 0.50373 0.19629 0.40299
0 0.10645 0.11318 0.10645 0.21393 0.20312 0.21393 0.20312 0.11318
1 0.78027 0.37687 0.78027 0.52612 0.94434 0.52612 0.94434 0.37687
