1 0.80469 0.095238 0.80469 0.1879 0.94043 0.1879 0.94043 0.095238
0 0.80859 0.26898 0.80859 0.36036 0.88086 0.36036 0.88086 0.26898
0 0.6709 0.1184 0.6709 0.17117 0.74512 0.17117 0.74512 0.1184
0 0.66992 0.32046 0.66992 0.37066 0.74512 0.37066 0.74512 0.32046
0 0.66992 0.25869 0.66992 0.30888 0.74414 0.30888 0.74414 0.25869
0 0.66992 0.55856 0.66992 0.61004 0.74414 0.61004 0.74414 0.55856
0 0.80859 0.41956 0.80859 0.50965 0.87988 0.50965 0.87988 0.41956
0 0.6709 0.42986 0.6709 0.50064 0.74414 0.50064 0.74414 0.42986
0 0.80762 0.56885 0.80762 0.65894 0.87988 0.65894 0.87988 0.56885
0 0.80762 0.73102 0.80762 0.81982 0.87891 0.81982 0.87891 0.73102
0 0.66992 0.62033 0.66992 0.66924 0.74414 0.66924 0.74414 0.62033
0 0.66992 0.75032 0.66992 0.80438 0.74414 0.80438 0.74414 0.75032
0 0.53809 0.75032 0.53809 0.80438 0.61133 0.80438 0.61133 0.75032
0 0.41016 0.75032 0.41016 0.80566 0.4834 0.80566 0.4834 0.75032
0 0.53906 0.61905 0.53906 0.66795 0.6123 0.66795 0.6123 0.61905
0 0.41211 0.62033 0.41211 0.66667 0.4834 0.66667 0.4834 0.62033
0 0.53906 0.55856 0.53906 0.60875 0.61133 0.60875 0.61133 0.55856
0 0.41113 0.55985 0.41113 0.60746 0.48242 0.60746 0.48242 0.55985
0 0.53809 0.42857 0.53809 0.50064 0.61133 0.50064 0.61133 0.42857
0 0.41016 0.43115 0.41016 0.49936 0.48242 0.49936 0.48242 0.43115
0 0.53809 0.32046 0.53809 0.37066 0.61035 0.37066 0.61035 0.32046
0 0.53809 0.25869 0.53809 0.30888 0.61133 0.30888 0.61133 0.25869
0 0.40918 0.32046 0.40918 0.36937 0.48145 0.36937 0.48145 0.32046
0 0.40918 0.25869 0.40918 0.30759 0.48145 0.30759 0.48145 0.25869
0 0.53613 0.11583 0.53613 0.17246 0.61035 0.17246 0.61035 0.11583
0 0.40527 0.11583 0.40527 0.17246 0.48047 0.17246 0.48047 0.11583
0 0.29883 0.10682 0.29883 0.12484 0.32812 0.12484 0.32812 0.10682
0 0.29883 0.13385 0.29883 0.15187 0.32812 0.15187 0.32812 0.13385
0 0.30078 0.16088 0.30078 0.17889 0.3291 0.17889 0.3291 0.16088
0 0.30371 0.74131 0.30371 0.76062 0.33301 0.76062 0.33301 0.74131
0 0.30371 0.76834 0.30371 0.78764 0.33301 0.78764 0.33301 0.76834
0 0.30371 0.79408 0.30371 0.8121 0.33301 0.8121 0.33301 0.79408
