0 0.019531 0.1433 0.019531 0.25234 0.066406 0.25234 0.066406 0.1433
0 0.020508 0.30841 0.020508 0.41745 0.066406 0.41745 0.066406 0.30841
0 0.020508 0.47664 0.020508 0.58567 0.067383 0.58567 0.067383 0.47664
0 0.020508 0.63863 0.020508 0.74766 0.066406 0.74766 0.066406 0.63863
0 0.019531 0.80374 0.019531 0.91277 0.066406 0.91277 0.066406 0.80374
0 0.089844 0.80997 0.089844 0.919 0.12305 0.919 0.12305 0.80997
0 0.09082 0.63863 0.09082 0.75078 0.12402 0.75078 0.12402 0.63863
0 0.09082 0.47664 0.09082 0.58567 0.12402 0.58567 0.12402 0.47664
0 0.09082 0.3053 0.09082 0.41745 0.12402 0.41745 0.12402 0.3053
0 0.091797 0.13707 0.091797 0.24922 0.125 0.24922 0.125 0.13707
0 0.24219 0.80685 0.24219 0.91277 0.27637 0.91277 0.27637 0.80685
0 0.24219 0.63863 0.24219 0.74455 0.27539 0.74455 0.27539 0.63863
0 0.24219 0.46729 0.24219 0.57321 0.27637 0.57321 0.27637 0.46729
0 0.24316 0.29595 0.24316 0.40187 0.27637 0.40187 0.27637 0.29595
0 0.24414 0.12773 0.24414 0.23364 0.27832 0.23364 0.27832 0.12773
0 0.17383 0.80062 0.17383 0.91277 0.21777 0.91277 0.21777 0.80062
0 0.1748 0.63551 0.1748 0.74455 0.21777 0.74455 0.21777 0.63551
0 0.1748 0.29283 0.1748 0.40498 0.21777 0.40498 0.21777 0.29283
0 0.17383 0.12773 0.17383 0.23988 0.2168 0.23988 0.2168 0.12773
0 0.31934 0.80062 0.31934 0.91277 0.36328 0.91277 0.36328 0.80062
0 0.31543 0.63551 0.31543 0.74766 0.35938 0.74766 0.35938 0.63551
0 0.32129 0.46106 0.32129 0.57321 0.36426 0.57321 0.36426 0.46106
0 0.32031 0.2866 0.32031 0.39564 0.36426 0.39564 0.36426 0.2866
0 0.32227 0.1215 0.32227 0.23364 0.36621 0.23364 0.36621 0.1215
0 0.39648 0.12773 0.39648 0.23053 0.42773 0.23053 0.42773 0.12773
0 0.39648 0.29595 0.39648 0.40187 0.42773 0.40187 0.42773 0.29595
0 0.39551 0.46417 0.39551 0.57009 0.42578 0.57009 0.42578 0.46417
0 0.39453 0.63863 0.39453 0.74455 0.42578 0.74455 0.42578 0.63863
0 0.39453 0.80997 0.39453 0.91589 0.4248 0.91589 0.4248 0.80997
0 0.4668 0.80062 0.4668 0.919 0.51465 0.919 0.51465 0.80062
0 0.4668 0.62928 0.4668 0.74766 0.51562 0.74766 0.51562 0.62928
0 0.46777 0.45794 0.46777 0.57321 0.51562 0.57321 0.51562 0.45794
0 0.46875 0.29283 0.46875 0.40187 0.51758 0.40187 0.51758 0.29283
0 0.46875 0.1215 0.46875 0.23364 0.51758 0.23364 0.51758 0.1215
0 0.54395 0.80374 0.54395 0.91277 0.59082 0.91277 0.59082 0.80374
0 0.54492 0.6324 0.54492 0.74143 0.5918 0.74143 0.5918 0.6324
0 0.54688 0.45794 0.54688 0.57009 0.59277 0.57009 0.59277 0.45794
0 0.54785 0.2866 0.54785 0.40187 0.59473 0.40187 0.59473 0.2866
0 0.54883 0.11526 0.54883 0.23053 0.59473 0.23053 0.59473 0.11526
0 0.62109 0.80374 0.62109 0.91277 0.66797 0.91277 0.66797 0.80374
0 0.62207 0.63551 0.62207 0.74455 0.66895 0.74455 0.66895 0.63551
0 0.62305 0.46106 0.62305 0.57009 0.66992 0.57009 0.66992 0.46106
0 0.625 0.29283 0.625 0.40498 0.67188 0.40498 0.67188 0.29283
0 0.62402 0.12461 0.62402 0.23676 0.6709 0.23676 0.6709 0.12461
0 0.77148 0.79751 0.77148 0.90654 0.81445 0.90654 0.81445 0.79751
0 0.77148 0.62928 0.77148 0.73832 0.81445 0.73832 0.81445 0.62928
0 0.77246 0.46106 0.77246 0.57321 0.81543 0.57321 0.81543 0.46106
0 0.77344 0.29907 0.77344 0.4081 0.81543 0.4081 0.81543 0.29907
0 0.77148 0.13084 0.77148 0.23988 0.81445 0.23988 0.81445 0.13084
0 0.16895 0.4704 0.16895 0.57944 0.21875 0.57944 0.21875 0.4704
0 0.69727 0.80062 0.69727 0.91589 0.74121 0.91589 0.74121 0.80062
0 0.69824 0.62928 0.69824 0.74455 0.74219 0.74455 0.74219 0.62928
0 0.69824 0.45794 0.69824 0.57321 0.74219 0.57321 0.74219 0.45794
0 0.7002 0.29283 0.7002 0.40498 0.74414 0.40498 0.74414 0.29283
0 0.7002 0.12773 0.7002 0.23364 0.74414 0.23364 0.74414 0.12773
0 0.84473 0.14642 0.84473 0.26791 0.88574 0.26791 0.88574 0.14642
