0 0.21973 0.3737 0.21973 0.42839 0.30859 0.42839 0.30859 0.3737
0 0.21973 0.5013 0.21973 0.55339 0.30859 0.55339 0.30859 0.5013
0 0.055664 0.5 0.055664 0.55208 0.1416 0.55208 0.1416 0.5
0 0.054688 0.3737 0.054688 0.42708 0.1416 0.42708 0.1416 0.3737
0 0.38184 0.3763 0.38184 0.42969 0.4707 0.42969 0.4707 0.3763
0 0.38281 0.5013 0.38281 0.55469 0.46875 0.55469 0.46875 0.5013
0 0.54297 0.3776 0.54297 0.43229 0.66797 0.43229 0.66797 0.3776
0 0.54297 0.5013 0.54297 0.55469 0.62695 0.55469 0.62695 0.5013
0 0.70117 0.3724 0.70117 0.42839 0.7832 0.42839 0.7832 0.3724
0 0.70117 0.5026 0.70117 0.55859 0.78418 0.55859 0.78418 0.5026
1 0.85352 0.49609 0.85352 0.5651 0.97559 0.5651 0.97559 0.49609
0 0.7002 0.6276 0.7002 0.68099 0.78516 0.68099 0.78516 0.6276
0 0.69922 0.75651 0.69922 0.8099 0.78418 0.8099 0.78418 0.75651
0 0.38281 0.625 0.38281 0.67839 0.46973 0.67839 0.46973 0.625
0 0.38281 0.75 0.38281 0.80339 0.46875 0.80339 0.46875 0.75
0 0.54199 0.625 0.54199 0.67839 0.62695 0.67839 0.62695 0.625
0 0.54199 0.75 0.54199 0.80339 0.66602 0.80339 0.66602 0.75
0 0.2207 0.625 0.2207 0.67839 0.30859 0.67839 0.30859 0.625
0 0.2207 0.75 0.2207 0.80339 0.30566 0.80339 0.30566 0.75
0 0.055664 0.6237 0.055664 0.67969 0.1416 0.67969 0.1416 0.6237
0 0.055664 0.7513 0.055664 0.80469 0.1416 0.80469 0.1416 0.7513
0 0.22168 0.18359 0.22168 0.26302 0.30566 0.26302 0.30566 0.18359
0 0.38379 0.1875 0.38379 0.26562 0.4668 0.26562 0.4668 0.1875
0 0.54492 0.1875 0.54492 0.26562 0.62891 0.26562 0.62891 0.1875
0 0.70215 0.19271 0.70215 0.27214 0.78516 0.27214 0.78516 0.19271
0 0.0625 0.1849 0.0625 0.26302 0.14551 0.26302 0.14551 0.1849
0 0.061523 0.91797 0.061523 0.99609 0.14551 0.99609 0.14551 0.91797
0 0.21973 0.91667 0.21973 0.99609 0.30273 0.99609 0.30273 0.91667
0 0.018555 0.052083 0.018555 0.075521 0.10449 0.075521 0.10449 0.052083
0 0.19141 0.057292 0.19141 0.080729 0.27734 0.080729 0.27734 0.057292
0 0.029297 0.10547 0.029297 0.13151 0.12598 0.13151 0.12598 0.10547
0 0.20312 0.10807 0.20312 0.13411 0.29297 0.13411 0.29297 0.10807
0 0.36816 0.11198 0.36816 0.13411 0.45898 0.13411 0.45898 0.11198
