0 0.81538 0.5752 0.81538 0.60352 0.88846 0.60352 0.88846 0.5752
0 0.81667 0.49512 0.81667 0.52344 0.88846 0.52344 0.88846 0.49512
0 0.81667 0.41504 0.81667 0.44238 0.88846 0.44238 0.88846 0.41504
0 0.67692 0.41406 0.67692 0.44238 0.75 0.44238 0.75 0.41406
0 0.67692 0.57617 0.67692 0.60352 0.75128 0.60352 0.75128 0.57617
0 0.67821 0.49512 0.67821 0.52637 0.75128 0.52637 0.75128 0.49512
0 0.81795 0.83301 0.81795 0.85938 0.88974 0.85938 0.88974 0.83301
0 0.81667 0.7666 0.81667 0.79395 0.88974 0.79395 0.88974 0.7666
0 0.81667 0.7041 0.81667 0.73242 0.88974 0.73242 0.88974 0.7041
0 0.81667 0.6416 0.81667 0.66992 0.88974 0.66992 0.88974 0.6416
0 0.67821 0.83203 0.67821 0.86035 0.75256 0.86035 0.75256 0.83203
0 0.67821 0.7666 0.67821 0.79395 0.75128 0.79395 0.75128 0.7666
0 0.67692 0.7041 0.67692 0.73242 0.75256 0.73242 0.75256 0.7041
0 0.67692 0.6416 0.67692 0.66992 0.75 0.66992 0.75 0.6416
0 0.54103 0.83301 0.54103 0.86035 0.61154 0.86035 0.61154 0.83301
0 0.54103 0.76562 0.54103 0.79395 0.61026 0.79395 0.61026 0.76562
0 0.54103 0.7041 0.54103 0.73145 0.61026 0.73145 0.61026 0.7041
0 0.54103 0.64062 0.54103 0.66895 0.61026 0.66895 0.61026 0.64062
0 0.40641 0.83301 0.40641 0.86035 0.47051 0.86035 0.47051 0.83301
0 0.40641 0.7666 0.40641 0.79395 0.47051 0.79395 0.47051 0.7666
0 0.40641 0.70312 0.40641 0.73145 0.47051 0.73145 0.47051 0.70312
0 0.40641 0.6416 0.40641 0.66895 0.46923 0.66895 0.46923 0.6416
0 0.54103 0.49512 0.54103 0.52148 0.61026 0.52148 0.61026 0.49512
0 0.53974 0.5752 0.53974 0.60352 0.61026 0.60352 0.61026 0.5752
0 0.54103 0.41406 0.54103 0.44141 0.61026 0.44141 0.61026 0.41406
0 0.40641 0.57422 0.40641 0.60156 0.47051 0.60156 0.47051 0.57422
0 0.40641 0.49512 0.40641 0.52051 0.47051 0.52051 0.47051 0.49512
0 0.40513 0.41406 0.40513 0.44141 0.46923 0.44141 0.46923 0.41406
0 0.40513 0.34766 0.40513 0.375 0.46923 0.375 0.46923 0.34766
0 0.40641 0.2832 0.40641 0.31055 0.47051 0.31055 0.47051 0.2832
0 0.40513 0.21973 0.40513 0.24707 0.46923 0.24707 0.46923 0.21973
0 0.53846 0.28418 0.53846 0.31348 0.61282 0.31348 0.61282 0.28418
0 0.53846 0.34668 0.53846 0.37598 0.61154 0.37598 0.61154 0.34668
0 0.67692 0.34668 0.67692 0.37598 0.75128 0.37598 0.75128 0.34668
0 0.67692 0.28418 0.67692 0.31348 0.75128 0.31348 0.75128 0.28418
0 0.81795 0.34766 0.81795 0.37695 0.89103 0.37695 0.89103 0.34766
0 0.40256 0.92285 0.40256 0.9502 0.46667 0.9502 0.46667 0.92285
0 0.53846 0.92188 0.53846 0.94922 0.59359 0.94922 0.59359 0.92188
0 0.67564 0.92188 0.67564 0.94824 0.73718 0.94824 0.73718 0.92188
0 0.81795 0.92188 0.81795 0.94824 0.88974 0.94824 0.88974 0.92188
