0 0.1697 0.081055 0.1697 0.12793 0.28788 0.12793 0.28788 0.081055
0 0.38939 0.083008 0.38939 0.12891 0.50758 0.12891 0.50758 0.083008
0 0.61364 0.083984 0.61364 0.12695 0.7303 0.12695 0.7303 0.083984
0 0.83636 0.083008 0.83636 0.12891 0.96818 0.12891 0.96818 0.083008
0 0.39091 0.82031 0.39091 0.86621 0.50909 0.86621 0.50909 0.82031
0 0.17424 0.81934 0.17424 0.86621 0.28636 0.86621 0.28636 0.81934
0 0.60909 0.82324 0.60909 0.86621 0.72727 0.86621 0.72727 0.82324
0 0.8303 0.82031 0.8303 0.86621 0.96212 0.86621 0.96212 0.82031
0 0.17727 0.23926 0.17727 0.27539 0.28788 0.27539 0.28788 0.23926
0 0.39242 0.2373 0.39242 0.27344 0.51061 0.27344 0.51061 0.2373
0 0.61364 0.24023 0.61364 0.27441 0.7303 0.27441 0.7303 0.24023
0 0.83485 0.25684 0.83485 0.30176 0.96667 0.30176 0.96667 0.25684
0 0.83485 0.39648 0.83485 0.44238 0.96667 0.44238 0.96667 0.39648
0 0.83333 0.53906 0.83333 0.58203 0.96515 0.58203 0.96515 0.53906
0 0.17727 0.28906 0.17727 0.3252 0.28788 0.3252 0.28788 0.28906
0 0.17879 0.37988 0.17879 0.41602 0.28939 0.41602 0.28939 0.37988
0 0.17879 0.42969 0.17879 0.46582 0.28939 0.46582 0.28939 0.42969
0 0.17879 0.52051 0.17879 0.55664 0.29091 0.55664 0.29091 0.52051
0 0.1803 0.56934 0.1803 0.60645 0.29242 0.60645 0.29242 0.56934
0 0.1803 0.66016 0.1803 0.69629 0.29242 0.69629 0.29242 0.66016
0 0.17727 0.70996 0.17727 0.74609 0.28788 0.74609 0.28788 0.70996
0 0.39242 0.28711 0.39242 0.32324 0.51061 0.32324 0.51061 0.28711
0 0.39394 0.37793 0.39394 0.41406 0.51212 0.41406 0.51212 0.37793
0 0.39242 0.42871 0.39242 0.46484 0.50909 0.46484 0.50909 0.42871
0 0.39242 0.5166 0.39242 0.55371 0.51061 0.55371 0.51061 0.5166
0 0.39091 0.56934 0.39091 0.60547 0.50758 0.60547 0.50758 0.56934
0 0.39242 0.65918 0.39242 0.69531 0.51061 0.69531 0.51061 0.65918
0 0.39545 0.70898 0.39545 0.74512 0.51212 0.74512 0.51212 0.70898
0 0.61364 0.28809 0.61364 0.32227 0.73182 0.32227 0.73182 0.28809
0 0.61364 0.37988 0.61364 0.41504 0.7303 0.41504 0.7303 0.37988
0 0.61515 0.42969 0.61515 0.46387 0.73333 0.46387 0.73333 0.42969
0 0.61061 0.51953 0.61061 0.55371 0.72727 0.55371 0.72727 0.51953
0 0.61364 0.56836 0.61364 0.60254 0.72879 0.60254 0.72879 0.56836
0 0.61212 0.65918 0.61212 0.69434 0.72879 0.69434 0.72879 0.65918
0 0.61212 0.71094 0.61212 0.74512 0.72879 0.74512 0.72879 0.71094
1 0.83636 0.65918 0.83636 0.74609 0.99545 0.74609 0.99545 0.65918
