0 0.12109 0.1734 0.12109 0.2304 0.2041 0.2304 0.2041 0.1734
0 0.29102 0.16983 0.29102 0.2304 0.38672 0.2304 0.38672 0.16983
0 0.64062 0.17102 0.64062 0.23159 0.73926 0.23159 0.73926 0.17102
0 0.82617 0.17102 0.82617 0.2304 0.92383 0.2304 0.92383 0.17102
0 0.8252 0.53207 0.8252 0.62708 0.92285 0.62708 0.92285 0.53207
0 0.8252 0.71734 0.8252 0.77197 0.92383 0.77197 0.92383 0.71734
0 0.12305 0.33729 0.12305 0.39549 0.20605 0.39549 0.20605 0.33729
0 0.12305 0.55226 0.12305 0.60926 0.20508 0.60926 0.20508 0.55226
0 0.12305 0.72209 0.12305 0.7791 0.20605 0.7791 0.20605 0.72209
0 0.29004 0.3361 0.29004 0.39667 0.38574 0.39667 0.38574 0.3361
0 0.29004 0.55107 0.29004 0.61164 0.38574 0.61164 0.38574 0.55107
0 0.28906 0.71853 0.28906 0.7791 0.38574 0.7791 0.38574 0.71853
0 0.46777 0.17221 0.46777 0.22803 0.56348 0.22803 0.56348 0.17221
0 0.46875 0.3361 0.46875 0.3943 0.56543 0.3943 0.56543 0.3361
0 0.46875 0.55226 0.46875 0.60926 0.56543 0.60926 0.56543 0.55226
0 0.46777 0.71734 0.46777 0.77435 0.56348 0.77435 0.56348 0.71734
0 0.64062 0.33729 0.64062 0.39786 0.73926 0.39786 0.73926 0.33729
0 0.64062 0.55107 0.64062 0.61045 0.73926 0.61045 0.73926 0.55107
0 0.6416 0.71734 0.6416 0.77791 0.74023 0.77791 0.74023 0.71734
1 0.82715 0.32542 0.82715 0.4038 0.97656 0.4038 0.97656 0.32542
