0 0.2002 0.42015 0.2002 0.48017 0.29688 0.48017 0.29688 0.42015
0 0.19922 0.57342 0.19922 0.6313 0.29688 0.6313 0.29688 0.57342
0 0.19922 0.72669 0.19922 0.78349 0.29688 0.78349 0.29688 0.72669
0 0.19922 0.87567 0.19922 0.93676 0.29688 0.93676 0.29688 0.87567
0 0.41211 0.41372 0.41211 0.48553 0.53125 0.48553 0.53125 0.41372
0 0.41406 0.56913 0.41406 0.63666 0.53125 0.63666 0.53125 0.56913
0 0.41309 0.72133 0.41309 0.78885 0.53125 0.78885 0.53125 0.72133
0 0.41406 0.87567 0.41406 0.94427 0.53418 0.94427 0.53418 0.87567
0 0.65039 0.4105 0.65039 0.48767 0.7793 0.48767 0.7793 0.4105
0 0.65039 0.56592 0.65039 0.64309 0.7793 0.64309 0.7793 0.56592
0 0.64941 0.72026 0.64941 0.78992 0.78027 0.78992 0.78027 0.72026
0 0.65039 0.87353 0.65039 0.94319 0.7793 0.94319 0.7793 0.87353
0 0.87988 0.41908 0.87988 0.48017 0.97461 0.48017 0.97461 0.41908
0 0.88086 0.57235 0.88086 0.6313 0.97461 0.6313 0.97461 0.57235
0 0.88184 0.72776 0.88184 0.78349 0.97363 0.78349 0.97363 0.72776
0 0.88184 0.88103 0.88184 0.93676 0.97656 0.93676 0.97656 0.88103
0 0.17578 0.14041 0.17578 0.19936 0.27344 0.19936 0.27344 0.14041
0 0.1748 0.072883 0.1748 0.13076 0.27246 0.13076 0.27246 0.072883
0 0.39648 0.048232 0.39648 0.11897 0.52148 0.11897 0.52148 0.048232
0 0.39453 0.14684 0.39453 0.21758 0.51953 0.21758 0.51953 0.14684
0 0.63672 0.14684 0.63672 0.21865 0.76758 0.21865 0.76758 0.14684
0 0.6377 0.046088 0.6377 0.1179 0.76855 0.1179 0.76855 0.046088
0 0.87402 0.15434 0.87402 0.21329 0.96973 0.21329 0.96973 0.15434
