0 0.23975 0.041016 0.23975 0.086914 0.3354 0.086914 0.3354 0.041016
0 0.23478 0.1582 0.23478 0.20312 0.33043 0.20312 0.33043 0.1582
0 0.22857 0.27539 0.22857 0.32031 0.32422 0.32031 0.32422 0.27539
0 0.22112 0.39746 0.22112 0.44336 0.31801 0.44336 0.31801 0.39746
0 0.21739 0.5293 0.21739 0.5752 0.31304 0.5752 0.31304 0.5293
0 0.21242 0.65918 0.21242 0.70508 0.30932 0.70508 0.30932 0.65918
0 0.20994 0.78906 0.20994 0.83398 0.30559 0.83398 0.30559 0.78906
0 0.20497 0.92383 0.20497 0.96875 0.30186 0.96875 0.30186 0.92383
0 0.42609 0.040039 0.42609 0.082031 0.53292 0.082031 0.53292 0.040039
0 0.42236 0.1582 0.42236 0.2002 0.52919 0.2002 0.52919 0.1582
0 0.41863 0.27539 0.41863 0.31738 0.52547 0.31738 0.52547 0.27539
0 0.41491 0.39941 0.41491 0.44141 0.52174 0.44141 0.52174 0.39941
0 0.41118 0.53125 0.41118 0.57324 0.51801 0.57324 0.51801 0.53125
0 0.40497 0.66211 0.40497 0.7041 0.51677 0.7041 0.51677 0.66211
0 0.40373 0.79297 0.40373 0.83496 0.51056 0.83496 0.51056 0.79297
0 0.62609 0.037109 0.62609 0.079102 0.72919 0.079102 0.72919 0.037109
0 0.62484 0.15723 0.62484 0.19922 0.72795 0.19922 0.72795 0.15723
0 0.62236 0.27344 0.62236 0.31738 0.72547 0.31738 0.72547 0.27344
0 0.61988 0.39844 0.61988 0.44043 0.72422 0.44043 0.72422 0.39844
0 0.61863 0.5293 0.61863 0.57324 0.72174 0.57324 0.72174 0.5293
0 0.61615 0.66309 0.61615 0.70703 0.71925 0.70703 0.71925 0.66309
0 0.61242 0.79199 0.61242 0.83594 0.71553 0.83594 0.71553 0.79199
0 0.61242 0.92676 0.61242 0.9707 0.71553 0.9707 0.71553 0.92676
1 0.80745 0.3623 0.80745 0.47754 0.98261 0.47754 0.98261 0.3623
