0 0.21569 0.074349 0.21569 0.20632 0.34559 0.20632 0.34559 0.074349
0 0.22059 0.24535 0.22059 0.37732 0.35049 0.37732 0.35049 0.24535
0 0.22059 0.4145 0.22059 0.54647 0.35049 0.54647 0.35049 0.4145
0 0.22304 0.57621 0.22304 0.70632 0.35294 0.70632 0.35294 0.57621
0 0.22794 0.74349 0.22794 0.87361 0.35784 0.87361 0.35784 0.74349
0 0.51716 0.072491 0.51716 0.20632 0.73775 0.20632 0.73775 0.072491
0 0.51961 0.24164 0.51961 0.37546 0.7402 0.37546 0.7402 0.24164
0 0.52451 0.41078 0.52451 0.54461 0.7451 0.54461 0.7451 0.41078
0 0.52206 0.57807 0.52206 0.7119 0.74265 0.7119 0.74265 0.57807
0 0.52451 0.74535 0.52451 0.87732 0.7451 0.87732 0.7451 0.74535
