0 0.12329 0.13611 0.12329 0.21928 0.21096 0.21928 0.21096 0.13611
0 0.13151 0.35161 0.13151 0.43478 0.21918 0.43478 0.21918 0.35161
0 0.12877 0.57656 0.12877 0.65974 0.21644 0.65974 0.21644 0.57656
0 0.12877 0.79962 0.12877 0.8828 0.21644 0.8828 0.21644 0.79962
0 0.27945 0.80151 0.27945 0.88469 0.36712 0.88469 0.36712 0.80151
0 0.27671 0.57467 0.27671 0.65784 0.36438 0.65784 0.36438 0.57467
0 0.27671 0.34972 0.27671 0.43289 0.36438 0.43289 0.36438 0.34972
0 0.27123 0.13233 0.27123 0.2155 0.3589 0.2155 0.3589 0.13233
0 0.44658 0.13611 0.44658 0.2155 0.54795 0.2155 0.54795 0.13611
0 0.44932 0.35917 0.44932 0.42911 0.55068 0.42911 0.55068 0.35917
0 0.45205 0.57845 0.45205 0.66163 0.55068 0.66163 0.55068 0.57845
0 0.45479 0.80151 0.45479 0.88469 0.55068 0.88469 0.55068 0.80151
0 0.62466 0.79773 0.62466 0.88091 0.72329 0.88091 0.72329 0.79773
0 0.62192 0.57089 0.62192 0.65595 0.72055 0.65595 0.72055 0.57089
0 0.62192 0.34594 0.62192 0.42911 0.72055 0.42911 0.72055 0.34594
0 0.62192 0.13611 0.62192 0.21361 0.72329 0.21361 0.72329 0.13611
0 0.12329 0.26276 0.12329 0.31191 0.2137 0.31191 0.2137 0.26276
0 0.12329 0.48582 0.12329 0.53497 0.2137 0.53497 0.2137 0.48582
0 0.12877 0.70321 0.12877 0.75236 0.21644 0.75236 0.21644 0.70321
0 0.27671 0.7051 0.27671 0.75236 0.36438 0.75236 0.36438 0.7051
0 0.26849 0.48393 0.26849 0.53308 0.3589 0.53308 0.3589 0.48393
0 0.26849 0.26276 0.26849 0.31191 0.3589 0.31191 0.3589 0.26276
0 0.44932 0.26087 0.44932 0.31002 0.53973 0.31002 0.53973 0.26087
0 0.45479 0.7051 0.45479 0.75236 0.54521 0.75236 0.54521 0.7051
0 0.45205 0.48582 0.45205 0.52552 0.54247 0.52552 0.54247 0.48582
0 0.62466 0.26276 0.62466 0.31191 0.71233 0.31191 0.71233 0.26276
0 0.62192 0.47826 0.62192 0.52741 0.71233 0.52741 0.71233 0.47826
0 0.63014 0.70699 0.63014 0.75614 0.72055 0.75614 0.72055 0.70699
1 0.81096 0.12665 0.81096 0.2552 0.9863 0.2552 0.9863 0.12665
1 0.81096 0.29868 0.81096 0.42722 0.9863 0.42722 0.9863 0.29868
1 0.8274 0.569 0.8274 0.7259 0.98904 0.7259 0.98904 0.569
1 0.8274 0.77694 0.8274 0.93195 0.98904 0.93195 0.98904 0.77694
