0 0.1416 0.43239 0.1416 0.57862 0.27148 0.57862 0.27148 0.43239
0 0.14258 0.14623 0.14258 0.29245 0.27246 0.29245 0.27246 0.14623
0 0.14258 0.71698 0.14258 0.86321 0.27246 0.86321 0.27246 0.71698
0 0.35254 0.73428 0.35254 0.87893 0.48242 0.87893 0.48242 0.73428
0 0.34961 0.43082 0.34961 0.57547 0.47949 0.57547 0.47949 0.43082
0 0.35449 0.15094 0.35449 0.29717 0.48438 0.29717 0.48438 0.15094
0 0.58691 0.13836 0.58691 0.29245 0.73926 0.29245 0.73926 0.13836
0 0.58789 0.43082 0.58789 0.58333 0.74023 0.58333 0.74023 0.43082
0 0.58789 0.72013 0.58789 0.87264 0.74023 0.87264 0.74023 0.72013
1 0.83789 0.061321 0.83789 0.1761 0.99414 0.1761 0.99414 0.061321
