0 0.45605 0.28516 0.45605 0.31641 0.48633 0.31641 0.48633 0.28516
0 0.45703 0.38802 0.45703 0.41406 0.4873 0.41406 0.4873 0.38802
0 0.5127 0.28255 0.5127 0.32031 0.56836 0.32031 0.56836 0.28255
0 0.5127 0.38151 0.5127 0.42318 0.56738 0.42318 0.56738 0.38151
0 0.45605 0.53516 0.45605 0.5625 0.48633 0.5625 0.48633 0.53516
0 0.45605 0.46224 0.45605 0.48958 0.48633 0.48958 0.48633 0.46224
0 0.51172 0.45443 0.51172 0.49609 0.56738 0.49609 0.56738 0.45443
0 0.51172 0.52734 0.51172 0.56901 0.56738 0.56901 0.56738 0.52734
0 0.51074 0.63151 0.51074 0.67057 0.56641 0.67057 0.56641 0.63151
0 0.45508 0.63411 0.45508 0.66797 0.48535 0.66797 0.48535 0.63411
0 0.60352 0.64062 0.60352 0.66667 0.63281 0.66667 0.63281 0.64062
0 0.65332 0.64062 0.65332 0.66797 0.68164 0.66797 0.68164 0.64062
0 0.60254 0.54036 0.60254 0.57031 0.63281 0.57031 0.63281 0.54036
0 0.60352 0.39323 0.60352 0.42057 0.63281 0.42057 0.63281 0.39323
0 0.60352 0.46745 0.60352 0.49609 0.63281 0.49609 0.63281 0.46745
0 0.60449 0.28906 0.60449 0.31641 0.63379 0.31641 0.63379 0.28906
0 0.6543 0.28906 0.6543 0.31641 0.68262 0.31641 0.68262 0.28906
0 0.71777 0.29036 0.71777 0.31641 0.74414 0.31641 0.74414 0.29036
1 0.67383 0.38411 0.67383 0.43359 0.75684 0.43359 0.75684 0.38411
1 0.67285 0.45703 0.67285 0.50651 0.75684 0.50651 0.75684 0.45703
1 0.67285 0.53125 0.67285 0.58073 0.75684 0.58073 0.75684 0.53125
0 0.7168 0.64193 0.7168 0.66797 0.74512 0.66797 0.74512 0.64193
0 0.39941 0.28385 0.39941 0.31641 0.41309 0.31641 0.41309 0.28385
0 0.39648 0.38802 0.39648 0.42057 0.41113 0.42057 0.41113 0.38802
0 0.39648 0.46224 0.39648 0.49479 0.41113 0.49479 0.41113 0.46224
0 0.39648 0.53646 0.39648 0.56901 0.41016 0.56901 0.41016 0.53646
0 0.39746 0.63281 0.39746 0.66667 0.41211 0.66667 0.41211 0.63281
