0 0.31152 0.65365 0.31152 0.68359 0.34277 0.68359 0.34277 0.65365
0 0.91797 0.46354 0.91797 0.55208 0.97168 0.55208 0.97168 0.46354
0 0.9209 0.16146 0.9209 0.25391 0.97461 0.25391 0.97461 0.16146
1 0.87207 0.32422 0.87207 0.38932 0.97754 0.38932 0.97754 0.32422
1 0.91895 0.64583 0.91895 0.70182 0.97656 0.70182 0.97656 0.64583
0 0.70508 0.51562 0.70508 0.55339 0.76465 0.55339 0.76465 0.51562
0 0.81445 0.51302 0.81445 0.55339 0.875 0.55339 0.875 0.51302
0 0.81445 0.46224 0.81445 0.50391 0.875 0.50391 0.875 0.46224
0 0.81543 0.21224 0.81543 0.2526 0.87402 0.2526 0.87402 0.21224
0 0.81641 0.16536 0.81641 0.20573 0.87598 0.20573 0.87598 0.16536
0 0.81543 0.64583 0.81543 0.69531 0.87402 0.69531 0.87402 0.64583
0 0.7041 0.64583 0.7041 0.69531 0.7627 0.69531 0.7627 0.64583
0 0.70508 0.46354 0.70508 0.5 0.76465 0.5 0.76465 0.46354
0 0.70703 0.21354 0.70703 0.25 0.7666 0.25 0.7666 0.21354
0 0.70703 0.16667 0.70703 0.20443 0.7666 0.20443 0.7666 0.16667
0 0.70605 0.33594 0.70605 0.38281 0.76562 0.38281 0.76562 0.33594
0 0.59473 0.51562 0.59473 0.55208 0.6543 0.55208 0.6543 0.51562
0 0.59375 0.46615 0.59375 0.5026 0.65332 0.5026 0.65332 0.46615
0 0.5957 0.21484 0.5957 0.2513 0.65527 0.2513 0.65527 0.21484
0 0.59668 0.16927 0.59668 0.20573 0.65625 0.20573 0.65625 0.16927
0 0.48535 0.16927 0.48535 0.20182 0.54004 0.20182 0.54004 0.16927
0 0.48633 0.21354 0.48633 0.2513 0.54102 0.2513 0.54102 0.21354
0 0.48535 0.46484 0.48535 0.5013 0.54004 0.5013 0.54004 0.46484
0 0.4834 0.51562 0.4834 0.55208 0.54004 0.55208 0.54004 0.51562
0 0.48438 0.64583 0.48438 0.69401 0.54102 0.69401 0.54102 0.64583
0 0.4834 0.33594 0.4834 0.38411 0.54004 0.38411 0.54004 0.33594
0 0.59473 0.33724 0.59473 0.38411 0.65234 0.38411 0.65234 0.33724
0 0.59277 0.64714 0.59277 0.69531 0.65332 0.69531 0.65332 0.64714
0 0.38184 0.64583 0.38184 0.69141 0.43066 0.69141 0.43066 0.64583
0 0.38281 0.33854 0.38281 0.38542 0.43164 0.38542 0.43164 0.33854
0 0.38281 0.51432 0.38281 0.55208 0.43457 0.55208 0.43457 0.51432
0 0.38281 0.46354 0.38281 0.5013 0.43457 0.5013 0.43457 0.46354
0 0.38281 0.16927 0.38281 0.20703 0.43457 0.20703 0.43457 0.16927
0 0.38184 0.21484 0.38184 0.2513 0.43359 0.2513 0.43359 0.21484
0 0.38184 0.03776 0.38184 0.084635 0.43164 0.084635 0.43164 0.03776
0 0.48633 0.032552 0.48633 0.082031 0.54102 0.082031 0.54102 0.032552
0 0.81543 0.32552 0.81543 0.39453 0.84766 0.39453 0.84766 0.32552
