0 0.067715 0.033203 0.067715 0.091797 0.1185 0.091797 0.1185 0.033203
0 0.16324 0.032227 0.16324 0.088867 0.21403 0.088867 0.21403 0.032227
0 0.26119 0.030273 0.26119 0.087891 0.31076 0.087891 0.31076 0.030273
0 0.66022 0.03125 0.66022 0.087891 0.70979 0.087891 0.70979 0.03125
0 0.36155 0.02832 0.36155 0.086914 0.41233 0.086914 0.41233 0.02832
0 0.45828 0.029297 0.45828 0.087891 0.50907 0.087891 0.50907 0.029297
0 0.55985 0.02832 0.55985 0.086914 0.60943 0.086914 0.60943 0.02832
0 0.66022 0.32422 0.66022 0.38574 0.711 0.38574 0.711 0.32422
0 0.75816 0.029297 0.75816 0.086914 0.80895 0.086914 0.80895 0.029297
0 0.76058 0.32324 0.76058 0.38574 0.81016 0.38574 0.81016 0.32324
0 0.55985 0.3252 0.55985 0.38281 0.61064 0.38281 0.61064 0.3252
0 0.45707 0.32324 0.45707 0.38281 0.50786 0.38281 0.50786 0.32324
0 0.3555 0.32031 0.3555 0.38379 0.4075 0.38379 0.4075 0.32031
0 0.15599 0.31934 0.15599 0.38184 0.20919 0.38184 0.20919 0.31934
0 0.25635 0.62695 0.25635 0.68652 0.30955 0.68652 0.30955 0.62695
0 0.05925 0.32227 0.05925 0.38281 0.10762 0.38281 0.10762 0.32227
0 0.25514 0.32324 0.25514 0.38379 0.30834 0.38379 0.30834 0.32324
0 0.070133 0.9082 0.070133 0.96875 0.11729 0.96875 0.11729 0.9082
0 0.05925 0.62109 0.05925 0.68359 0.11125 0.68359 0.11125 0.62109
0 0.16808 0.62695 0.16808 0.68555 0.20556 0.68555 0.20556 0.62695
0 0.35429 0.625 0.35429 0.68848 0.4075 0.68848 0.4075 0.625
0 0.45466 0.62891 0.45466 0.69141 0.50786 0.69141 0.50786 0.62891
0 0.55502 0.62793 0.55502 0.69141 0.60822 0.69141 0.60822 0.62793
0 0.6578 0.62695 0.6578 0.69043 0.711 0.69043 0.711 0.62695
0 0.75816 0.62891 0.75816 0.69141 0.81016 0.69141 0.81016 0.62891
0 0.3555 0.91602 0.3555 0.97559 0.40871 0.97559 0.40871 0.91602
0 0.45586 0.91797 0.45586 0.97852 0.50665 0.97852 0.50665 0.91797
0 0.25998 0.91602 0.25998 0.97559 0.31076 0.97559 0.31076 0.91602
0 0.55744 0.9209 0.55744 0.98047 0.61064 0.98047 0.61064 0.9209
0 0.65054 0.91797 0.65054 0.97754 0.70375 0.97754 0.70375 0.91797
0 0.26119 0.11914 0.26119 0.17383 0.31318 0.17383 0.31318 0.11914
0 0.25998 0.17578 0.25998 0.23047 0.31197 0.23047 0.31197 0.17578
0 0.25877 0.23438 0.25877 0.28906 0.31076 0.28906 0.31076 0.23438
0 0.66022 0.20312 0.66022 0.29199 0.71705 0.29199 0.71705 0.20312
0 0.6578 0.11523 0.6578 0.19922 0.71826 0.19922 0.71826 0.11523
0 0.77146 0.21582 0.77146 0.27441 0.81983 0.27441 0.81983 0.21582
0 0.77025 0.12891 0.77025 0.18555 0.81741 0.18555 0.81741 0.12891
0 0.57799 0.21484 0.57799 0.27246 0.6179 0.27246 0.6179 0.21484
0 0.57678 0.12793 0.57678 0.18457 0.61669 0.18457 0.61669 0.12793
0 0.45949 0.19727 0.45949 0.29297 0.51632 0.29297 0.51632 0.19727
0 0.45949 0.11523 0.45949 0.19434 0.51511 0.19434 0.51511 0.11523
0 0.38331 0.21582 0.38331 0.27246 0.41354 0.27246 0.41354 0.21582
0 0.38331 0.12598 0.38331 0.18457 0.41354 0.18457 0.41354 0.12598
0 0.19105 0.21582 0.19105 0.27441 0.20677 0.27441 0.20677 0.21582
0 0.19468 0.13184 0.19468 0.1875 0.20677 0.1875 0.20677 0.13184
0 0.095526 0.21582 0.095526 0.27441 0.1185 0.27441 0.1185 0.21582
0 0.10157 0.13477 0.10157 0.18945 0.12092 0.18945 0.12092 0.13477
0 0.056832 0.50195 0.056832 0.59668 0.11608 0.59668 0.11608 0.50195
0 0.15719 0.50781 0.15719 0.5957 0.21524 0.5957 0.21524 0.50781
0 0.091898 0.41406 0.091898 0.46973 0.11245 0.46973 0.11245 0.41406
0 0.18984 0.41309 0.18984 0.4707 0.21403 0.4707 0.21403 0.41309
0 0.28537 0.50684 0.28537 0.56543 0.31318 0.56543 0.31318 0.50684
0 0.28416 0.41309 0.28416 0.46973 0.31439 0.46973 0.31439 0.41309
0 0.38089 0.50781 0.38089 0.56641 0.41354 0.56641 0.41354 0.50781
0 0.38089 0.41602 0.38089 0.47461 0.41354 0.47461 0.41354 0.41602
0 0.47521 0.51074 0.47521 0.56934 0.51511 0.56934 0.51511 0.51074
0 0.47884 0.41309 0.47884 0.47168 0.51632 0.47168 0.51632 0.41309
0 0.57678 0.5127 0.57678 0.57129 0.61427 0.57129 0.61427 0.5127
0 0.57678 0.41406 0.57678 0.46973 0.61548 0.46973 0.61548 0.41406
0 0.67473 0.41406 0.67473 0.4707 0.71705 0.4707 0.71705 0.41406
0 0.67231 0.5127 0.67231 0.57227 0.71826 0.57227 0.71826 0.5127
0 0.77025 0.41406 0.77025 0.47168 0.81862 0.47168 0.81862 0.41406
0 0.76904 0.5127 0.76904 0.56934 0.81862 0.56934 0.81862 0.5127
0 0.097944 0.78418 0.097944 0.83594 0.11971 0.83594 0.11971 0.78418
0 0.095526 0.7168 0.095526 0.75684 0.11729 0.75684 0.11729 0.7168
0 0.16082 0.71875 0.16082 0.74316 0.21644 0.74316 0.21644 0.71875
0 0.16082 0.74414 0.16082 0.77051 0.21644 0.77051 0.21644 0.74414
0 0.16203 0.77148 0.16203 0.79688 0.21765 0.79688 0.21765 0.77148
0 0.16203 0.79883 0.16203 0.82422 0.21765 0.82422 0.21765 0.79883
0 0.16203 0.82617 0.16203 0.85156 0.21765 0.85156 0.21765 0.82617
0 0.16324 0.85352 0.16324 0.87891 0.21886 0.87891 0.21886 0.85352
0 0.25877 0.71777 0.25877 0.88672 0.31318 0.88672 0.31318 0.71777
0 0.3555 0.72168 0.3555 0.8877 0.41233 0.8877 0.41233 0.72168
0 0.47763 0.79297 0.47763 0.8457 0.51511 0.8457 0.51511 0.79297
0 0.47521 0.72363 0.47521 0.76465 0.51391 0.76465 0.51391 0.72363
0 0.57316 0.79199 0.57316 0.84473 0.61306 0.84473 0.61306 0.79199
0 0.57316 0.72559 0.57316 0.76367 0.61306 0.76367 0.61306 0.72559
0 0.6711 0.79395 0.6711 0.84277 0.71342 0.84277 0.71342 0.79395
0 0.66989 0.72461 0.66989 0.76562 0.71342 0.76562 0.71342 0.72461
0 0.76542 0.72461 0.76542 0.7666 0.81258 0.7666 0.81258 0.72461
0 0.763 0.79297 0.763 0.84473 0.81378 0.84473 0.81378 0.79297
1 0.89843 0.44336 0.89843 0.49707 0.98912 0.49707 0.98912 0.44336
1 0.91536 0.56543 0.91536 0.5957 0.99033 0.5957 0.99033 0.56543
1 0.91294 0.22949 0.91294 0.26562 0.99274 0.26562 0.99274 0.22949
1 0.91294 0.2666 0.91294 0.30273 0.99274 0.30273 0.99274 0.2666
0 0.16082 0.91211 0.16082 0.9707 0.21403 0.9707 0.21403 0.91211
0 0.89117 0.12012 0.89117 0.30176 0.91294 0.30176 0.91294 0.12012
