0 0.066116 0.13946 0.066116 0.16957 0.1157 0.16957 0.1157 0.13946
0 0.15702 0.038035 0.15702 0.068146 0.2314 0.068146 0.2314 0.038035
0 0.15702 0.10618 0.15702 0.13629 0.2314 0.13629 0.2314 0.10618
0 0.15427 0.17116 0.15427 0.20127 0.22865 0.20127 0.22865 0.17116
0 0.15152 0.23772 0.15152 0.26783 0.2259 0.26783 0.2259 0.23772
0 0.29752 0.23613 0.29752 0.26624 0.3719 0.26624 0.3719 0.23613
0 0.29752 0.16957 0.29752 0.19968 0.38017 0.19968 0.38017 0.16957
0 0.30028 0.1046 0.30028 0.13312 0.39669 0.13312 0.39669 0.1046
0 0.30028 0.03645 0.30028 0.066561 0.37466 0.066561 0.37466 0.03645
0 0.43526 0.034865 0.43526 0.064976 0.52617 0.064976 0.52617 0.034865
0 0.43526 0.23613 0.43526 0.26624 0.52342 0.26624 0.52342 0.23613
0 0.43526 0.16799 0.43526 0.1981 0.54821 0.1981 0.54821 0.16799
0 0.43526 0.10143 0.43526 0.13154 0.54545 0.13154 0.54545 0.10143
0 0.58402 0.23296 0.58402 0.26466 0.67218 0.26466 0.67218 0.23296
0 0.58678 0.031696 0.58678 0.061807 0.67769 0.061807 0.67769 0.031696
0 0.58678 0.10143 0.58678 0.12995 0.70248 0.12995 0.70248 0.10143
0 0.58678 0.1664 0.58678 0.19493 0.70248 0.19493 0.70248 0.1664
0 0.14601 0.47227 0.14601 0.49604 0.21763 0.49604 0.21763 0.47227
0 0.14601 0.54992 0.14601 0.57528 0.21488 0.57528 0.21488 0.54992
0 0.41322 0.62916 0.41322 0.66244 0.49036 0.66244 0.49036 0.62916
0 0.41322 0.57211 0.41322 0.60222 0.49311 0.60222 0.49311 0.57211
0 0.41598 0.38669 0.41598 0.41521 0.49311 0.41521 0.49311 0.38669
0 0.41598 0.44532 0.41598 0.47385 0.49036 0.47385 0.49036 0.44532
0 0.55096 0.3851 0.55096 0.41521 0.63361 0.41521 0.63361 0.3851
0 0.55096 0.44374 0.55096 0.47385 0.63361 0.47385 0.63361 0.44374
0 0.55096 0.57211 0.55096 0.60222 0.63085 0.60222 0.63085 0.57211
0 0.54821 0.62916 0.54821 0.66086 0.63085 0.66086 0.63085 0.62916
0 0.41322 0.50713 0.41322 0.53724 0.52342 0.53724 0.52342 0.50713
0 0.55096 0.50713 0.55096 0.53883 0.66116 0.53883 0.66116 0.50713
0 0.12672 0.79398 0.12672 0.81933 0.18457 0.81933 0.18457 0.79398
0 0.12672 0.82409 0.12672 0.84945 0.18182 0.84945 0.18182 0.82409
0 0.12672 0.85261 0.12672 0.87797 0.18457 0.87797 0.18457 0.85261
0 0.24518 0.74643 0.24518 0.77813 0.31129 0.77813 0.31129 0.74643
0 0.24518 0.79715 0.24518 0.82884 0.31129 0.82884 0.31129 0.79715
0 0.36915 0.79873 0.36915 0.82884 0.43526 0.82884 0.43526 0.79873
0 0.3719 0.74643 0.3719 0.77813 0.43802 0.77813 0.43802 0.74643
0 0.50689 0.80032 0.50689 0.83201 0.573 0.83201 0.573 0.80032
0 0.50413 0.74802 0.50413 0.77971 0.57025 0.77971 0.57025 0.74802
0 0.64463 0.74643 0.64463 0.77813 0.71625 0.77813 0.71625 0.74643
0 0.63912 0.8019 0.63912 0.83201 0.7135 0.83201 0.7135 0.8019
0 0.24242 0.87322 0.24242 0.89382 0.30303 0.89382 0.30303 0.87322
0 0.24242 0.89699 0.24242 0.91601 0.30028 0.91601 0.30028 0.89699
0 0.27824 0.42314 0.27824 0.44216 0.34711 0.44216 0.34711 0.42314
0 0.27824 0.44532 0.27824 0.46276 0.34711 0.46276 0.34711 0.44532
0 0.27548 0.50396 0.27548 0.52139 0.34711 0.52139 0.34711 0.50396
0 0.27548 0.52456 0.27548 0.54358 0.34435 0.54358 0.34435 0.52456
0 0.27548 0.5832 0.27548 0.60222 0.34435 0.60222 0.34435 0.5832
0 0.27548 0.60539 0.27548 0.62282 0.34435 0.62282 0.34435 0.60539
0 0.35537 0.87956 0.35537 0.89699 0.427 0.89699 0.427 0.87956
0 0.35537 0.90016 0.35537 0.91759 0.42424 0.91759 0.42424 0.90016
0 0.50413 0.90174 0.50413 0.91601 0.57576 0.91601 0.57576 0.90174
0 0.50138 0.88114 0.50138 0.89699 0.57576 0.89699 0.57576 0.88114
0 0.64738 0.88273 0.64738 0.89857 0.70799 0.89857 0.70799 0.88273
0 0.64463 0.90333 0.64463 0.91918 0.70799 0.91918 0.70799 0.90333
0 0.50689 0.87005 0.50689 0.87639 0.573 0.87639 0.573 0.87005
0 0.36088 0.86846 0.36088 0.8748 0.427 0.8748 0.427 0.86846
0 0.64738 0.87322 0.64738 0.87956 0.70799 0.87956 0.70799 0.87322
0 0.73278 0.56735 0.73278 0.62916 0.87328 0.62916 0.87328 0.56735
