0 0.13025 0.076172 0.13025 0.12891 0.23155 0.12891 0.23155 0.076172
0 0.1288 0.18066 0.1288 0.23242 0.2301 0.23242 0.2301 0.18066
0 0.12735 0.2832 0.12735 0.33594 0.22865 0.33594 0.22865 0.2832
0 0.1288 0.64355 0.1288 0.69629 0.2301 0.69629 0.2301 0.64355
0 0.13603 0.74902 0.13603 0.80176 0.23734 0.80176 0.23734 0.74902
0 0.13893 0.85352 0.13893 0.90527 0.24168 0.90527 0.24168 0.85352
0 0.11722 0.46973 0.11722 0.51074 0.16643 0.51074 0.16643 0.46973
0 0.34298 0.070312 0.34298 0.13574 0.52243 0.13574 0.52243 0.070312
0 0.34588 0.17383 0.34588 0.24023 0.52533 0.24023 0.52533 0.17383
0 0.34588 0.27832 0.34588 0.34375 0.52533 0.34375 0.52533 0.27832
0 0.34588 0.64062 0.34588 0.70703 0.52533 0.70703 0.52533 0.64062
0 0.34443 0.74805 0.34443 0.81348 0.52388 0.81348 0.52388 0.74805
0 0.35022 0.84961 0.35022 0.91602 0.52967 0.91602 0.52967 0.84961
0 0.62663 0.85449 0.62663 0.91602 0.79016 0.91602 0.79016 0.85449
0 0.62373 0.75098 0.62373 0.8125 0.78726 0.8125 0.78726 0.75098
0 0.62663 0.64355 0.62663 0.70508 0.79016 0.70508 0.79016 0.64355
0 0.62663 0.45703 0.62663 0.53516 0.78148 0.53516 0.78148 0.45703
0 0.62663 0.28027 0.62663 0.3457 0.79161 0.3457 0.79161 0.28027
0 0.62663 0.17871 0.62663 0.24023 0.79161 0.24023 0.79161 0.17871
0 0.62952 0.072266 0.62952 0.13379 0.7945 0.13379 0.7945 0.072266
0 0.3343 0.45801 0.3343 0.53223 0.54848 0.53223 0.54848 0.45801
0 0.89436 0.18652 0.89436 0.2373 0.95658 0.2373 0.95658 0.18652
0 0.88857 0.082031 0.88857 0.12109 0.95369 0.12109 0.95369 0.082031
0 0.89436 0.75879 0.89436 0.80859 0.95658 0.80859 0.95658 0.75879
0 0.89436 0.86816 0.89436 0.91016 0.95514 0.91016 0.95514 0.86816
1 0.86252 0.44336 0.86252 0.54102 0.9725 0.54102 0.9725 0.44336
