0 0.043945 0.056806 0.043945 0.095391 0.10547 0.095391 0.10547 0.056806
0 0.041992 0.16292 0.041992 0.2015 0.10352 0.2015 0.10352 0.16292
0 0.040039 0.26902 0.040039 0.30761 0.10156 0.30761 0.10156 0.26902
0 0.040039 0.37942 0.040039 0.41801 0.10059 0.41801 0.10059 0.37942
0 0.040039 0.48553 0.040039 0.52412 0.10156 0.52412 0.10156 0.48553
0 0.040039 0.59486 0.040039 0.63344 0.10156 0.63344 0.10156 0.59486
0 0.041992 0.69989 0.041992 0.73848 0.10352 0.73848 0.10352 0.69989
0 0.044922 0.80922 0.044922 0.8478 0.10645 0.8478 0.10645 0.80922
0 0.049805 0.91426 0.049805 0.95177 0.11133 0.95177 0.11133 0.91426
0 0.18262 0.054662 0.18262 0.096463 0.2832 0.096463 0.2832 0.054662
0 0.18066 0.15756 0.18066 0.20043 0.28125 0.20043 0.28125 0.15756
0 0.17969 0.26474 0.17969 0.30761 0.28027 0.30761 0.28027 0.26474
0 0.17969 0.37299 0.17969 0.41586 0.28027 0.41586 0.28027 0.37299
0 0.17773 0.48017 0.17773 0.52197 0.27832 0.52197 0.27832 0.48017
0 0.18066 0.59057 0.18066 0.63344 0.28125 0.63344 0.28125 0.59057
0 0.17676 0.69775 0.17676 0.74062 0.28125 0.74062 0.28125 0.69775
0 0.17773 0.80493 0.17773 0.84673 0.2832 0.84673 0.2832 0.80493
0 0.18457 0.91426 0.18457 0.95713 0.2832 0.95713 0.2832 0.91426
0 0.35938 0.91533 0.35938 0.95391 0.45312 0.95391 0.45312 0.91533
0 0.35938 0.80815 0.35938 0.84673 0.45215 0.84673 0.45215 0.80815
0 0.35742 0.70204 0.35742 0.74062 0.45117 0.74062 0.45117 0.70204
0 0.35742 0.59164 0.35742 0.63023 0.4502 0.63023 0.4502 0.59164
0 0.35742 0.48446 0.35742 0.52304 0.4502 0.52304 0.4502 0.48446
0 0.3584 0.37406 0.3584 0.41265 0.45215 0.41265 0.45215 0.37406
0 0.35742 0.26795 0.35742 0.30654 0.4502 0.30654 0.4502 0.26795
0 0.36035 0.16184 0.36035 0.20043 0.4541 0.20043 0.4541 0.16184
0 0.36133 0.056806 0.36133 0.095391 0.4541 0.095391 0.4541 0.056806
0 0.53906 0.056806 0.53906 0.097535 0.64355 0.097535 0.64355 0.056806
0 0.53906 0.16077 0.53906 0.2015 0.64355 0.2015 0.64355 0.16077
0 0.54004 0.26474 0.54004 0.30868 0.64258 0.30868 0.64258 0.26474
0 0.54004 0.36977 0.54004 0.41372 0.64258 0.41372 0.64258 0.36977
0 0.53906 0.48232 0.53906 0.52519 0.64258 0.52519 0.64258 0.48232
0 0.53906 0.58628 0.53906 0.63023 0.64258 0.63023 0.64258 0.58628
0 0.53906 0.69561 0.53906 0.73955 0.6416 0.73955 0.6416 0.69561
0 0.54102 0.80171 0.54102 0.84566 0.64453 0.84566 0.64453 0.80171
0 0.53809 0.9089 0.53809 0.95177 0.6416 0.95177 0.6416 0.9089
0 0.71875 0.91104 0.71875 0.95177 0.81152 0.95177 0.81152 0.91104
0 0.71973 0.80493 0.71973 0.84673 0.8125 0.84673 0.8125 0.80493
0 0.71973 0.69668 0.71973 0.73848 0.81348 0.73848 0.81348 0.69668
0 0.71973 0.59057 0.71973 0.6313 0.8125 0.6313 0.8125 0.59057
0 0.71875 0.37299 0.71875 0.41479 0.8125 0.41479 0.8125 0.37299
0 0.71875 0.26688 0.71875 0.30868 0.8125 0.30868 0.8125 0.26688
0 0.71777 0.16292 0.71777 0.20472 0.81055 0.20472 0.81055 0.16292
0 0.71484 0.057878 0.71484 0.099678 0.80859 0.099678 0.80859 0.057878
0 0.88477 0.17042 0.88477 0.20793 0.95605 0.20793 0.95605 0.17042
0 0.88281 0.068596 0.88281 0.10611 0.9541 0.10611 0.9541 0.068596
0 0.88672 0.27331 0.88672 0.31083 0.95801 0.31083 0.95801 0.27331
0 0.88672 0.37942 0.88672 0.41586 0.95801 0.41586 0.95801 0.37942
0 0.88477 0.91211 0.88477 0.94855 0.95605 0.94855 0.95605 0.91211
0 0.88965 0.70096 0.88965 0.73741 0.95996 0.73741 0.95996 0.70096
0 0.89062 0.59378 0.89062 0.63023 0.96191 0.63023 0.96191 0.59378
1 0.875 0.46945 0.875 0.52947 0.9834 0.52947 0.9834 0.46945
0 0.75781 0.51447 0.75781 0.52412 0.81348 0.52412 0.81348 0.51447
0 0.75684 0.47803 0.75684 0.49089 0.81348 0.49089 0.81348 0.47803
0 0.72363 0.49196 0.72363 0.50804 0.81348 0.50804 0.81348 0.49196
