0 0.19336 0.10373 0.19336 0.15851 0.27051 0.15851 0.27051 0.10373
0 0.21387 0.27273 0.21387 0.31935 0.2793 0.31935 0.2793 0.27273
0 0.36719 0.27156 0.36719 0.31702 0.44238 0.31702 0.44238 0.27156
0 0.35547 0.10373 0.35547 0.15734 0.43848 0.15734 0.43848 0.10373
0 0.51074 0.099068 0.51074 0.15152 0.59277 0.15152 0.59277 0.099068
0 0.52051 0.2704 0.52051 0.32051 0.60156 0.32051 0.60156 0.2704
0 0.52051 0.37179 0.52051 0.42191 0.59961 0.42191 0.59961 0.37179
0 0.52246 0.47203 0.52246 0.52448 0.60059 0.52448 0.60059 0.47203
0 0.68066 0.1049 0.68066 0.15501 0.74902 0.15501 0.74902 0.1049
0 0.82715 0.2704 0.82715 0.32051 0.91016 0.32051 0.91016 0.2704
0 0.36719 0.37296 0.36719 0.41958 0.44238 0.41958 0.44238 0.37296
0 0.36816 0.47552 0.36816 0.52098 0.44336 0.52098 0.44336 0.47552
0 0.36816 0.57809 0.36816 0.62354 0.44336 0.62354 0.44336 0.57809
0 0.36719 0.67949 0.36719 0.72611 0.44238 0.72611 0.44238 0.67949
0 0.36719 0.78438 0.36719 0.82984 0.44238 0.82984 0.44238 0.78438
0 0.36719 0.88578 0.36719 0.93124 0.44238 0.93124 0.44238 0.88578
0 0.52148 0.57343 0.52148 0.62704 0.59961 0.62704 0.59961 0.57343
0 0.52148 0.67599 0.52148 0.72844 0.60059 0.72844 0.60059 0.67599
0 0.52246 0.77739 0.52246 0.831 0.60059 0.831 0.60059 0.77739
0 0.52051 0.88112 0.52051 0.93357 0.59961 0.93357 0.59961 0.88112
0 0.68262 0.2704 0.68262 0.32051 0.75098 0.32051 0.75098 0.2704
0 0.68262 0.37063 0.68262 0.42075 0.75098 0.42075 0.75098 0.37063
0 0.68262 0.47436 0.68262 0.52448 0.75098 0.52448 0.75098 0.47436
0 0.68164 0.57459 0.68164 0.62471 0.75 0.62471 0.75 0.57459
0 0.68164 0.67716 0.68164 0.72844 0.75 0.72844 0.75 0.67716
0 0.68262 0.78089 0.68262 0.831 0.75098 0.831 0.75098 0.78089
0 0.68359 0.88345 0.68359 0.93357 0.75195 0.93357 0.75195 0.88345
0 0.82715 0.094406 0.82715 0.16084 0.94141 0.16084 0.94141 0.094406
0 0.82812 0.37063 0.82812 0.42075 0.91113 0.42075 0.91113 0.37063
0 0.8291 0.47319 0.8291 0.52331 0.91113 0.52331 0.91113 0.47319
0 0.8291 0.57576 0.8291 0.62587 0.91113 0.62587 0.91113 0.57576
0 0.83008 0.67832 0.83008 0.72844 0.91211 0.72844 0.91211 0.67832
0 0.83008 0.78089 0.83008 0.831 0.91211 0.831 0.91211 0.78089
0 0.83008 0.88345 0.83008 0.9324 0.91211 0.9324 0.91211 0.88345
0 0.21191 0.37529 0.21191 0.42075 0.27832 0.42075 0.27832 0.37529
0 0.21387 0.47669 0.21387 0.52214 0.2793 0.52214 0.2793 0.47669
0 0.21484 0.57809 0.21484 0.62471 0.28027 0.62471 0.28027 0.57809
0 0.21484 0.67949 0.21484 0.72611 0.28125 0.72611 0.28125 0.67949
0 0.21387 0.78322 0.21387 0.82867 0.2793 0.82867 0.2793 0.78322
0 0.21289 0.88811 0.21289 0.93473 0.27832 0.93473 0.27832 0.88811
0 0.075195 0.12121 0.075195 0.15734 0.12207 0.15734 0.12207 0.12121
