0 0.5218 0.32715 0.5218 0.37207 0.63144 0.37207 0.63144 0.32715
0 0.28798 0.076172 0.28798 0.12207 0.39498 0.12207 0.39498 0.076172
0 0.29062 0.20508 0.29062 0.25098 0.39498 0.25098 0.39498 0.20508
0 0.29062 0.32617 0.29062 0.37109 0.3963 0.37109 0.3963 0.32617
0 0.51915 0.077148 0.51915 0.12305 0.63144 0.12305 0.63144 0.077148
0 0.52048 0.20605 0.52048 0.25195 0.63144 0.25195 0.63144 0.20605
0 0.28798 0.46387 0.28798 0.50879 0.39102 0.50879 0.39102 0.46387
0 0.28402 0.6123 0.28402 0.6582 0.39366 0.6582 0.39366 0.6123
0 0.28666 0.75977 0.28666 0.80469 0.39102 0.80469 0.39102 0.75977
0 0.51783 0.46387 0.51783 0.50879 0.63012 0.50879 0.63012 0.46387
0 0.51783 0.61426 0.51783 0.65918 0.6288 0.65918 0.6288 0.61426
0 0.51783 0.75977 0.51783 0.80566 0.62748 0.80566 0.62748 0.75977
0 0.29062 0.90039 0.29062 0.94531 0.3963 0.94531 0.3963 0.90039
0 0.5218 0.90039 0.5218 0.94727 0.63144 0.94727 0.63144 0.90039
0 0.77807 0.075195 0.77807 0.12109 0.89036 0.12109 0.89036 0.075195
0 0.77675 0.20605 0.77675 0.25195 0.88904 0.25195 0.88904 0.20605
0 0.77807 0.32715 0.77807 0.37305 0.89036 0.37305 0.89036 0.32715
0 0.77675 0.75879 0.77675 0.80469 0.88904 0.80469 0.88904 0.75879
0 0.77675 0.46289 0.77675 0.50879 0.88904 0.50879 0.88904 0.46289
0 0.13738 0.19434 0.13738 0.22168 0.15984 0.22168 0.15984 0.19434
0 0.14135 0.45996 0.14135 0.4873 0.1638 0.4873 0.1638 0.45996
0 0.14003 0.96191 0.14003 0.98633 0.15984 0.98633 0.15984 0.96191
