0 0.047337 0.13965 0.047337 0.17285 0.10651 0.17285 0.10651 0.13965
0 0.26331 0.12012 0.26331 0.15723 0.3713 0.15723 0.3713 0.12012
0 0.48077 0.12207 0.48077 0.15625 0.58728 0.15625 0.58728 0.12207
0 0.6997 0.12207 0.6997 0.15625 0.81065 0.15625 0.81065 0.12207
0 0.26479 0.17773 0.26479 0.21484 0.37278 0.21484 0.37278 0.17773
0 0.48077 0.17773 0.48077 0.21387 0.5858 0.21387 0.5858 0.17773
0 0.6997 0.17871 0.6997 0.21387 0.81065 0.21387 0.81065 0.17871
0 0.26775 0.34766 0.26775 0.38477 0.37426 0.38477 0.37426 0.34766
0 0.26627 0.43457 0.26627 0.4707 0.37426 0.4707 0.37426 0.43457
0 0.26775 0.52148 0.26775 0.55859 0.37426 0.55859 0.37426 0.52148
0 0.26923 0.60547 0.26923 0.64258 0.37722 0.64258 0.37722 0.60547
0 0.26627 0.69238 0.26627 0.72949 0.37426 0.72949 0.37426 0.69238
0 0.48225 0.35059 0.48225 0.38574 0.58876 0.38574 0.58876 0.35059
0 0.48225 0.43457 0.48225 0.46973 0.58876 0.46973 0.58876 0.43457
0 0.48373 0.52148 0.48373 0.55664 0.58876 0.55664 0.58876 0.52148
0 0.48373 0.60938 0.48373 0.64355 0.58876 0.64355 0.58876 0.60938
0 0.48225 0.69434 0.48225 0.72949 0.58876 0.72949 0.58876 0.69434
0 0.6997 0.35156 0.6997 0.38672 0.81065 0.38672 0.81065 0.35156
0 0.70118 0.43555 0.70118 0.4707 0.81065 0.4707 0.81065 0.43555
0 0.70118 0.52344 0.70118 0.55859 0.81065 0.55859 0.81065 0.52344
0 0.70118 0.60938 0.70118 0.64453 0.81065 0.64453 0.81065 0.60938
0 0.6997 0.69434 0.6997 0.72949 0.81065 0.72949 0.81065 0.69434
0 0.24556 0.86328 0.24556 0.90039 0.35355 0.90039 0.35355 0.86328
0 0.24704 0.91113 0.24704 0.94824 0.35503 0.94824 0.35503 0.91113
0 0.45414 0.8623 0.45414 0.89941 0.56213 0.89941 0.56213 0.8623
0 0.45414 0.91211 0.45414 0.94824 0.56361 0.94824 0.56361 0.91211
0 0.67308 0.86426 0.67308 0.89941 0.78254 0.89941 0.78254 0.86426
0 0.67308 0.91406 0.67308 0.94824 0.78254 0.94824 0.78254 0.91406
0 0.89053 0.87598 0.89053 0.9375 0.99704 0.9375 0.99704 0.87598
