0 0.14157 0.11056 0.14157 0.15182 0.25393 0.15182 0.25393 0.11056
0 0.13708 0.22937 0.13708 0.27063 0.24944 0.27063 0.24944 0.22937
0 0.12809 0.65347 0.12809 0.69472 0.2427 0.69472 0.2427 0.65347
0 0.13034 0.77888 0.13034 0.82013 0.24494 0.82013 0.24494 0.77888
0 0.34831 0.10231 0.34831 0.15347 0.49438 0.15347 0.49438 0.10231
0 0.34382 0.22442 0.34382 0.27393 0.49213 0.27393 0.49213 0.22442
0 0.60899 0.09901 0.60899 0.15182 0.7618 0.15182 0.7618 0.09901
0 0.61124 0.21782 0.61124 0.27558 0.76404 0.27558 0.76404 0.21782
0 0.34157 0.64686 0.34157 0.70132 0.48315 0.70132 0.48315 0.64686
0 0.34157 0.77393 0.34157 0.82838 0.48315 0.82838 0.48315 0.77393
0 0.60449 0.64191 0.60449 0.70132 0.7618 0.70132 0.7618 0.64191
0 0.60225 0.76733 0.60225 0.82508 0.75955 0.82508 0.75955 0.76733
0 0.13034 0.35149 0.13034 0.38119 0.21573 0.38119 0.21573 0.35149
0 0.12809 0.42574 0.12809 0.45545 0.21348 0.45545 0.21348 0.42574
0 0.12584 0.4637 0.12584 0.4934 0.21124 0.4934 0.21124 0.4637
0 0.12584 0.5396 0.12584 0.56931 0.21124 0.56931 0.21124 0.5396
0 0.39775 0.34818 0.39775 0.37624 0.4809 0.37624 0.4809 0.34818
0 0.39551 0.5396 0.39551 0.56766 0.47865 0.56766 0.47865 0.5396
0 0.6764 0.34653 0.6764 0.37459 0.7618 0.37459 0.7618 0.34653
0 0.67416 0.53795 0.67416 0.56601 0.7618 0.56601 0.7618 0.53795
0 0.3236 0.35149 0.3236 0.37459 0.35281 0.37459 0.35281 0.35149
0 0.3191 0.54125 0.3191 0.56436 0.35056 0.56436 0.35056 0.54125
0 0.31685 0.42079 0.31685 0.49505 0.49888 0.49505 0.49888 0.42079
1 0.69438 0.41914 0.69438 0.4934 0.89213 0.4934 0.89213 0.41914
0 0.84494 0.10066 0.84494 0.14851 0.95281 0.14851 0.95281 0.10066
0 0.84719 0.22277 0.84719 0.27063 0.95506 0.27063 0.95506 0.22277
