0 0.39941 0.20182 0.39941 0.24219 0.45996 0.24219 0.45996 0.20182
0 0.39941 0.29948 0.39941 0.34115 0.45996 0.34115 0.45996 0.29948
0 0.40039 0.39714 0.40039 0.4388 0.45996 0.4388 0.45996 0.39714
0 0.5127 0.20052 0.5127 0.24089 0.5752 0.24089 0.5752 0.20052
0 0.51367 0.29818 0.51367 0.33984 0.5752 0.33984 0.5752 0.29818
0 0.51367 0.39583 0.51367 0.4388 0.57617 0.4388 0.57617 0.39583
0 0.40039 0.49609 0.40039 0.53646 0.46094 0.53646 0.46094 0.49609
0 0.40039 0.59245 0.40039 0.63411 0.46094 0.63411 0.46094 0.59245
0 0.40137 0.6901 0.40137 0.73177 0.46094 0.73177 0.46094 0.6901
0 0.51465 0.49349 0.51465 0.53385 0.5752 0.53385 0.5752 0.49349
0 0.51465 0.59245 0.51465 0.63281 0.57617 0.63281 0.57617 0.59245
0 0.51465 0.6888 0.51465 0.73047 0.5752 0.73047 0.5752 0.6888
0 0.40137 0.78646 0.40137 0.82812 0.46094 0.82812 0.46094 0.78646
0 0.51465 0.78646 0.51465 0.82812 0.57617 0.82812 0.57617 0.78646
0 0.63086 0.6901 0.63086 0.73047 0.69238 0.73047 0.69238 0.6901
0 0.63184 0.78776 0.63184 0.82812 0.69238 0.82812 0.69238 0.78776
0 0.63086 0.59375 0.63086 0.63542 0.69336 0.63542 0.69336 0.59375
0 0.74902 0.59375 0.74902 0.63542 0.80957 0.63542 0.80957 0.59375
0 0.74902 0.6901 0.74902 0.73047 0.81055 0.73047 0.81055 0.6901
0 0.74805 0.78776 0.74805 0.82812 0.81152 0.82812 0.81152 0.78776
0 0.74902 0.49479 0.74902 0.53776 0.81152 0.53776 0.81152 0.49479
0 0.74902 0.39714 0.74902 0.4388 0.81152 0.4388 0.81152 0.39714
0 0.74902 0.29948 0.74902 0.34245 0.81152 0.34245 0.81152 0.29948
0 0.63086 0.49479 0.63086 0.53646 0.71191 0.53646 0.71191 0.49479
0 0.63086 0.39844 0.63086 0.4388 0.71191 0.4388 0.71191 0.39844
0 0.63086 0.29948 0.63086 0.34115 0.71191 0.34115 0.71191 0.29948
0 0.62988 0.20052 0.62988 0.24219 0.69238 0.24219 0.69238 0.20052
0 0.74805 0.20052 0.74805 0.24219 0.81152 0.24219 0.81152 0.20052
0 0.39844 0.10286 0.39844 0.14323 0.45898 0.14323 0.45898 0.10286
0 0.5127 0.10286 0.5127 0.14323 0.57617 0.14323 0.57617 0.10286
0 0.39551 0.92057 0.39551 0.96484 0.45703 0.96484 0.45703 0.92057
0 0.51172 0.91927 0.51172 0.96354 0.57324 0.96354 0.57324 0.91927
0 0.34961 0.21224 0.34961 0.22917 0.36328 0.22917 0.36328 0.21224
0 0.35059 0.40885 0.35059 0.42708 0.36426 0.42708 0.36426 0.40885
0 0.35156 0.79688 0.35156 0.8151 0.36523 0.8151 0.36523 0.79688
0 0.35156 0.60417 0.35156 0.62109 0.36523 0.62109 0.36523 0.60417
1 0.8457 0.39062 0.8457 0.44531 0.93652 0.44531 0.93652 0.39062
1 0.87109 0.48958 0.87109 0.54167 0.93262 0.54167 0.93262 0.48958
