0 0.30247 0.035156 0.30247 0.067383 0.39506 0.067383 0.39506 0.035156
0 0.30247 0.10645 0.30247 0.13965 0.3966 0.13965 0.3966 0.10645
0 0.30093 0.20215 0.30093 0.23535 0.39352 0.23535 0.39352 0.20215
0 0.30247 0.25781 0.30247 0.28711 0.39506 0.28711 0.39506 0.25781
0 0.49691 0.035156 0.49691 0.068359 0.59259 0.068359 0.59259 0.035156
0 0.49691 0.10645 0.49691 0.13867 0.59568 0.13867 0.59568 0.10645
0 0.49383 0.20215 0.49383 0.23242 0.59259 0.23242 0.59259 0.20215
0 0.69444 0.03418 0.69444 0.066406 0.79167 0.066406 0.79167 0.03418
0 0.69444 0.10547 0.69444 0.13867 0.79321 0.13867 0.79321 0.10547
0 0.49383 0.25684 0.49383 0.28711 0.59259 0.28711 0.59259 0.25684
0 0.6929 0.20117 0.6929 0.23145 0.79167 0.23145 0.79167 0.20117
0 0.6929 0.25488 0.6929 0.28516 0.79167 0.28516 0.79167 0.25488
0 0.89352 0.10449 0.89352 0.1377 0.99846 0.1377 0.99846 0.10449
0 0.89198 0.20117 0.89198 0.23242 1 0.23242 1 0.20117
0 0.89198 0.25488 0.89198 0.28613 0.99846 0.28613 0.99846 0.25488
0 0.20833 0.36914 0.20833 0.40234 0.30864 0.40234 0.30864 0.36914
0 0.40586 0.36914 0.40586 0.40137 0.50617 0.40137 0.50617 0.36914
0 0.60031 0.36914 0.60031 0.40234 0.7037 0.40234 0.7037 0.36914
0 0.79475 0.36816 0.79475 0.40137 0.89815 0.40137 0.89815 0.36816
0 0.20679 0.45215 0.20679 0.47852 0.3071 0.47852 0.3071 0.45215
0 0.20679 0.50684 0.20679 0.5332 0.3071 0.5332 0.3071 0.50684
0 0.20679 0.56055 0.20679 0.58691 0.3071 0.58691 0.3071 0.56055
0 0.20679 0.61621 0.20679 0.64258 0.3071 0.64258 0.3071 0.61621
0 0.40123 0.45312 0.40123 0.47852 0.50309 0.47852 0.50309 0.45312
0 0.40278 0.50684 0.40278 0.53223 0.50463 0.53223 0.50463 0.50684
0 0.40278 0.56055 0.40278 0.58691 0.50463 0.58691 0.50463 0.56055
0 0.40278 0.61719 0.40278 0.64258 0.50463 0.64258 0.50463 0.61719
0 0.59877 0.61719 0.59877 0.64355 0.70062 0.64355 0.70062 0.61719
0 0.59722 0.45215 0.59722 0.47852 0.70062 0.47852 0.70062 0.45215
0 0.59877 0.50684 0.59877 0.53223 0.70062 0.53223 0.70062 0.50684
0 0.79475 0.45215 0.79475 0.47754 0.8966 0.47754 0.8966 0.45215
0 0.79321 0.61621 0.79321 0.6416 0.89506 0.6416 0.89506 0.61621
0 0.60031 0.69824 0.60031 0.73047 0.7037 0.73047 0.7037 0.69824
0 0.79321 0.69727 0.79321 0.73047 0.8966 0.73047 0.8966 0.69727
0 0.40586 0.69824 0.40586 0.73047 0.50617 0.73047 0.50617 0.69824
0 0.20833 0.69824 0.20833 0.73145 0.30864 0.73145 0.30864 0.69824
0 0.25617 0.8457 0.25617 0.86816 0.34568 0.86816 0.34568 0.8457
0 0.25463 0.81836 0.25463 0.83789 0.34568 0.83789 0.34568 0.81836
0 0.089506 0.81836 0.089506 0.86719 0.15586 0.86719 0.15586 0.81836
0 0.44136 0.84668 0.44136 0.86816 0.5216 0.86816 0.5216 0.84668
0 0.4429 0.81836 0.4429 0.83789 0.52315 0.83789 0.52315 0.81836
0 0.4429 0.93555 0.4429 0.98047 0.54321 0.98047 0.54321 0.93555
0 0.25772 0.93359 0.25772 0.97949 0.35031 0.97949 0.35031 0.93359
0 0.63272 0.81543 0.63272 0.86719 0.73457 0.86719 0.73457 0.81543
0 0.63272 0.93262 0.63272 0.98047 0.73457 0.98047 0.73457 0.93262
1 0.89506 0.022461 0.89506 0.070312 0.99846 0.070312 0.99846 0.022461
0 0.83796 0.91895 0.83796 0.99805 0.94136 0.99805 0.94136 0.91895
1 0.81481 0.52051 0.81481 0.57129 0.99228 0.57129 0.99228 0.52051
1 0.83642 0.81641 0.83642 0.86523 0.99383 0.86523 0.99383 0.81641
0 0.59722 0.56152 0.59722 0.58789 0.68519 0.58789 0.68519 0.56152
