0 0.17969 0.10384 0.17969 0.15784 0.26855 0.15784 0.26855 0.10384
0 0.17871 0.21391 0.17871 0.26791 0.26953 0.26791 0.26953 0.21391
0 0.17969 0.32503 0.17969 0.37695 0.27148 0.37695 0.27148 0.32503
0 0.17969 0.43302 0.17969 0.48598 0.27148 0.48598 0.27148 0.43302
0 0.34961 0.1028 0.34961 0.15784 0.44434 0.15784 0.44434 0.1028
0 0.34961 0.21184 0.34961 0.26791 0.44434 0.26791 0.44434 0.21184
0 0.34961 0.32191 0.34961 0.37695 0.44531 0.37695 0.44531 0.32191
0 0.35059 0.43198 0.35059 0.48806 0.44434 0.48806 0.44434 0.43198
0 0.18164 0.54206 0.18164 0.59605 0.27148 0.59605 0.27148 0.54206
0 0.18066 0.65109 0.18066 0.70717 0.27148 0.70717 0.27148 0.65109
0 0.34961 0.54102 0.34961 0.59605 0.44531 0.59605 0.44531 0.54102
0 0.35156 0.65005 0.35156 0.70613 0.44629 0.70613 0.44629 0.65005
0 0.53223 0.1028 0.53223 0.15057 0.63379 0.15057 0.63379 0.1028
0 0.53223 0.21391 0.53223 0.26272 0.63379 0.26272 0.63379 0.21391
0 0.5332 0.32191 0.5332 0.37279 0.63379 0.37279 0.63379 0.32191
0 0.34473 0.87747 0.34473 0.93146 0.44141 0.93146 0.44141 0.87747
0 0.5332 0.43198 0.5332 0.4839 0.63379 0.4839 0.63379 0.43198
0 0.53418 0.53998 0.53418 0.59398 0.63477 0.59398 0.63477 0.53998
0 0.53418 0.65005 0.53418 0.70405 0.63574 0.70405 0.63574 0.65005
0 0.1748 0.87747 0.1748 0.93146 0.26562 0.93146 0.26562 0.87747
0 0.52832 0.87539 0.52832 0.93043 0.62988 0.93043 0.62988 0.87539
0 0.7207 0.1028 0.7207 0.15784 0.82324 0.15784 0.82324 0.1028
0 0.7207 0.21184 0.7207 0.26791 0.82227 0.26791 0.82227 0.21184
0 0.72266 0.32191 0.72266 0.37799 0.82227 0.37799 0.82227 0.32191
0 0.7207 0.43198 0.7207 0.48806 0.82422 0.48806 0.82422 0.43198
0 0.72168 0.54206 0.72168 0.59709 0.82324 0.59709 0.82324 0.54206
0 0.72266 0.65109 0.72266 0.70717 0.82422 0.70717 0.82422 0.65109
0 0.71777 0.87643 0.71777 0.93354 0.82129 0.93354 0.82129 0.87643
0 0.88477 0.54413 0.88477 0.60021 0.97266 0.60021 0.97266 0.54413
0 0.88477 0.4351 0.88477 0.48702 0.96387 0.48702 0.96387 0.4351
0 0.88477 0.32399 0.88477 0.37487 0.95898 0.37487 0.95898 0.32399
1 0.88379 0.8785 0.88379 0.93354 0.97949 0.93354 0.97949 0.8785
1 0.88574 0.65005 0.88574 0.70509 0.97852 0.70509 0.97852 0.65005
