0 0.14648 0.29679 0.14648 0.32885 0.2168 0.32885 0.2168 0.29679
0 0.14551 0.2575 0.14551 0.29266 0.2168 0.29266 0.2168 0.2575
0 0.14844 0.60083 0.14844 0.63289 0.22266 0.63289 0.22266 0.60083
0 0.14844 0.56463 0.14844 0.59876 0.22266 0.59876 0.22266 0.56463
0 0.14648 0.91003 0.14648 0.94209 0.21777 0.94209 0.21777 0.91003
0 0.14551 0.8728 0.14551 0.90383 0.21875 0.90383 0.21875 0.8728
0 0.29785 0.29783 0.29785 0.32678 0.38281 0.32678 0.38281 0.29783
0 0.29785 0.25026 0.29785 0.28852 0.38184 0.28852 0.38184 0.25026
0 0.2998 0.60393 0.2998 0.63392 0.38281 0.63392 0.38281 0.60393
0 0.2998 0.55946 0.2998 0.59566 0.38379 0.59566 0.38379 0.55946
0 0.29785 0.909 0.29785 0.94209 0.38281 0.94209 0.38281 0.909
0 0.29785 0.8666 0.29785 0.90176 0.38184 0.90176 0.38184 0.8666
0 0.13672 0.43123 0.13672 0.47983 0.22266 0.47983 0.22266 0.43123
0 0.13672 0.71768 0.13672 0.76732 0.22266 0.76732 0.22266 0.71768
0 0.2998 0.42813 0.2998 0.4788 0.38379 0.4788 0.38379 0.42813
0 0.30176 0.71665 0.30176 0.76732 0.38477 0.76732 0.38477 0.71665
0 0.4502 0.71665 0.4502 0.76629 0.54492 0.76629 0.54492 0.71665
0 0.45117 0.42916 0.45117 0.4788 0.5459 0.4788 0.5459 0.42916
0 0.62109 0.4302 0.62109 0.4788 0.70605 0.4788 0.70605 0.4302
0 0.62109 0.52844 0.62109 0.57704 0.70605 0.57704 0.70605 0.52844
0 0.62109 0.62048 0.62109 0.66908 0.7041 0.66908 0.7041 0.62048
0 0.62012 0.71872 0.62012 0.76732 0.70508 0.76732 0.70508 0.71872
0 0.7793 0.71665 0.7793 0.76629 0.86719 0.76629 0.86719 0.71665
0 0.7793 0.5243 0.7793 0.57291 0.86621 0.57291 0.86621 0.5243
0 0.7793 0.42709 0.7793 0.47466 0.86621 0.47466 0.86621 0.42709
0 0.77637 0.25336 0.77637 0.31644 0.86621 0.31644 0.86621 0.25336
0 0.77539 0.8697 0.77539 0.93382 0.86621 0.93382 0.86621 0.8697
0 0.92773 0.5212 0.92773 0.56567 0.99023 0.56567 0.99023 0.5212
0 0.92773 0.42503 0.92773 0.46949 0.99121 0.46949 0.99121 0.42503
0 0.92773 0.71562 0.92773 0.76112 0.99023 0.76112 0.99023 0.71562
0 0.92188 0.24716 0.92188 0.31231 0.99219 0.31231 0.99219 0.24716
0 0.083008 0.10134 0.083008 0.14271 0.16504 0.14271 0.16504 0.10134
0 0.083008 0.043433 0.083008 0.086867 0.16504 0.086867 0.16504 0.043433
0 0.23828 0.099276 0.23828 0.14168 0.32617 0.14168 0.32617 0.099276
0 0.23926 0.046536 0.23926 0.085832 0.32617 0.085832 0.32617 0.046536
0 0.39844 0.10031 0.39844 0.14168 0.48438 0.14168 0.48438 0.10031
0 0.39844 0.05274 0.39844 0.089969 0.48438 0.089969 0.48438 0.05274
0 0.5625 0.10548 0.5625 0.14168 0.65137 0.14168 0.65137 0.10548
0 0.45215 0.59152 0.45215 0.62565 0.47949 0.62565 0.47949 0.59152
0 0.45215 0.55119 0.45215 0.58635 0.47949 0.58635 0.47949 0.55119
0 0.4834 0.59049 0.4834 0.62668 0.53711 0.62668 0.53711 0.59049
0 0.4834 0.55119 0.4834 0.58532 0.53906 0.58532 0.53906 0.55119
0 0.45996 0.29162 0.45996 0.32575 0.4873 0.32575 0.4873 0.29162
0 0.45996 0.25129 0.45996 0.28749 0.48633 0.28749 0.48633 0.25129
0 0.49121 0.25129 0.49121 0.28749 0.54199 0.28749 0.54199 0.25129
0 0.49121 0.29369 0.49121 0.32575 0.54102 0.32575 0.54102 0.29369
0 0.45801 0.8666 0.45801 0.90279 0.48633 0.90279 0.48633 0.8666
0 0.45898 0.90589 0.45898 0.94209 0.48633 0.94209 0.48633 0.90589
0 0.49023 0.86763 0.49023 0.90176 0.54102 0.90176 0.54102 0.86763
0 0.49023 0.90796 0.49023 0.94105 0.54199 0.94105 0.54199 0.90796
1 0.875 0.61117 0.875 0.67322 0.97363 0.67322 0.97363 0.61117
1 0.92676 0.85832 0.92676 0.95036 0.99902 0.95036 0.99902 0.85832
0 0.7793 0.61531 0.7793 0.66805 0.84277 0.66805 0.84277 0.61531
0 0.6123 0.24819 0.6123 0.32678 0.70117 0.32678 0.70117 0.24819
0 0.61133 0.8635 0.61133 0.94209 0.7002 0.94209 0.7002 0.8635
