0 0.21875 0.081585 0.21875 0.12587 0.29395 0.12587 0.29395 0.081585
0 0.37988 0.30186 0.37988 0.34965 0.45508 0.34965 0.45508 0.30186
0 0.37988 0.18998 0.37988 0.23893 0.45508 0.23893 0.45508 0.18998
0 0.21777 0.30186 0.21777 0.34732 0.29297 0.34732 0.29297 0.30186
0 0.21777 0.18998 0.21777 0.23776 0.29395 0.23776 0.29395 0.18998
0 0.86426 0.41142 0.86426 0.45571 0.94434 0.45571 0.94434 0.41142
0 0.86328 0.63054 0.86328 0.67832 0.94434 0.67832 0.94434 0.63054
0 0.86426 0.52098 0.86426 0.56643 0.94434 0.56643 0.94434 0.52098
0 0.86426 0.74242 0.86426 0.78788 0.94434 0.78788 0.94434 0.74242
0 0.86426 0.85198 0.86426 0.89977 0.94434 0.89977 0.94434 0.85198
0 0.70117 0.18881 0.70117 0.2366 0.78125 0.2366 0.78125 0.18881
0 0.70117 0.29953 0.70117 0.34615 0.78027 0.34615 0.78027 0.29953
0 0.70117 0.41142 0.70117 0.45688 0.78027 0.45688 0.78027 0.41142
0 0.54199 0.41026 0.54199 0.45571 0.62012 0.45571 0.62012 0.41026
0 0.54199 0.18998 0.54199 0.2366 0.61914 0.2366 0.61914 0.18998
0 0.54199 0.29953 0.54199 0.34732 0.62012 0.34732 0.62012 0.29953
0 0.7002 0.51981 0.7002 0.5676 0.7793 0.5676 0.7793 0.51981
0 0.70117 0.63054 0.70117 0.67716 0.78027 0.67716 0.78027 0.63054
0 0.54199 0.63054 0.54199 0.67716 0.61914 0.67716 0.61914 0.63054
0 0.54199 0.52098 0.54199 0.5676 0.61914 0.5676 0.61914 0.52098
0 0.70117 0.85198 0.70117 0.89744 0.78027 0.89744 0.78027 0.85198
0 0.70117 0.74126 0.70117 0.78788 0.78125 0.78788 0.78125 0.74126
0 0.54199 0.74126 0.54199 0.78788 0.61816 0.78788 0.61816 0.74126
0 0.54199 0.85198 0.54199 0.8986 0.62012 0.8986 0.62012 0.85198
0 0.37988 0.85082 0.37988 0.8986 0.45508 0.8986 0.45508 0.85082
0 0.21777 0.85198 0.21777 0.8986 0.29297 0.8986 0.29297 0.85198
0 0.37988 0.63054 0.37988 0.67949 0.44629 0.67949 0.44629 0.63054
0 0.37988 0.74126 0.37988 0.78904 0.45605 0.78904 0.45605 0.74126
0 0.2168 0.74009 0.2168 0.78788 0.29395 0.78788 0.29395 0.74009
0 0.21777 0.6317 0.21777 0.67832 0.29297 0.67832 0.29297 0.6317
0 0.37988 0.52098 0.37988 0.5676 0.45508 0.5676 0.45508 0.52098
0 0.37988 0.41259 0.37988 0.45804 0.45508 0.45804 0.45508 0.41259
0 0.21875 0.51981 0.21875 0.5676 0.29297 0.5676 0.29297 0.51981
0 0.21875 0.41026 0.21875 0.45804 0.29395 0.45804 0.29395 0.41026
0 0.86719 0.28438 0.86719 0.35781 0.89746 0.35781 0.89746 0.28438
1 0.91699 0.28671 0.91699 0.35664 0.99805 0.35664 0.99805 0.28671
0 0.076172 0.59441 0.076172 0.669 0.10254 0.669 0.10254 0.59441
0 0.079102 0.41841 0.079102 0.49301 0.10059 0.49301 0.10059 0.41841
0 0.077148 0.23893 0.077148 0.31352 0.098633 0.31352 0.098633 0.23893
0 0.078125 0.058275 0.078125 0.13287 0.10156 0.13287 0.10156 0.058275
0 0.37988 0.078089 0.37988 0.12704 0.45508 0.12704 0.45508 0.078089
