0 0.33993 0.59244 0.33993 0.72689 0.47855 0.72689 0.47855 0.59244
0 0.33663 0.7437 0.33663 0.87605 0.4769 0.87605 0.4769 0.7437
0 0.58416 0.59454 0.58416 0.72479 0.73267 0.72479 0.73267 0.59454
0 0.58086 0.7458 0.58086 0.87395 0.73102 0.87395 0.73102 0.7458
0 0.13861 0.28782 0.13861 0.39076 0.26568 0.39076 0.26568 0.28782
0 0.36799 0.35504 0.36799 0.43067 0.50495 0.43067 0.50495 0.35504
0 0.36964 0.2542 0.36964 0.32773 0.5066 0.32773 0.5066 0.2542
0 0.60726 0.2605 0.60726 0.32983 0.73432 0.32983 0.73432 0.2605
0 0.60396 0.35294 0.60396 0.41807 0.73267 0.41807 0.73267 0.35294
0 0.84818 0.36345 0.84818 0.42857 0.93069 0.42857 0.93069 0.36345
0 0.84653 0.26471 0.84653 0.32983 0.93234 0.32983 0.93234 0.26471
0 0.85314 0.61345 0.85314 0.69118 0.97855 0.69118 0.97855 0.61345
0 0.84818 0.72059 0.84818 0.87815 0.98185 0.87815 0.98185 0.72059
