0 0.15332 0.093108 0.15332 0.15115 0.22266 0.15115 0.22266 0.093108
0 0.15332 0.25272 0.15332 0.29625 0.22461 0.29625 0.22461 0.25272
0 0.1543 0.30593 0.1543 0.35067 0.22363 0.35067 0.22363 0.30593
0 0.15625 0.45103 0.15625 0.50665 0.22461 0.50665 0.22461 0.45103
0 0.15527 0.60218 0.15527 0.64571 0.22461 0.64571 0.22461 0.60218
0 0.15527 0.66143 0.15527 0.70496 0.22461 0.70496 0.22461 0.66143
0 0.29297 0.094317 0.29297 0.15115 0.37012 0.15115 0.37012 0.094317
0 0.29395 0.25151 0.29395 0.29504 0.36816 0.29504 0.36816 0.25151
0 0.29297 0.30472 0.29297 0.34825 0.36816 0.34825 0.36816 0.30472
0 0.29199 0.44982 0.29199 0.50665 0.36914 0.50665 0.36914 0.44982
0 0.29199 0.60218 0.29199 0.64571 0.36719 0.64571 0.36719 0.60218
0 0.29199 0.66143 0.29199 0.70496 0.36719 0.70496 0.36719 0.66143
0 0.44434 0.091898 0.44434 0.14994 0.52051 0.14994 0.52051 0.091898
0 0.44238 0.2503 0.44238 0.29383 0.52051 0.29383 0.52051 0.2503
0 0.44238 0.30593 0.44238 0.34825 0.52051 0.34825 0.52051 0.30593
0 0.44043 0.44982 0.44043 0.50786 0.51953 0.50786 0.51953 0.44982
0 0.44043 0.60218 0.44043 0.64571 0.51953 0.64571 0.51953 0.60218
0 0.44043 0.66143 0.44043 0.70375 0.51953 0.70375 0.51953 0.66143
0 0.1543 0.8162 0.1543 0.87304 0.22266 0.87304 0.22266 0.8162
0 0.29199 0.81741 0.29199 0.87424 0.36914 0.87424 0.36914 0.81741
0 0.44043 0.8162 0.44043 0.87304 0.52051 0.87304 0.52051 0.8162
0 0.59082 0.093108 0.59082 0.14994 0.6709 0.14994 0.6709 0.093108
0 0.5918 0.2503 0.5918 0.29383 0.66992 0.29383 0.66992 0.2503
0 0.58984 0.30472 0.58984 0.34825 0.66992 0.34825 0.66992 0.30472
0 0.58984 0.44861 0.58984 0.50544 0.66992 0.50544 0.66992 0.44861
0 0.58984 0.60097 0.58984 0.6445 0.66992 0.6445 0.66992 0.60097
0 0.58984 0.66022 0.58984 0.70375 0.66992 0.70375 0.66992 0.66022
0 0.58789 0.81741 0.58789 0.87424 0.66797 0.87424 0.66797 0.81741
0 0.7373 0.08948 0.7373 0.14631 0.81445 0.14631 0.81445 0.08948
0 0.7373 0.2503 0.7373 0.29262 0.81445 0.29262 0.81445 0.2503
0 0.7373 0.3023 0.7373 0.34583 0.81445 0.34583 0.81445 0.3023
0 0.73633 0.59855 0.73633 0.64208 0.81641 0.64208 0.81641 0.59855
0 0.7373 0.8162 0.7373 0.87304 0.81641 0.87304 0.81641 0.8162
0 0.73633 0.6578 0.73633 0.70496 0.81641 0.70496 0.81641 0.6578
0 0.73535 0.43531 0.73535 0.51632 0.78223 0.51632 0.78223 0.43531
0 0.057617 0.82588 0.057617 0.86215 0.099609 0.86215 0.099609 0.82588
0 0.87891 0.24305 0.87891 0.35187 0.94922 0.35187 0.94922 0.24305
0 0.875 0.60097 0.875 0.70496 0.94531 0.70496 0.94531 0.60097
1 0.80762 0.4341 0.80762 0.52358 0.97363 0.52358 0.97363 0.4341
