0 0.38606 0.15254 0.38606 0.21921 0.54991 0.21921 0.54991 0.15254
0 0.3823 0.39661 0.3823 0.47006 0.54991 0.47006 0.54991 0.39661
0 0.37853 0.68475 0.37853 0.75819 0.54614 0.75819 0.54614 0.68475
0 0.06968 0.37514 0.06968 0.43164 0.23729 0.43164 0.23729 0.37514
0 0.06968 0.43729 0.06968 0.49492 0.23729 0.49492 0.23729 0.43729
0 0.090395 0.17401 0.090395 0.2226 0.20151 0.2226 0.20151 0.17401
0 0.065913 0.70395 0.065913 0.75254 0.17702 0.75254 0.17702 0.70395
1 0.67985 0.38079 0.67985 0.46893 0.96422 0.46893 0.96422 0.38079
0 0.68362 0.65424 0.68362 0.77966 0.9435 0.77966 0.9435 0.65424
0 0.67985 0.12203 0.67985 0.23955 0.92655 0.23955 0.92655 0.12203
