0 0.1377 0.24603 0.1377 0.31633 0.21387 0.31633 0.21387 0.24603
0 0.31348 0.4161 0.31348 0.46485 0.40137 0.46485 0.40137 0.4161
0 0.31055 0.2381 0.31055 0.31973 0.40039 0.31973 0.40039 0.2381
0 0.1416 0.41497 0.1416 0.47279 0.21777 0.47279 0.21777 0.41497
0 0.14258 0.48753 0.14258 0.54649 0.21875 0.54649 0.21875 0.48753
0 0.1416 0.62018 0.1416 0.67914 0.2168 0.67914 0.2168 0.62018
0 0.14258 0.69501 0.14258 0.75397 0.21777 0.75397 0.21777 0.69501
0 0.13672 0.86395 0.13672 0.93424 0.21289 0.93424 0.21289 0.86395
0 0.31445 0.49093 0.31445 0.53968 0.40234 0.53968 0.40234 0.49093
0 0.3125 0.62358 0.3125 0.67234 0.39941 0.67234 0.39941 0.62358
0 0.31348 0.69955 0.31348 0.74943 0.40039 0.74943 0.40039 0.69955
0 0.30859 0.85374 0.30859 0.93537 0.39941 0.93537 0.39941 0.85374
0 0.4834 0.23583 0.4834 0.31633 0.58008 0.31633 0.58008 0.23583
0 0.48535 0.4161 0.48535 0.46485 0.58008 0.46485 0.58008 0.4161
0 0.48535 0.4932 0.48535 0.54195 0.58008 0.54195 0.58008 0.4932
0 0.4834 0.62472 0.4834 0.67347 0.57812 0.67347 0.57812 0.62472
0 0.4834 0.69955 0.4834 0.7483 0.57812 0.7483 0.57812 0.69955
0 0.48242 0.85488 0.48242 0.93651 0.57812 0.93651 0.57812 0.85488
0 0.66309 0.23583 0.66309 0.31746 0.75391 0.31746 0.75391 0.23583
0 0.66406 0.49093 0.66406 0.54082 0.75586 0.54082 0.75586 0.49093
0 0.66406 0.41837 0.66406 0.46599 0.75684 0.46599 0.75684 0.41837
0 0.66309 0.62358 0.66309 0.67234 0.75781 0.67234 0.75781 0.62358
0 0.66211 0.69955 0.66211 0.7483 0.75684 0.7483 0.75684 0.69955
0 0.66113 0.85601 0.66113 0.93764 0.75586 0.93764 0.75586 0.85601
0 0.83984 0.64512 0.83984 0.72902 0.94336 0.72902 0.94336 0.64512
1 0.8418 0.21655 0.8418 0.3356 0.99414 0.3356 0.99414 0.21655
1 0.83887 0.43991 0.83887 0.52154 0.99023 0.52154 0.99023 0.43991
0 0.1748 0.021542 0.1748 0.10771 0.25879 0.10771 0.25879 0.021542
0 0.34375 0.024943 0.34375 0.10658 0.42676 0.10658 0.42676 0.024943
0 0.51172 0.024943 0.51172 0.10658 0.59473 0.10658 0.59473 0.024943
0 0.67773 0.024943 0.67773 0.10544 0.75977 0.10544 0.75977 0.024943
0 0.84473 0.022676 0.84473 0.10204 0.92773 0.10204 0.92773 0.022676
