0 0.3291 0.23568 0.3291 0.3138 0.43359 0.3138 0.43359 0.23568
0 0.33008 0.3763 0.33008 0.45573 0.43262 0.45573 0.43262 0.3763
0 0.33008 0.52344 0.33008 0.60286 0.43262 0.60286 0.43262 0.52344
0 0.3291 0.66797 0.3291 0.7474 0.43164 0.7474 0.43164 0.66797
0 0.33008 0.8112 0.33008 0.89062 0.43262 0.89062 0.43262 0.8112
0 0.50293 0.80729 0.50293 0.88672 0.60547 0.88672 0.60547 0.80729
0 0.50684 0.66536 0.50684 0.74479 0.60938 0.74479 0.60938 0.66536
0 0.50391 0.52344 0.50391 0.60286 0.60645 0.60286 0.60645 0.52344
0 0.50488 0.37891 0.50488 0.45833 0.60742 0.45833 0.60742 0.37891
0 0.50684 0.23438 0.50684 0.3138 0.60938 0.3138 0.60938 0.23438
0 0.68457 0.23698 0.68457 0.31641 0.78711 0.31641 0.78711 0.23698
0 0.68359 0.3763 0.68359 0.45573 0.78613 0.45573 0.78613 0.3763
0 0.68164 0.52214 0.68164 0.60156 0.78418 0.60156 0.78418 0.52214
0 0.68164 0.66146 0.68164 0.74089 0.78418 0.74089 0.78418 0.66146
0 0.83984 0.67188 0.83984 0.73307 0.93359 0.73307 0.93359 0.67188
0 0.84082 0.52865 0.84082 0.59115 0.93457 0.59115 0.93457 0.52865
0 0.83984 0.38542 0.83984 0.44792 0.93359 0.44792 0.93359 0.38542
0 0.83984 0.24089 0.83984 0.30339 0.93359 0.30339 0.93359 0.24089
0 0.33887 0.057292 0.33887 0.10677 0.39941 0.10677 0.39941 0.057292
0 0.47754 0.061198 0.47754 0.10547 0.54492 0.10547 0.54492 0.061198
