0 0.067383 0.17338 0.067383 0.31524 0.19824 0.31524 0.19824 0.17338
0 0.070312 0.46935 0.070312 0.60595 0.20117 0.60595 0.20117 0.46935
0 0.070312 0.75306 0.070312 0.89667 0.20117 0.89667 0.20117 0.75306
0 0.33691 0.17863 0.33691 0.31874 0.48535 0.31874 0.48535 0.17863
0 0.33789 0.46935 0.33789 0.6042 0.4873 0.6042 0.4873 0.46935
0 0.33789 0.75306 0.33789 0.89492 0.4873 0.89492 0.4873 0.75306
0 0.58496 0.17513 0.58496 0.31874 0.74219 0.31874 0.74219 0.17513
0 0.58301 0.4641 0.58301 0.61121 0.74121 0.61121 0.74121 0.4641
0 0.58496 0.75657 0.58496 0.89667 0.73926 0.89667 0.73926 0.75657
0 0.86328 0.18389 0.86328 0.30823 0.9707 0.30823 0.9707 0.18389
0 0.86426 0.47811 0.86426 0.59895 0.97168 0.59895 0.97168 0.47811
0 0.86523 0.77233 0.86523 0.89492 0.97168 0.89492 0.97168 0.77233
