0 0.25293 0.1608 0.25293 0.24623 0.32617 0.24623 0.32617 0.1608
0 0.25195 0.45226 0.25195 0.53769 0.32422 0.53769 0.32422 0.45226
0 0.24902 0.73869 0.24902 0.82412 0.32227 0.82412 0.32227 0.73869
0 0.3584 0.15829 0.3584 0.24372 0.43164 0.24372 0.43164 0.15829
0 0.3584 0.44221 0.3584 0.52764 0.43164 0.52764 0.43164 0.44221
0 0.35742 0.74372 0.35742 0.82663 0.43066 0.82663 0.43066 0.74372
0 0.46387 0.73116 0.46387 0.8191 0.54004 0.8191 0.54004 0.73116
0 0.46484 0.44724 0.46484 0.53518 0.54004 0.53518 0.54004 0.44724
0 0.46582 0.15829 0.46582 0.24372 0.54102 0.24372 0.54102 0.15829
0 0.57617 0.15075 0.57617 0.25126 0.6709 0.25126 0.6709 0.15075
0 0.57715 0.44221 0.57715 0.54271 0.67188 0.54271 0.67188 0.44221
0 0.5752 0.72111 0.5752 0.82915 0.66992 0.82915 0.66992 0.72111
0 0.70898 0.14573 0.70898 0.26131 0.79883 0.26131 0.79883 0.14573
0 0.70801 0.43216 0.70801 0.54774 0.79785 0.54774 0.79785 0.43216
0 0.70703 0.71608 0.70703 0.83166 0.79688 0.83166 0.79688 0.71608
0 0.1543 0.092965 0.1543 0.13317 0.2041 0.13317 0.2041 0.092965
0 0.1543 0.27136 0.1543 0.31407 0.2041 0.31407 0.2041 0.27136
0 0.15332 0.38442 0.15332 0.42462 0.20215 0.42462 0.20215 0.38442
0 0.15234 0.5603 0.15234 0.6005 0.20117 0.6005 0.20117 0.5603
0 0.15234 0.67337 0.15234 0.71357 0.20215 0.71357 0.20215 0.67337
0 0.15039 0.84925 0.15039 0.8995 0.20117 0.8995 0.20117 0.84925
0 0.15332 0.15327 0.15332 0.25126 0.2041 0.25126 0.2041 0.15327
0 0.15137 0.44221 0.15137 0.5402 0.20215 0.5402 0.20215 0.44221
0 0.15039 0.73116 0.15039 0.82915 0.20117 0.82915 0.20117 0.73116
1 0.87207 0.38693 0.87207 0.58794 0.99512 0.58794 0.99512 0.38693
