0 0.17285 0.10553 0.17285 0.16216 0.25391 0.16216 0.25391 0.10553
0 0.18945 0.33848 0.18945 0.38996 0.26855 0.38996 0.26855 0.33848
0 0.19043 0.46718 0.19043 0.51995 0.26953 0.51995 0.26953 0.46718
0 0.18945 0.59846 0.18945 0.6538 0.26855 0.6538 0.26855 0.59846
0 0.19043 0.72973 0.19043 0.78378 0.26953 0.78378 0.26953 0.72973
0 0.18945 0.861 0.18945 0.9112 0.26758 0.9112 0.26758 0.861
0 0.34668 0.33591 0.34668 0.39125 0.42578 0.39125 0.42578 0.33591
0 0.3457 0.46589 0.3457 0.52252 0.42676 0.52252 0.42676 0.46589
0 0.34668 0.59717 0.34668 0.64865 0.39844 0.64865 0.39844 0.59717
0 0.34277 0.15315 0.34277 0.1982 0.42383 0.1982 0.42383 0.15315
0 0.34277 0.097812 0.34277 0.14028 0.42188 0.14028 0.42188 0.097812
0 0.34668 0.72844 0.34668 0.78121 0.4248 0.78121 0.4248 0.72844
0 0.34668 0.85843 0.34668 0.9112 0.42383 0.9112 0.42383 0.85843
0 0.50977 0.12098 0.50977 0.17761 0.58887 0.17761 0.58887 0.12098
0 0.51074 0.33591 0.51074 0.38867 0.59082 0.38867 0.59082 0.33591
0 0.51074 0.46461 0.51074 0.51995 0.58984 0.51995 0.58984 0.46461
0 0.50977 0.59588 0.50977 0.65122 0.58984 0.65122 0.58984 0.59588
0 0.51074 0.72844 0.51074 0.77992 0.58887 0.77992 0.58887 0.72844
0 0.51074 0.85972 0.51074 0.91248 0.58984 0.91248 0.58984 0.85972
0 0.67188 0.12227 0.67188 0.17761 0.75293 0.17761 0.75293 0.12227
0 0.67285 0.33719 0.67285 0.38996 0.75293 0.38996 0.75293 0.33719
0 0.67285 0.46847 0.67285 0.52124 0.75195 0.52124 0.75195 0.46847
0 0.67285 0.59846 0.67285 0.64994 0.75391 0.64994 0.75391 0.59846
0 0.67285 0.72844 0.67285 0.77864 0.75391 0.77864 0.75391 0.72844
0 0.67285 0.85843 0.67285 0.91377 0.75293 0.91377 0.75293 0.85843
0 0.83105 0.33591 0.83105 0.38996 0.91309 0.38996 0.91309 0.33591
0 0.83105 0.11969 0.83105 0.17375 0.91504 0.17375 0.91504 0.11969
0 0.83105 0.59588 0.83105 0.64994 0.91406 0.64994 0.91406 0.59588
0 0.83105 0.72844 0.83105 0.78121 0.91309 0.78121 0.91309 0.72844
0 0.83105 0.85714 0.83105 0.91248 0.91309 0.91248 0.91309 0.85714
0 0.040039 0.83784 0.040039 0.90476 0.074219 0.90476 0.074219 0.83784
0 0.055664 0.61133 0.055664 0.63578 0.073242 0.63578 0.073242 0.61133
0 0.041992 0.087516 0.041992 0.10811 0.055664 0.10811 0.055664 0.087516
1 0.83203 0.45689 0.83203 0.53411 0.98633 0.53411 0.98633 0.45689
