0 0.05957 0.12329 0.05957 0.21404 0.14062 0.21404 0.14062 0.12329
0 0.05957 0.78767 0.05957 0.87842 0.14062 0.87842 0.14062 0.78767
0 0.17676 0.11986 0.17676 0.21233 0.25781 0.21233 0.25781 0.11986
0 0.17383 0.7911 0.17383 0.88356 0.25488 0.88356 0.25488 0.7911
0 0.28418 0.11644 0.28418 0.2089 0.36523 0.2089 0.36523 0.11644
0 0.28418 0.78596 0.28418 0.87842 0.36523 0.87842 0.36523 0.78596
0 0.4043 0.11986 0.4043 0.2089 0.46582 0.2089 0.46582 0.11986
0 0.40332 0.78938 0.40332 0.87842 0.46484 0.87842 0.46484 0.78938
0 0.54297 0.79795 0.54297 0.86986 0.59961 0.86986 0.59961 0.79795
0 0.54492 0.12329 0.54492 0.19692 0.60156 0.19692 0.60156 0.12329
0 0.54199 0.45548 0.54199 0.53082 0.62695 0.53082 0.62695 0.45548
0 0.69043 0.44863 0.69043 0.53596 0.80469 0.53596 0.80469 0.44863
0 0.69141 0.12671 0.69141 0.19863 0.77832 0.19863 0.77832 0.12671
0 0.69336 0.7911 0.69336 0.86473 0.78027 0.86473 0.78027 0.7911
0 0.85156 0.13014 0.85156 0.19692 0.91016 0.19692 0.91016 0.13014
0 0.85156 0.79452 0.85156 0.86301 0.91016 0.86301 0.91016 0.79452
0 0.058594 0.38699 0.058594 0.60616 0.13086 0.60616 0.13086 0.38699
0 0.1748 0.3887 0.1748 0.60959 0.25195 0.60959 0.25195 0.3887
0 0.40137 0.45205 0.40137 0.53596 0.49023 0.53596 0.49023 0.45205
0 0.2832 0.45719 0.2832 0.53596 0.3584 0.53596 0.3584 0.45719
1 0.85156 0.39897 0.85156 0.5976 0.99121 0.5976 0.99121 0.39897
