0 0.11416 0.28345 0.11416 0.375 0.29598 0.375 0.29598 0.28345
0 0.11628 0.47183 0.11628 0.56338 0.29175 0.56338 0.29175 0.47183
0 0.4482 0.55986 0.4482 0.65669 0.63425 0.65669 0.63425 0.55986
0 0.4482 0.75352 0.4482 0.85035 0.63425 0.85035 0.63425 0.75352
0 0.45032 0.37148 0.45032 0.46655 0.63636 0.46655 0.63636 0.37148
0 0.45243 0.17606 0.45243 0.27289 0.63848 0.27289 0.63848 0.17606
0 0.45455 0.0052817 0.45455 0.080986 0.63848 0.080986 0.63848 0.0052817
0 0.77801 0.1743 0.77801 0.27113 0.95349 0.27113 0.95349 0.1743
0 0.78224 0.55986 0.78224 0.66021 0.94715 0.66021 0.94715 0.55986
0 0.7759 0.75352 0.7759 0.85563 0.94292 0.85563 0.94292 0.75352
0 0.78224 0.35211 0.78224 0.48592 0.95137 0.48592 0.95137 0.35211
0 0.78647 0.0052817 0.78647 0.077465 0.95137 0.077465 0.95137 0.0052817
