0 0.10373 0.13314 0.10373 0.21302 0.28216 0.21302 0.28216 0.13314
0 0.41079 0.13905 0.41079 0.21302 0.60166 0.21302 0.60166 0.13905
0 0.72614 0.13905 0.72614 0.21893 0.90456 0.21893 0.90456 0.13905
0 0.10788 0.67456 0.10788 0.75148 0.28631 0.75148 0.28631 0.67456
0 0.41494 0.68047 0.41494 0.75444 0.60166 0.75444 0.60166 0.68047
0 0.11203 0.89941 0.11203 0.97337 0.29046 0.97337 0.29046 0.89941
0 0.42324 0.90237 0.42324 0.97929 0.60581 0.97929 0.60581 0.90237
0 0.75104 0.90237 0.75104 0.97337 0.90456 0.97337 0.90456 0.90237
0 0.095436 0.44675 0.095436 0.52367 0.28631 0.52367 0.28631 0.44675
0 0.41079 0.4497 0.41079 0.52663 0.60166 0.52663 0.60166 0.4497
0 0.74274 0.4497 0.74274 0.52959 0.93361 0.52959 0.93361 0.4497
0 0.095436 0.36686 0.095436 0.43787 0.3112 0.43787 0.3112 0.36686
0 0.40664 0.36982 0.40664 0.44083 0.62656 0.44083 0.62656 0.36982
0 0.73444 0.37574 0.73444 0.44675 0.95436 0.44675 0.95436 0.37574
0 0.73029 0.67751 0.73029 0.76036 0.90456 0.76036 0.90456 0.67751
