0 0.0039062 0.090695 0.0039062 0.13074 0.02832 0.13074 0.02832 0.090695
0 0.0019531 0.20612 0.0019531 0.23204 0.024414 0.23204 0.024414 0.20612
0 0.0029297 0.17314 0.0029297 0.19788 0.020508 0.19788 0.020508 0.17314
0 0.0019531 0.27562 0.0019531 0.30978 0.021484 0.30978 0.021484 0.27562
0 0.0029297 0.38163 0.0029297 0.41814 0.025391 0.41814 0.025391 0.38163
0 0.0029297 0.46879 0.0029297 0.49588 0.015625 0.49588 0.015625 0.46879
0 0.0048828 0.57951 0.0048828 0.61602 0.027344 0.61602 0.027344 0.57951
0 0.0078125 0.86572 0.0078125 0.8987 0.024414 0.8987 0.024414 0.86572
0 0.0048828 0.79859 0.0048828 0.82568 0.02832 0.82568 0.02832 0.79859
0 0.0048828 0.76561 0.0048828 0.79034 0.021484 0.79034 0.021484 0.76561
0 0.0039062 0.5053 0.0039062 0.53121 0.026367 0.53121 0.026367 0.5053
0 0.0058594 0.6914 0.0058594 0.72438 0.029297 0.72438 0.029297 0.6914
0 0.067383 0.86926 0.067383 0.90813 0.098633 0.90813 0.098633 0.86926
0 0.063477 0.76678 0.063477 0.81037 0.09668 0.81037 0.09668 0.76678
0 0.063477 0.67138 0.063477 0.70907 0.094727 0.70907 0.094727 0.67138
0 0.063477 0.57008 0.063477 0.60777 0.094727 0.60777 0.094727 0.57008
0 0.05957 0.4629 0.05957 0.50766 0.09375 0.50766 0.09375 0.4629
0 0.061523 0.36631 0.061523 0.40636 0.09375 0.40636 0.09375 0.36631
0 0.0625 0.26502 0.0625 0.30506 0.094727 0.30506 0.094727 0.26502
0 0.060547 0.15901 0.060547 0.20259 0.094727 0.20259 0.094727 0.15901
0 0.06543 0.064782 0.06543 0.10247 0.094727 0.10247 0.094727 0.064782
0 0.14844 0.060071 0.14844 0.10365 0.19629 0.10365 0.19629 0.060071
0 0.14453 0.16019 0.14453 0.20377 0.19238 0.20377 0.19238 0.16019
0 0.14355 0.26266 0.14355 0.30624 0.19141 0.30624 0.19141 0.26266
0 0.14355 0.3616 0.14355 0.40518 0.19141 0.40518 0.19141 0.3616
0 0.14941 0.8669 0.14941 0.91048 0.19727 0.91048 0.19727 0.8669
0 0.1416 0.46525 0.1416 0.50883 0.18848 0.50883 0.18848 0.46525
0 0.14453 0.56537 0.14453 0.60895 0.19238 0.60895 0.19238 0.56537
0 0.14453 0.66667 0.14453 0.71025 0.19238 0.71025 0.19238 0.66667
0 0.14551 0.76796 0.14551 0.81154 0.19336 0.81154 0.19336 0.76796
0 0.22559 0.058893 0.22559 0.10247 0.25195 0.10247 0.25195 0.058893
0 0.22363 0.15901 0.22363 0.20259 0.25 0.20259 0.25 0.15901
0 0.22363 0.26031 0.22363 0.30389 0.25 0.30389 0.25 0.26031
0 0.2207 0.36278 0.2207 0.40636 0.24707 0.40636 0.24707 0.36278
0 0.22168 0.46408 0.22168 0.50766 0.24805 0.50766 0.24805 0.46408
0 0.22168 0.56419 0.22168 0.60777 0.24805 0.60777 0.24805 0.56419
0 0.22363 0.66784 0.22363 0.71143 0.25 0.71143 0.25 0.66784
0 0.22363 0.76678 0.22363 0.81037 0.25 0.81037 0.25 0.76678
0 0.22656 0.86572 0.22656 0.91048 0.25293 0.91048 0.25293 0.86572
0 0.30469 0.8669 0.30469 0.91402 0.3457 0.91402 0.3457 0.8669
0 0.30273 0.76678 0.30273 0.8139 0.34375 0.8139 0.34375 0.76678
0 0.30273 0.66784 0.30273 0.71496 0.34473 0.71496 0.34473 0.66784
0 0.30273 0.56419 0.30273 0.61131 0.34473 0.61131 0.34473 0.56419
0 0.30176 0.4629 0.30176 0.51001 0.34277 0.51001 0.34277 0.4629
0 0.30371 0.35925 0.30371 0.40636 0.3457 0.40636 0.3457 0.35925
0 0.30566 0.25795 0.30566 0.30506 0.34668 0.30506 0.34668 0.25795
0 0.30664 0.15665 0.30664 0.20141 0.34766 0.20141 0.34766 0.15665
0 0.30664 0.057715 0.30664 0.10247 0.34863 0.10247 0.34863 0.057715
0 0.3877 0.055359 0.3877 0.10012 0.42871 0.10012 0.42871 0.055359
0 0.38672 0.15548 0.38672 0.20024 0.42773 0.20024 0.42773 0.15548
0 0.38574 0.25795 0.38574 0.30271 0.42773 0.30271 0.42773 0.25795
0 0.38477 0.35925 0.38477 0.404 0.42578 0.404 0.42578 0.35925
0 0.38281 0.46172 0.38281 0.5053 0.42383 0.5053 0.42383 0.46172
0 0.38379 0.56537 0.38379 0.61013 0.4248 0.61013 0.4248 0.56537
0 0.38379 0.66784 0.38379 0.7126 0.4248 0.7126 0.4248 0.66784
0 0.38379 0.76914 0.38379 0.8139 0.42578 0.8139 0.42578 0.76914
0 0.38574 0.8669 0.38574 0.91166 0.42676 0.91166 0.42676 0.8669
0 0.46387 0.86926 0.46387 0.91284 0.51562 0.91284 0.51562 0.86926
0 0.46191 0.77032 0.46191 0.81272 0.5127 0.81272 0.5127 0.77032
0 0.46387 0.66784 0.46387 0.71143 0.51562 0.71143 0.51562 0.66784
0 0.46387 0.56655 0.46387 0.60895 0.51465 0.60895 0.51465 0.56655
0 0.46289 0.46172 0.46289 0.50412 0.51367 0.50412 0.51367 0.46172
0 0.46484 0.35925 0.46484 0.40165 0.51562 0.40165 0.51562 0.35925
0 0.4668 0.25913 0.4668 0.30153 0.51758 0.30153 0.51758 0.25913
0 0.4668 0.15665 0.4668 0.20024 0.51758 0.20024 0.51758 0.15665
0 0.46875 0.058893 0.46875 0.10247 0.51953 0.10247 0.51953 0.058893
0 0.55078 0.058893 0.55078 0.10012 0.59375 0.10012 0.59375 0.058893
0 0.54883 0.15901 0.54883 0.20024 0.59082 0.20024 0.59082 0.15901
0 0.55078 0.36042 0.55078 0.40165 0.59375 0.40165 0.59375 0.36042
0 0.54395 0.45819 0.54395 0.50648 0.60059 0.50648 0.60059 0.45819
0 0.5459 0.56184 0.5459 0.61131 0.58789 0.61131 0.58789 0.56184
0 0.54395 0.66313 0.54395 0.71143 0.58594 0.71143 0.58594 0.66313
0 0.54492 0.76914 0.54492 0.81154 0.59863 0.81154 0.59863 0.76914
0 0.54297 0.87161 0.54297 0.91402 0.58594 0.91402 0.58594 0.87161
0 0.54785 0.25677 0.54785 0.30035 0.5918 0.30035 0.5918 0.25677
0 0.62988 0.061249 0.62988 0.10247 0.6748 0.10247 0.6748 0.061249
0 0.62793 0.15901 0.62793 0.20024 0.67285 0.20024 0.67285 0.15901
0 0.62988 0.25677 0.62988 0.30153 0.67188 0.30153 0.67188 0.25677
0 0.62793 0.35807 0.62793 0.404 0.67188 0.404 0.67188 0.35807
0 0.72168 0.060071 0.72168 0.10601 0.76172 0.10601 0.76172 0.060071
0 0.72461 0.15665 0.72461 0.20141 0.76465 0.20141 0.76465 0.15665
0 0.80078 0.06596 0.80078 0.10836 0.84277 0.10836 0.84277 0.06596
0 0.80176 0.16254 0.80176 0.20495 0.84375 0.20495 0.84375 0.16254
0 0.80273 0.25913 0.80273 0.30153 0.84473 0.30153 0.84473 0.25913
0 0.80371 0.35925 0.80371 0.40165 0.8457 0.40165 0.8457 0.35925
0 0.72266 0.35807 0.72266 0.40165 0.76465 0.40165 0.76465 0.35807
0 0.72168 0.25795 0.72168 0.30035 0.76465 0.30035 0.76465 0.25795
0 0.7207 0.46054 0.7207 0.50412 0.76367 0.50412 0.76367 0.46054
0 0.625 0.46054 0.625 0.50412 0.66797 0.50412 0.66797 0.46054
0 0.62695 0.56655 0.62695 0.61013 0.66895 0.61013 0.66895 0.56655
0 0.62793 0.66784 0.62793 0.71143 0.66992 0.71143 0.66992 0.66784
0 0.71875 0.66667 0.71875 0.71025 0.76074 0.71025 0.76074 0.66667
0 0.7207 0.56537 0.7207 0.60777 0.76367 0.60777 0.76367 0.56537
0 0.80273 0.45936 0.80273 0.50294 0.8457 0.50294 0.8457 0.45936
0 0.80273 0.56302 0.80273 0.60542 0.84473 0.60542 0.84473 0.56302
0 0.80176 0.66431 0.80176 0.70789 0.84375 0.70789 0.84375 0.66431
0 0.62695 0.76796 0.62695 0.81154 0.66895 0.81154 0.66895 0.76796
0 0.62695 0.86926 0.62695 0.91166 0.66992 0.91166 0.66992 0.86926
0 0.71973 0.76796 0.71973 0.81154 0.76172 0.81154 0.76172 0.76796
0 0.71973 0.87044 0.71973 0.91402 0.7627 0.91402 0.7627 0.87044
0 0.7998 0.86572 0.7998 0.90931 0.8418 0.90931 0.8418 0.86572
0 0.80078 0.76678 0.80078 0.80919 0.84375 0.80919 0.84375 0.76678
