0 0.13208 0.053711 0.13208 0.088867 0.28302 0.088867 0.28302 0.053711
0 0.12264 0.17383 0.12264 0.20898 0.27358 0.20898 0.27358 0.17383
0 0.12075 0.2998 0.12075 0.33594 0.26792 0.33594 0.26792 0.2998
0 0.11321 0.40234 0.11321 0.43848 0.26038 0.43848 0.26038 0.40234
0 0.11321 0.49219 0.11321 0.5293 0.26038 0.5293 0.26038 0.49219
0 0.11321 0.58398 0.11321 0.62012 0.26038 0.62012 0.26038 0.58398
0 0.11698 0.69238 0.11698 0.72852 0.26415 0.72852 0.26415 0.69238
0 0.12075 0.81738 0.12075 0.85352 0.26792 0.85352 0.26792 0.81738
0 0.12264 0.93945 0.12264 0.97656 0.26981 0.97656 0.26981 0.93945
0 0.4 0.93945 0.4 0.97949 0.56038 0.97949 0.56038 0.93945
0 0.4 0.81641 0.4 0.85645 0.56038 0.85645 0.56038 0.81641
0 0.4 0.68848 0.4 0.72852 0.56604 0.72852 0.56604 0.68848
0 0.40189 0.58008 0.40189 0.61914 0.56981 0.61914 0.56981 0.58008
0 0.4 0.49023 0.4 0.5293 0.56604 0.5293 0.56604 0.49023
0 0.4 0.39941 0.4 0.43848 0.56604 0.43848 0.56604 0.39941
0 0.4 0.2959 0.4 0.33496 0.56792 0.33496 0.56792 0.2959
0 0.40189 0.045898 0.40189 0.085938 0.56792 0.085938 0.56792 0.045898
0 0.40377 0.16895 0.40377 0.20801 0.5717 0.20801 0.5717 0.16895
0 0.66792 0.80957 0.66792 0.8584 0.71509 0.8584 0.71509 0.80957
0 0.66226 0.93457 0.66226 0.98242 0.71132 0.98242 0.71132 0.93457
0 0.66792 0.68164 0.66792 0.73242 0.71887 0.73242 0.71887 0.68164
0 0.66981 0.048828 0.66981 0.09082 0.71887 0.09082 0.71887 0.048828
0 0.6717 0.16602 0.6717 0.21289 0.71887 0.21289 0.71887 0.16602
0 0.6717 0.29004 0.6717 0.33984 0.72075 0.33984 0.72075 0.29004
0 0.76038 0.68652 0.76038 0.72949 0.89623 0.72949 0.89623 0.68652
0 0.75283 0.93945 0.75283 0.98145 0.88679 0.98145 0.88679 0.93945
0 0.75472 0.81445 0.75472 0.85645 0.88868 0.85645 0.88868 0.81445
1 0.66604 0.45117 0.66604 0.56445 0.89811 0.56445 0.89811 0.45117
