0 0.3 0.053711 0.3 0.089844 0.398 0.089844 0.398 0.053711
0 0.3 0.14941 0.3 0.18457 0.398 0.18457 0.398 0.14941
0 0.298 0.24414 0.298 0.28027 0.396 0.28027 0.396 0.24414
0 0.302 0.90137 0.302 0.9375 0.398 0.9375 0.398 0.90137
0 0.3 0.80566 0.3 0.84082 0.398 0.84082 0.398 0.80566
0 0.298 0.70996 0.298 0.74512 0.396 0.74512 0.396 0.70996
0 0.3 0.57324 0.3 0.6084 0.398 0.6084 0.398 0.57324
0 0.302 0.47656 0.302 0.5127 0.398 0.5127 0.398 0.47656
0 0.298 0.38086 0.298 0.41602 0.394 0.41602 0.394 0.38086
0 0.536 0.9043 0.536 0.94141 0.654 0.94141 0.654 0.9043
0 0.536 0.80664 0.536 0.84375 0.656 0.84375 0.656 0.80664
0 0.536 0.70996 0.536 0.74707 0.656 0.74707 0.656 0.70996
0 0.54 0.57422 0.54 0.61133 0.66 0.61133 0.66 0.57422
0 0.538 0.47656 0.538 0.51465 0.658 0.51465 0.658 0.47656
0 0.54 0.37988 0.54 0.41699 0.658 0.41699 0.658 0.37988
0 0.538 0.24512 0.538 0.28223 0.658 0.28223 0.658 0.24512
0 0.536 0.14551 0.536 0.18262 0.656 0.18262 0.656 0.14551
0 0.536 0.052734 0.536 0.089844 0.656 0.089844 0.656 0.052734
1 0.744 0.46777 0.744 0.53125 0.988 0.53125 0.988 0.46777
