0 0.095703 0.85111 0.095703 0.93561 0.16504 0.93561 0.16504 0.85111
0 0.09668 0.68209 0.09668 0.7666 0.16602 0.7666 0.16602 0.68209
0 0.097656 0.51911 0.097656 0.60362 0.16699 0.60362 0.16699 0.51911
0 0.09668 0.30181 0.09668 0.38632 0.16602 0.38632 0.16602 0.30181
0 0.09668 0.11066 0.09668 0.19517 0.16602 0.19517 0.16602 0.11066
0 0.21387 0.10865 0.21387 0.19115 0.2832 0.19115 0.2832 0.10865
0 0.21387 0.2998 0.21387 0.38431 0.2832 0.38431 0.2832 0.2998
0 0.21191 0.51911 0.21191 0.60161 0.28125 0.60161 0.28125 0.51911
0 0.21191 0.68209 0.21191 0.7666 0.28125 0.7666 0.28125 0.68209
0 0.21094 0.85312 0.21094 0.93763 0.28027 0.93763 0.28027 0.85312
0 0.33398 0.85513 0.33398 0.93964 0.40332 0.93964 0.40332 0.85513
0 0.33496 0.68612 0.33496 0.76861 0.40332 0.76861 0.40332 0.68612
0 0.33594 0.51911 0.33594 0.60362 0.40527 0.60362 0.40527 0.51911
0 0.33594 0.30785 0.33594 0.39034 0.40527 0.39034 0.40527 0.30785
0 0.33496 0.10865 0.33496 0.19316 0.4043 0.19316 0.4043 0.10865
0 0.45605 0.10865 0.45605 0.19316 0.52539 0.19316 0.52539 0.10865
0 0.45508 0.30785 0.45508 0.39235 0.52441 0.39235 0.52441 0.30785
0 0.4541 0.52113 0.4541 0.5996 0.52344 0.5996 0.52344 0.52113
0 0.45605 0.68813 0.45605 0.7666 0.52539 0.7666 0.52539 0.68813
0 0.45508 0.86318 0.45508 0.94165 0.52441 0.94165 0.52441 0.86318
0 0.57031 0.85714 0.57031 0.93763 0.63965 0.93763 0.63965 0.85714
0 0.57129 0.69014 0.57129 0.77062 0.64062 0.77062 0.64062 0.69014
0 0.57129 0.51911 0.57129 0.5996 0.64062 0.5996 0.64062 0.51911
0 0.57129 0.30986 0.57129 0.39034 0.64062 0.39034 0.64062 0.30986
0 0.57324 0.11268 0.57324 0.19115 0.64258 0.19115 0.64258 0.11268
0 0.68359 0.85714 0.68359 0.93763 0.75293 0.93763 0.75293 0.85714
0 0.68555 0.69014 0.68555 0.76861 0.75488 0.76861 0.75488 0.69014
