0 0.74214 0.87109 0.74214 0.91992 0.83774 0.91992 0.83774 0.87109
0 0.74214 0.74512 0.74214 0.79492 0.83648 0.79492 0.83648 0.74512
0 0.52579 0.24023 0.52579 0.29102 0.64151 0.29102 0.64151 0.24023
0 0.52579 0.36621 0.52579 0.41699 0.64025 0.41699 0.64025 0.36621
0 0.52579 0.49316 0.52579 0.54395 0.64151 0.54395 0.64151 0.49316
0 0.52579 0.62109 0.52579 0.67188 0.64151 0.67188 0.64151 0.62109
0 0.52579 0.74512 0.52579 0.79688 0.64025 0.79688 0.64025 0.74512
0 0.52579 0.87207 0.52579 0.92285 0.64025 0.92285 0.64025 0.87207
0 0.32956 0.74609 0.32956 0.79688 0.4327 0.79688 0.4327 0.74609
0 0.32956 0.87305 0.32956 0.92383 0.43145 0.92383 0.43145 0.87305
0 0.33082 0.49316 0.33082 0.54395 0.43145 0.54395 0.43145 0.49316
0 0.3283 0.62109 0.3283 0.67188 0.43145 0.67188 0.43145 0.62109
0 0.32956 0.23926 0.32956 0.29004 0.43145 0.29004 0.43145 0.23926
0 0.32956 0.36523 0.32956 0.41504 0.43145 0.41504 0.43145 0.36523
0 0.74088 0.49512 0.74088 0.54492 0.83648 0.54492 0.83648 0.49512
0 0.74214 0.62207 0.74214 0.6709 0.83648 0.6709 0.83648 0.62207
0 0.056604 0.058594 0.056604 0.089844 0.15597 0.089844 0.15597 0.058594
0 0.098113 0.099609 0.098113 0.13086 0.19623 0.13086 0.19623 0.099609
0 0.21887 0.055664 0.21887 0.09082 0.32075 0.09082 0.32075 0.055664
0 0.25031 0.10352 0.25031 0.13867 0.3522 0.13867 0.3522 0.10352
0 0.41635 0.10449 0.41635 0.13574 0.51321 0.13574 0.51321 0.10449
0 0.39748 0.060547 0.39748 0.091797 0.4956 0.091797 0.4956 0.060547
0 0.58365 0.10254 0.58365 0.13574 0.67673 0.13574 0.67673 0.10254
0 0.90692 0.49805 0.90692 0.53906 0.95472 0.53906 0.95472 0.49805
0 0.90943 0.76855 0.90943 0.78809 0.94969 0.78809 0.94969 0.76855
