0 0.064453 0.06822 0.064453 0.11647 0.10547 0.11647 0.10547 0.06822
0 0.063477 0.13311 0.063477 0.18136 0.10547 0.18136 0.10547 0.13311
0 0.064453 0.25624 0.064453 0.30283 0.10547 0.30283 0.10547 0.25624
0 0.064453 0.32113 0.064453 0.36938 0.10645 0.36938 0.10645 0.32113
0 0.067383 0.88186 0.067383 0.93012 0.1084 0.93012 0.1084 0.88186
0 0.06543 0.81697 0.06543 0.86522 0.10742 0.86522 0.10742 0.81697
0 0.066406 0.69384 0.066406 0.7421 0.1084 0.7421 0.1084 0.69384
0 0.066406 0.63062 0.066406 0.67887 0.1084 0.67887 0.1084 0.63062
0 0.06543 0.50915 0.06543 0.5574 0.10742 0.5574 0.10742 0.50915
0 0.06543 0.4426 0.06543 0.49085 0.10645 0.49085 0.10645 0.4426
0 0.33984 0.06822 0.33984 0.11814 0.38867 0.11814 0.38867 0.06822
0 0.34082 0.13478 0.34082 0.18636 0.38965 0.18636 0.38965 0.13478
0 0.33984 0.25291 0.33984 0.30449 0.38867 0.30449 0.38867 0.25291
0 0.34082 0.32113 0.34082 0.37271 0.38965 0.37271 0.38965 0.32113
0 0.34082 0.43927 0.34082 0.49085 0.38965 0.49085 0.38965 0.43927
0 0.34082 0.50915 0.34082 0.55907 0.38965 0.55907 0.38965 0.50915
0 0.34082 0.62562 0.34082 0.6772 0.38965 0.6772 0.38965 0.62562
0 0.34082 0.69384 0.34082 0.74542 0.38965 0.74542 0.38965 0.69384
0 0.3418 0.81364 0.3418 0.86522 0.39062 0.86522 0.39062 0.81364
0 0.3418 0.88353 0.3418 0.93344 0.39062 0.93344 0.39062 0.88353
0 0.41992 0.88353 0.41992 0.93511 0.46875 0.93511 0.46875 0.88353
0 0.41797 0.81364 0.41797 0.86522 0.4668 0.86522 0.4668 0.81364
0 0.41992 0.69384 0.41992 0.74542 0.46875 0.74542 0.46875 0.69384
0 0.4209 0.62562 0.4209 0.6772 0.46973 0.6772 0.46973 0.62562
0 0.4209 0.50915 0.4209 0.56073 0.46973 0.56073 0.46973 0.50915
0 0.41895 0.44093 0.41895 0.49085 0.46777 0.49085 0.46777 0.44093
0 0.41797 0.3228 0.41797 0.37438 0.46582 0.37438 0.46582 0.3228
0 0.41895 0.25458 0.41895 0.30449 0.46777 0.30449 0.46777 0.25458
0 0.41992 0.13644 0.41992 0.18636 0.46875 0.18636 0.46875 0.13644
0 0.41895 0.069884 0.41895 0.1198 0.46777 0.1198 0.46777 0.069884
0 0.49609 0.06822 0.49609 0.11814 0.54492 0.11814 0.54492 0.06822
0 0.49609 0.1381 0.49609 0.18968 0.54492 0.18968 0.54492 0.1381
0 0.49707 0.25458 0.49707 0.30449 0.5459 0.30449 0.5459 0.25458
0 0.49805 0.32612 0.49805 0.3777 0.54688 0.3777 0.54688 0.32612
0 0.49805 0.4426 0.49805 0.49251 0.54688 0.49251 0.54688 0.4426
0 0.49805 0.50915 0.49805 0.56073 0.5459 0.56073 0.5459 0.50915
0 0.49609 0.62729 0.49609 0.67887 0.54492 0.67887 0.54492 0.62729
0 0.49805 0.69551 0.49805 0.74709 0.5459 0.74709 0.5459 0.69551
0 0.49902 0.81364 0.49902 0.86522 0.54688 0.86522 0.54688 0.81364
0 0.49805 0.8802 0.49805 0.93178 0.54688 0.93178 0.54688 0.8802
0 0.57715 0.88186 0.57715 0.93344 0.62598 0.93344 0.62598 0.88186
0 0.5752 0.81032 0.5752 0.8619 0.62402 0.8619 0.62402 0.81032
0 0.57617 0.69384 0.57617 0.74542 0.625 0.74542 0.625 0.69384
0 0.57617 0.62562 0.57617 0.6772 0.625 0.6772 0.625 0.62562
0 0.57715 0.50582 0.57715 0.5574 0.625 0.5574 0.625 0.50582
0 0.5752 0.44093 0.5752 0.49085 0.62402 0.49085 0.62402 0.44093
0 0.5752 0.3228 0.5752 0.37438 0.62402 0.37438 0.62402 0.3228
0 0.57617 0.25291 0.57617 0.30449 0.625 0.30449 0.625 0.25291
0 0.5752 0.13644 0.5752 0.18802 0.62402 0.18802 0.62402 0.13644
0 0.57422 0.064892 0.57422 0.11647 0.62305 0.11647 0.62305 0.064892
0 0.65527 0.066556 0.65527 0.11647 0.70312 0.11647 0.70312 0.066556
0 0.6543 0.13644 0.6543 0.18636 0.70312 0.18636 0.70312 0.13644
0 0.65527 0.25624 0.65527 0.30616 0.70312 0.30616 0.70312 0.25624
0 0.65527 0.3228 0.65527 0.37438 0.70312 0.37438 0.70312 0.3228
0 0.65332 0.43927 0.65332 0.49085 0.70215 0.49085 0.70215 0.43927
0 0.65527 0.50915 0.65527 0.55907 0.70312 0.55907 0.70312 0.50915
0 0.65527 0.62562 0.65527 0.6772 0.70312 0.6772 0.70312 0.62562
0 0.65625 0.69717 0.65625 0.74709 0.70508 0.74709 0.70508 0.69717
0 0.65625 0.81531 0.65625 0.86522 0.70508 0.86522 0.70508 0.81531
0 0.65625 0.88353 0.65625 0.93511 0.70508 0.93511 0.70508 0.88353
0 0.7334 0.88353 0.7334 0.93511 0.78223 0.93511 0.78223 0.88353
0 0.73242 0.81531 0.73242 0.86689 0.78125 0.86689 0.78125 0.81531
0 0.73242 0.06822 0.73242 0.1198 0.78125 0.1198 0.78125 0.06822
0 0.73145 0.13644 0.73145 0.18802 0.78027 0.18802 0.78027 0.13644
0 0.73145 0.25624 0.73145 0.30782 0.78027 0.30782 0.78027 0.25624
0 0.7334 0.32612 0.7334 0.37604 0.78223 0.37604 0.78223 0.32612
0 0.73242 0.43927 0.73242 0.48918 0.78125 0.48918 0.78125 0.43927
0 0.73242 0.50915 0.73242 0.55907 0.78125 0.55907 0.78125 0.50915
0 0.73438 0.62895 0.73438 0.67887 0.78223 0.67887 0.78223 0.62895
0 0.73438 0.69218 0.73438 0.74376 0.78223 0.74376 0.78223 0.69218
0 0.82715 0.058236 0.82715 0.19634 0.86621 0.19634 0.86621 0.058236
0 0.82617 0.24626 0.82617 0.38602 0.86621 0.38602 0.86621 0.24626
0 0.17285 0.43261 0.17285 0.56739 0.23535 0.56739 0.23535 0.43261
0 0.16992 0.056572 0.16992 0.19301 0.23242 0.19301 0.23242 0.056572
0 0.17188 0.24626 0.17188 0.3827 0.23535 0.3827 0.23535 0.24626
0 0.17188 0.6173 0.17188 0.75374 0.23438 0.75374 0.23438 0.6173
0 0.17285 0.80532 0.17285 0.9401 0.23535 0.9401 0.23535 0.80532
0 0.26465 0.80532 0.26465 0.93677 0.30566 0.93677 0.30566 0.80532
0 0.26465 0.62063 0.26465 0.75042 0.30566 0.75042 0.30566 0.62063
0 0.26562 0.43428 0.26562 0.56572 0.30664 0.56572 0.30664 0.43428
0 0.26465 0.25125 0.26465 0.3827 0.30566 0.3827 0.30566 0.25125
0 0.2627 0.061564 0.2627 0.19135 0.30371 0.19135 0.30371 0.061564
