0 0.70264 0.81055 0.70264 0.89746 0.87445 0.89746 0.87445 0.81055
0 0.70374 0.66016 0.70374 0.74805 0.87445 0.74805 0.87445 0.66016
0 0.70264 0.42578 0.70264 0.51465 0.87335 0.51465 0.87335 0.42578
0 0.70264 0.27539 0.70264 0.36523 0.87335 0.36523 0.87335 0.27539
0 0.70264 0.12402 0.70264 0.21777 0.87555 0.21777 0.87555 0.12402
0 0.37115 0.81055 0.37115 0.89941 0.52863 0.89941 0.52863 0.81055
0 0.37335 0.66113 0.37335 0.75 0.53304 0.75 0.53304 0.66113
0 0.37115 0.42578 0.37115 0.5166 0.52863 0.5166 0.52863 0.42578
0 0.37115 0.27637 0.37115 0.36523 0.52863 0.36523 0.52863 0.27637
0 0.37115 0.12598 0.37115 0.21484 0.52863 0.21484 0.52863 0.12598
0 0.11123 0.73438 0.11123 0.82227 0.21366 0.82227 0.21366 0.73438
0 0.11123 0.42578 0.11123 0.51758 0.21366 0.51758 0.21366 0.42578
0 0.11123 0.27637 0.11123 0.36523 0.21366 0.36523 0.21366 0.27637
0 0.11344 0.12598 0.11344 0.21582 0.21366 0.21582 0.21366 0.12598
