0 0.41185 0.25939 0.41185 0.34168 0.53191 0.34168 0.53191 0.25939
0 0.41033 0.48658 0.41033 0.57066 0.52888 0.57066 0.52888 0.48658
0 0.40881 0.71556 0.40881 0.79964 0.52888 0.79964 0.52888 0.71556
0 0.61094 0.26118 0.61094 0.3381 0.73252 0.3381 0.73252 0.26118
0 0.60942 0.71735 0.60942 0.79428 0.731 0.79428 0.731 0.71735
0 0.61246 0.49016 0.61246 0.5653 0.76444 0.5653 0.76444 0.49016
0 0.81915 0.71199 0.81915 0.7907 0.94073 0.7907 0.94073 0.71199
0 0.81915 0.48658 0.81915 0.5653 0.94225 0.5653 0.94225 0.48658
0 0.81915 0.26118 0.81915 0.33989 0.94073 0.33989 0.94073 0.26118
0 0.24772 0.61181 0.24772 0.67979 0.32827 0.67979 0.32827 0.61181
0 0.25076 0.38462 0.25076 0.45259 0.33131 0.45259 0.33131 0.38462
