0 0.24935 0.50684 0.24935 0.5918 0.43766 0.5918 0.43766 0.50684
0 0.24675 0.29297 0.24675 0.37598 0.43506 0.37598 0.43506 0.29297
0 0.24675 0.15234 0.24675 0.2373 0.43377 0.2373 0.43377 0.15234
0 0.24935 0.72266 0.24935 0.80566 0.43766 0.80566 0.43766 0.72266
0 0.25065 0.84375 0.25065 0.92676 0.44026 0.92676 0.44026 0.84375
0 0.68312 0.14941 0.68312 0.2334 0.83247 0.2334 0.83247 0.14941
0 0.68312 0.29102 0.68312 0.37402 0.83247 0.37402 0.83247 0.29102
0 0.68312 0.71777 0.68312 0.80078 0.83247 0.80078 0.83247 0.71777
0 0.68442 0.84277 0.68442 0.92578 0.83506 0.92578 0.83506 0.84277
1 0.67922 0.49707 0.67922 0.59766 0.96753 0.59766 0.96753 0.49707
