0 0.22949 0.31553 0.22949 0.37379 0.28906 0.37379 0.28906 0.31553
0 0.22949 0.38107 0.22949 0.43811 0.29004 0.43811 0.29004 0.38107
0 0.23145 0.58131 0.23145 0.63714 0.29102 0.63714 0.29102 0.58131
0 0.23242 0.64442 0.23242 0.70146 0.29102 0.70146 0.29102 0.64442
0 0.42871 0.10316 0.42871 0.16383 0.51074 0.16383 0.51074 0.10316
0 0.42676 0.17112 0.42676 0.23058 0.51172 0.23058 0.51172 0.17112
0 0.42969 0.31311 0.42969 0.37257 0.51172 0.37257 0.51172 0.31311
0 0.42871 0.37985 0.42871 0.43932 0.51367 0.43932 0.51367 0.37985
0 0.42871 0.58495 0.42871 0.64199 0.51172 0.64199 0.51172 0.58495
0 0.42969 0.64806 0.42969 0.7051 0.51074 0.7051 0.51074 0.64806
0 0.42969 0.79854 0.42969 0.8568 0.51172 0.8568 0.51172 0.79854
0 0.43066 0.86165 0.43066 0.9199 0.51367 0.9199 0.51367 0.86165
0 0.6123 0.10073 0.6123 0.16505 0.71094 0.16505 0.71094 0.10073
0 0.6123 0.17354 0.6123 0.23544 0.71094 0.23544 0.71094 0.17354
0 0.6123 0.31189 0.6123 0.375 0.71094 0.375 0.71094 0.31189
0 0.61133 0.38228 0.61133 0.44296 0.71094 0.44296 0.71094 0.38228
0 0.61133 0.57888 0.61133 0.64078 0.70898 0.64078 0.70898 0.57888
0 0.61133 0.64684 0.61133 0.70874 0.70801 0.70874 0.70801 0.64684
0 0.61133 0.79612 0.61133 0.85801 0.70703 0.85801 0.70703 0.79612
0 0.61133 0.86286 0.61133 0.92233 0.70703 0.92233 0.70703 0.86286
1 0.875 0.59345 0.875 0.67718 0.98633 0.67718 0.98633 0.59345
