0 0.25571 0.26594 0.25571 0.30016 0.31735 0.30016 0.31735 0.26594
0 0.25799 0.32659 0.25799 0.36236 0.31735 0.36236 0.31735 0.32659
0 0.25571 0.3888 0.25571 0.42457 0.31507 0.42457 0.31507 0.3888
0 0.3653 0.38725 0.3653 0.42302 0.42466 0.42302 0.42466 0.38725
0 0.3653 0.32659 0.3653 0.36236 0.42694 0.36236 0.42694 0.32659
0 0.3653 0.26594 0.3653 0.30171 0.42694 0.30171 0.42694 0.26594
0 0.47489 0.38725 0.47489 0.42302 0.53425 0.42302 0.53425 0.38725
0 0.47489 0.32659 0.47489 0.36236 0.53425 0.36236 0.53425 0.32659
0 0.47032 0.2675 0.47032 0.30171 0.53196 0.30171 0.53196 0.2675
0 0.58219 0.26594 0.58219 0.30171 0.64384 0.30171 0.64384 0.26594
0 0.58447 0.32815 0.58447 0.36236 0.64384 0.36236 0.64384 0.32815
0 0.58447 0.38569 0.58447 0.42146 0.64384 0.42146 0.64384 0.38569
0 0.2968 0.12597 0.2968 0.15863 0.3653 0.15863 0.3653 0.12597
0 0.2968 0.1944 0.2968 0.22706 0.3653 0.22706 0.3653 0.1944
0 0.19406 0.12908 0.19406 0.15708 0.24658 0.15708 0.24658 0.12908
0 0.19406 0.19596 0.19406 0.22551 0.24658 0.22551 0.24658 0.19596
0 0.41096 0.12908 0.41096 0.15863 0.48174 0.15863 0.48174 0.12908
0 0.40868 0.19596 0.40868 0.22395 0.47945 0.22395 0.47945 0.19596
0 0.52511 0.19751 0.52511 0.22706 0.59589 0.22706 0.59589 0.19751
0 0.52511 0.12908 0.52511 0.15863 0.59589 0.15863 0.59589 0.12908
0 0.21918 0.47278 0.21918 0.51477 0.28767 0.51477 0.28767 0.47278
0 0.21461 0.53499 0.21461 0.57543 0.28539 0.57543 0.28539 0.53499
0 0.21689 0.59409 0.21689 0.63453 0.28767 0.63453 0.28767 0.59409
0 0.34475 0.47278 0.34475 0.51322 0.41553 0.51322 0.41553 0.47278
0 0.34475 0.53033 0.34475 0.57232 0.41553 0.57232 0.41553 0.53033
0 0.34475 0.59253 0.34475 0.63297 0.41553 0.63297 0.41553 0.59253
0 0.4726 0.47278 0.4726 0.51011 0.53653 0.51011 0.53653 0.47278
0 0.4726 0.53033 0.4726 0.56765 0.53881 0.56765 0.53881 0.53033
0 0.47717 0.59253 0.47717 0.62986 0.5411 0.62986 0.5411 0.59253
0 0.22146 0.68429 0.22146 0.72628 0.28539 0.72628 0.28539 0.68429
0 0.22146 0.76827 0.22146 0.81026 0.28539 0.81026 0.28539 0.76827
0 0.21918 0.85381 0.21918 0.89425 0.28311 0.89425 0.28311 0.85381
0 0.34475 0.8507 0.34475 0.89269 0.41096 0.89269 0.41096 0.8507
0 0.34475 0.76672 0.34475 0.80871 0.40868 0.80871 0.40868 0.76672
0 0.34932 0.68118 0.34932 0.72162 0.41324 0.72162 0.41324 0.68118
0 0.10274 0.54743 0.10274 0.58631 0.15982 0.58631 0.15982 0.54743
0 0.10274 0.48367 0.10274 0.52255 0.15753 0.52255 0.15753 0.48367
0 0.60274 0.46812 0.60274 0.48523 0.6758 0.48523 0.6758 0.46812
0 0.60274 0.49145 0.60274 0.50855 0.67808 0.50855 0.67808 0.49145
0 0.60274 0.53033 0.60274 0.54899 0.6758 0.54899 0.6758 0.53033
0 0.60274 0.55365 0.60274 0.57076 0.6758 0.57076 0.6758 0.55365
0 0.60502 0.59253 0.60502 0.60964 0.67808 0.60964 0.67808 0.59253
0 0.60502 0.61275 0.60502 0.62986 0.67808 0.62986 0.67808 0.61275
0 0.60502 0.68429 0.60502 0.72317 0.67808 0.72317 0.67808 0.68429
0 0.60731 0.76672 0.60731 0.80715 0.68037 0.80715 0.68037 0.76672
0 0.60731 0.8507 0.60731 0.88958 0.68037 0.88958 0.68037 0.8507
0 0.121 0.6874 0.121 0.73095 0.18037 0.73095 0.18037 0.6874
0 0.12557 0.75272 0.12557 0.81493 0.18037 0.81493 0.18037 0.75272
0 0.12557 0.83515 0.12557 0.8958 0.18037 0.8958 0.18037 0.83515
0 0.11872 0.13219 0.11872 0.22862 0.1758 0.22862 0.1758 0.13219
0 0.63927 0.10575 0.63927 0.23173 0.71689 0.23173 0.71689 0.10575
0 0.46575 0.75117 0.46575 0.83515 0.53653 0.83515 0.53653 0.75117
0 0.46804 0.8367 0.46804 0.91913 0.53881 0.91913 0.53881 0.8367
0 0.46347 0.66407 0.46347 0.7465 0.53425 0.7465 0.53425 0.66407
