0 0.12012 0.33805 0.12012 0.40409 0.20996 0.40409 0.20996 0.33805
0 0.12012 0.12264 0.12012 0.19025 0.20996 0.19025 0.20996 0.12264
0 0.12012 0.59591 0.12012 0.66195 0.20898 0.66195 0.20898 0.59591
0 0.11914 0.81132 0.11914 0.87736 0.20898 0.87736 0.20898 0.81132
0 0.23926 0.59434 0.23926 0.66038 0.35059 0.66038 0.35059 0.59434
0 0.24121 0.33648 0.24121 0.40409 0.35254 0.40409 0.35254 0.33648
0 0.24023 0.11478 0.24023 0.18868 0.35156 0.18868 0.35156 0.11478
0 0.24414 0.82075 0.24414 0.88836 0.35449 0.88836 0.35449 0.82075
0 0.38086 0.59277 0.38086 0.66352 0.49316 0.66352 0.49316 0.59277
0 0.37598 0.80346 0.37598 0.88522 0.48926 0.88522 0.48926 0.80346
0 0.38574 0.11006 0.38574 0.20283 0.49121 0.20283 0.49121 0.11006
0 0.38086 0.33333 0.38086 0.41667 0.49316 0.41667 0.49316 0.33333
0 0.53125 0.11635 0.53125 0.1934 0.6543 0.1934 0.6543 0.11635
0 0.52734 0.80975 0.52734 0.88679 0.65039 0.88679 0.65039 0.80975
0 0.54297 0.58648 0.54297 0.67925 0.65137 0.67925 0.65137 0.58648
0 0.5498 0.32547 0.5498 0.41981 0.6582 0.41981 0.6582 0.32547
0 0.68652 0.12421 0.68652 0.19182 0.78516 0.19182 0.78516 0.12421
0 0.68359 0.80189 0.68359 0.88365 0.78418 0.88365 0.78418 0.80189
0 0.69531 0.33176 0.69531 0.41509 0.78906 0.41509 0.78906 0.33176
1 0.85742 0.43082 0.85742 0.56918 0.98926 0.56918 0.98926 0.43082
0 0.076172 0.81761 0.076172 0.83491 0.087891 0.83491 0.087891 0.81761
0 0.076172 0.85692 0.076172 0.87264 0.086914 0.87264 0.086914 0.85692
0 0.077148 0.12893 0.077148 0.14623 0.087891 0.14623 0.087891 0.12893
0 0.076172 0.16667 0.076172 0.18239 0.087891 0.18239 0.087891 0.16667
0 0.068359 0.47799 0.068359 0.52044 0.094727 0.52044 0.094727 0.47799
