0 0.61946 0.14648 0.61946 0.18164 0.72537 0.18164 0.72537 0.14648
0 0.82882 0.27637 0.82882 0.31445 0.92857 0.31445 0.92857 0.27637
0 0.62438 0.27344 0.62438 0.31543 0.72783 0.31543 0.72783 0.27344
0 0.62438 0.54395 0.62438 0.58398 0.72167 0.58398 0.72167 0.54395
0 0.62562 0.4541 0.62562 0.49414 0.7266 0.49414 0.7266 0.4541
0 0.62438 0.36328 0.62438 0.40332 0.7266 0.40332 0.7266 0.36328
0 0.82882 0.36426 0.82882 0.4043 0.92857 0.4043 0.92857 0.36426
0 0.82882 0.45508 0.82882 0.49414 0.92734 0.49414 0.92734 0.45508
0 0.82882 0.54492 0.82882 0.58398 0.92857 0.58398 0.92857 0.54492
0 0.82882 0.63477 0.82882 0.67188 0.92857 0.67188 0.92857 0.63477
0 0.62438 0.63379 0.62438 0.67383 0.72167 0.67383 0.72167 0.63379
0 0.82882 0.72461 0.82882 0.7627 0.9298 0.7627 0.9298 0.72461
0 0.83005 0.81348 0.83005 0.85156 0.9298 0.85156 0.9298 0.81348
0 0.83005 0.90332 0.83005 0.94141 0.93103 0.94141 0.93103 0.90332
0 0.62438 0.72266 0.62438 0.7627 0.72783 0.7627 0.72783 0.72266
0 0.62562 0.81348 0.62562 0.85254 0.72783 0.85254 0.72783 0.81348
0 0.62562 0.90234 0.62562 0.94238 0.72906 0.94238 0.72906 0.90234
0 0.43596 0.90332 0.43596 0.94238 0.53818 0.94238 0.53818 0.90332
0 0.43719 0.81348 0.43719 0.85156 0.53695 0.85156 0.53695 0.81348
0 0.25 0.90332 0.25 0.94141 0.34729 0.94141 0.34729 0.90332
0 0.25123 0.81348 0.25123 0.85059 0.34729 0.85059 0.34729 0.81348
0 0.43719 0.72461 0.43719 0.76172 0.53571 0.76172 0.53571 0.72461
0 0.43719 0.63477 0.43719 0.67383 0.53571 0.67383 0.53571 0.63477
0 0.43596 0.5459 0.43596 0.58398 0.53571 0.58398 0.53571 0.5459
0 0.43719 0.45605 0.43719 0.49512 0.53448 0.49512 0.53448 0.45605
0 0.25123 0.72363 0.25123 0.7627 0.34729 0.7627 0.34729 0.72363
0 0.25123 0.63477 0.25123 0.67383 0.34606 0.67383 0.34606 0.63477
0 0.25123 0.5459 0.25123 0.58301 0.34606 0.58301 0.34606 0.5459
0 0.25123 0.45605 0.25123 0.49414 0.34729 0.49414 0.34729 0.45605
0 0.25 0.36719 0.25 0.4043 0.34606 0.4043 0.34606 0.36719
0 0.25 0.27734 0.25 0.31641 0.34483 0.31641 0.34483 0.27734
0 0.43719 0.36719 0.43719 0.40527 0.53448 0.40527 0.53448 0.36719
0 0.43719 0.27734 0.43719 0.31641 0.53448 0.31641 0.53448 0.27734
0 0.42857 0.15039 0.42857 0.18262 0.52217 0.18262 0.52217 0.15039
0 0.4298 0.1084 0.4298 0.14355 0.5234 0.14355 0.5234 0.1084
0 0.24138 0.15039 0.24138 0.18262 0.33621 0.18262 0.33621 0.15039
0 0.24138 0.11035 0.24138 0.1416 0.33621 0.1416 0.33621 0.11035
