1 0.12079 0.057432 0.12079 0.13345 0.25 0.13345 0.25 0.057432
1 0.40449 0.19764 0.40449 0.27196 0.56742 0.27196 0.56742 0.19764
1 0.13764 0.52027 0.13764 0.58615 0.26404 0.58615 0.26404 0.52027
1 0.14326 0.73142 0.14326 0.7973 0.26966 0.7973 0.26966 0.73142
1 0.4073 0.0084459 0.4073 0.057432 0.63202 0.057432 0.63202 0.0084459
0 0.40169 0.5 0.40169 0.57601 0.57584 0.57601 0.57584 0.5
0 0.71348 0.69088 0.71348 0.77534 0.89045 0.77534 0.89045 0.69088
0 0.4073 0.72466 0.4073 0.80574 0.63483 0.80574 0.63483 0.72466
0 0.71629 0.81588 0.71629 0.84122 0.89607 0.84122 0.89607 0.81588
0 0.75 0.26689 0.75 0.2973 0.84551 0.2973 0.84551 0.26689
0 0.75562 0.32601 0.75562 0.35642 0.85112 0.35642 0.85112 0.32601
0 0.75281 0.41385 0.75281 0.44426 0.84831 0.44426 0.84831 0.41385
0 0.75562 0.47466 0.75562 0.50507 0.85112 0.50507 0.85112 0.47466
0 0.12921 0.18581 0.12921 0.22128 0.21629 0.22128 0.21629 0.18581
0 0.22191 0.45439 0.22191 0.49662 0.25843 0.49662 0.25843 0.45439
0 0.22191 0.38682 0.22191 0.41554 0.25562 0.41554 0.25562 0.38682
1 0.74438 0.52534 0.74438 0.59966 0.98034 0.59966 0.98034 0.52534
1 0.73596 0.1723 0.73596 0.24831 0.9691 0.24831 0.9691 0.1723
