0 0.039062 0.038845 0.039062 0.099602 0.15918 0.099602 0.15918 0.038845
0 0.035156 0.2988 0.035156 0.35956 0.15527 0.35956 0.15527 0.2988
0 0.036133 0.16932 0.036133 0.23008 0.15625 0.23008 0.15625 0.16932
0 0.035156 0.4502 0.035156 0.51096 0.15527 0.51096 0.15527 0.4502
0 0.036133 0.6006 0.036133 0.66135 0.15625 0.66135 0.15625 0.6006
0 0.039062 0.73406 0.039062 0.79382 0.15918 0.79382 0.15918 0.73406
0 0.041016 0.86355 0.041016 0.9243 0.16113 0.9243 0.16113 0.86355
0 0.25293 0.86056 0.25293 0.92131 0.3877 0.92131 0.3877 0.86056
0 0.25098 0.73606 0.25098 0.79681 0.38574 0.79681 0.38574 0.73606
0 0.25098 0.60558 0.25098 0.66633 0.38477 0.66633 0.38477 0.60558
0 0.24805 0.45418 0.24805 0.51494 0.38281 0.51494 0.38281 0.45418
0 0.24805 0.3008 0.24805 0.36155 0.38281 0.36155 0.38281 0.3008
0 0.25 0.16833 0.25 0.22908 0.38477 0.22908 0.38477 0.16833
0 0.25195 0.039841 0.25195 0.1006 0.38574 0.1006 0.38574 0.039841
0 0.49414 0.041833 0.49414 0.11056 0.64355 0.11056 0.64355 0.041833
0 0.49316 0.17032 0.49316 0.23904 0.64258 0.23904 0.64258 0.17032
0 0.49414 0.29781 0.49414 0.36653 0.64355 0.36653 0.64355 0.29781
0 0.49219 0.4512 0.49219 0.51992 0.6416 0.51992 0.6416 0.4512
0 0.49512 0.59761 0.49512 0.66633 0.64355 0.66633 0.64355 0.59761
0 0.49512 0.73008 0.49512 0.7988 0.64355 0.7988 0.64355 0.73008
0 0.49316 0.85657 0.49316 0.92032 0.6416 0.92032 0.6416 0.85657
1 0.7334 0.42032 0.7334 0.54382 0.99316 0.54382 0.99316 0.42032
