0 0.83887 0.76827 0.83887 0.86988 0.94336 0.86988 0.94336 0.76827
0 0.83887 0.54545 0.83887 0.65597 0.94238 0.65597 0.94238 0.54545
0 0.83789 0.33512 0.83789 0.44563 0.94238 0.44563 0.94238 0.33512
0 0.83789 0.12121 0.83789 0.23173 0.94238 0.23173 0.94238 0.12121
0 0.63477 0.75936 0.63477 0.86453 0.73926 0.86453 0.73926 0.75936
0 0.63574 0.54724 0.63574 0.65597 0.7334 0.65597 0.7334 0.54724
0 0.63281 0.33512 0.63281 0.44563 0.7334 0.44563 0.7334 0.33512
0 0.63379 0.11943 0.63379 0.23529 0.73633 0.23529 0.73633 0.11943
0 0.43359 0.76471 0.43359 0.86809 0.53613 0.86809 0.53613 0.76471
0 0.43359 0.54724 0.43359 0.65241 0.53613 0.65241 0.53613 0.54724
0 0.43359 0.33155 0.43359 0.44563 0.53613 0.44563 0.53613 0.33155
0 0.42969 0.11586 0.42969 0.23173 0.53613 0.23173 0.53613 0.11586
0 0.25586 0.76114 0.25586 0.86988 0.33398 0.86988 0.33398 0.76114
0 0.25684 0.54545 0.25684 0.65241 0.33301 0.65241 0.33301 0.54545
0 0.25684 0.33512 0.25684 0.44029 0.33398 0.44029 0.33398 0.33512
0 0.25586 0.12121 0.25586 0.22995 0.33398 0.22995 0.33398 0.12121
