0 0.74219 0.60286 0.74219 0.65234 0.78027 0.65234 0.78027 0.60286
0 0.57227 0.32161 0.57227 0.38672 0.69531 0.38672 0.69531 0.32161
0 0.74121 0.30469 0.74121 0.40104 0.8457 0.40104 0.8457 0.30469
0 0.89355 0.3112 0.89355 0.39062 0.97168 0.39062 0.97168 0.3112
1 0.81152 0.58333 0.81152 0.67188 0.95801 0.67188 0.95801 0.58333
0 0.90723 0.77995 0.90723 0.84766 0.96973 0.84766 0.96973 0.77995
0 0.74121 0.78385 0.74121 0.84115 0.8457 0.84115 0.8457 0.78385
0 0.57031 0.77865 0.57031 0.84115 0.66113 0.84115 0.66113 0.77865
0 0.56934 0.59505 0.56934 0.65625 0.66016 0.65625 0.66016 0.59505
0 0.24023 0.59635 0.24023 0.65234 0.32227 0.65234 0.32227 0.59635
0 0.24023 0.77865 0.24023 0.83333 0.32324 0.83333 0.32324 0.77865
0 0.40332 0.77995 0.40332 0.83594 0.49023 0.83594 0.49023 0.77995
0 0.40332 0.59635 0.40332 0.65234 0.49023 0.65234 0.49023 0.59635
0 0.40039 0.32031 0.40039 0.38932 0.52832 0.38932 0.52832 0.32031
0 0.23633 0.32812 0.23633 0.38281 0.32031 0.38281 0.32031 0.32812
0 0.068359 0.32682 0.068359 0.38151 0.15234 0.38151 0.15234 0.32682
0 0.070312 0.59635 0.070312 0.65104 0.1543 0.65104 0.1543 0.59635
0 0.071289 0.77865 0.071289 0.83333 0.15527 0.83333 0.15527 0.77865
0 0.012695 0.026042 0.012695 0.12109 0.097656 0.12109 0.097656 0.026042
0 0.16797 0.026042 0.16797 0.11979 0.26367 0.11979 0.26367 0.026042
