0 0.88756 0.8584 0.88756 0.88477 0.95335 0.88477 0.95335 0.8584
0 0.88756 0.82227 0.88756 0.84766 0.95335 0.84766 0.95335 0.82227
0 0.88756 0.75391 0.88756 0.7793 0.95335 0.7793 0.95335 0.75391
0 0.88636 0.71777 0.88636 0.74219 0.95215 0.74219 0.95215 0.71777
0 0.75359 0.85938 0.75359 0.88477 0.82057 0.88477 0.82057 0.85938
0 0.75359 0.82227 0.75359 0.84766 0.82057 0.84766 0.82057 0.82227
0 0.75478 0.75391 0.75478 0.7793 0.82057 0.7793 0.82057 0.75391
0 0.75478 0.7168 0.75478 0.74316 0.82057 0.74316 0.82057 0.7168
0 0.6256 0.71777 0.6256 0.74316 0.6878 0.74316 0.6878 0.71777
0 0.6256 0.75391 0.6256 0.78027 0.6878 0.78027 0.6878 0.75391
0 0.6256 0.85938 0.6256 0.88574 0.6878 0.88574 0.6878 0.85938
0 0.6256 0.82227 0.6256 0.84766 0.6878 0.84766 0.6878 0.82227
0 0.38278 0.85938 0.38278 0.8877 0.44258 0.8877 0.44258 0.85938
0 0.38278 0.82129 0.38278 0.84961 0.44258 0.84961 0.44258 0.82129
0 0.50359 0.85938 0.50359 0.88574 0.56579 0.88574 0.56579 0.85938
0 0.50359 0.82324 0.50359 0.84863 0.56579 0.84863 0.56579 0.82324
0 0.50359 0.75391 0.50359 0.7793 0.56579 0.7793 0.56579 0.75391
0 0.50478 0.71777 0.50478 0.74316 0.56579 0.74316 0.56579 0.71777
0 0.50359 0.64746 0.50359 0.67285 0.56579 0.67285 0.56579 0.64746
0 0.50359 0.61035 0.50359 0.63672 0.56459 0.63672 0.56459 0.61035
0 0.38278 0.75293 0.38278 0.78125 0.44258 0.78125 0.44258 0.75293
0 0.38278 0.71582 0.38278 0.74414 0.44378 0.74414 0.44378 0.71582
0 0.38278 0.64648 0.38278 0.6748 0.44378 0.6748 0.44378 0.64648
0 0.38278 0.60742 0.38278 0.63672 0.44378 0.63672 0.44378 0.60742
0 0.50478 0.54199 0.50478 0.56836 0.56579 0.56836 0.56579 0.54199
0 0.50359 0.50586 0.50359 0.53223 0.56579 0.53223 0.56579 0.50586
0 0.50359 0.43555 0.50359 0.46191 0.56579 0.46191 0.56579 0.43555
0 0.50359 0.39941 0.50359 0.42578 0.56579 0.42578 0.56579 0.39941
0 0.38278 0.54199 0.38278 0.57031 0.44258 0.57031 0.44258 0.54199
0 0.38278 0.50391 0.38278 0.5332 0.44378 0.5332 0.44378 0.50391
0 0.38278 0.43457 0.38278 0.46289 0.44258 0.46289 0.44258 0.43457
0 0.38158 0.39551 0.38158 0.42383 0.44258 0.42383 0.44258 0.39551
0 0.75478 0.50586 0.75478 0.53125 0.82057 0.53125 0.82057 0.50586
0 0.75478 0.54297 0.75478 0.56836 0.82177 0.56836 0.82177 0.54297
0 0.75478 0.6123 0.75478 0.63672 0.82177 0.63672 0.82177 0.6123
0 0.75478 0.64941 0.75478 0.67285 0.82177 0.67285 0.82177 0.64941
0 0.88636 0.50488 0.88636 0.53125 0.95455 0.53125 0.95455 0.50488
0 0.88636 0.54199 0.88636 0.56738 0.95335 0.56738 0.95335 0.54199
0 0.88636 0.6123 0.88636 0.63672 0.95335 0.63672 0.95335 0.6123
0 0.88756 0.64844 0.88756 0.67285 0.95335 0.67285 0.95335 0.64844
0 0.88636 0.39941 0.88636 0.42578 0.95455 0.42578 0.95455 0.39941
0 0.88636 0.4375 0.88636 0.46289 0.95335 0.46289 0.95335 0.4375
0 0.75478 0.40039 0.75478 0.42578 0.82057 0.42578 0.82057 0.40039
0 0.75598 0.43652 0.75598 0.46289 0.82057 0.46289 0.82057 0.43652
0 0.6256 0.40039 0.6256 0.42578 0.6878 0.42578 0.6878 0.40039
0 0.6256 0.4375 0.6256 0.46289 0.6878 0.46289 0.6878 0.4375
0 0.6256 0.50684 0.6256 0.53223 0.6878 0.53223 0.6878 0.50684
0 0.6256 0.54297 0.6256 0.56934 0.6878 0.56934 0.6878 0.54297
0 0.6256 0.61133 0.6256 0.6377 0.6878 0.6377 0.6878 0.61133
0 0.6256 0.64844 0.6256 0.67383 0.6878 0.67383 0.6878 0.64844
0 0.36244 0.14844 0.36244 0.18066 0.42703 0.18066 0.42703 0.14844
0 0.36364 0.21875 0.36364 0.25293 0.42703 0.25293 0.42703 0.21875
0 0.36244 0.29688 0.36244 0.35352 0.42344 0.35352 0.42344 0.29688
0 0.48445 0.31055 0.48445 0.34082 0.54665 0.34082 0.54665 0.31055
0 0.48684 0.22168 0.48684 0.25293 0.54904 0.25293 0.54904 0.22168
0 0.61005 0.31152 0.61005 0.3418 0.67225 0.3418 0.67225 0.31152
0 0.61005 0.22168 0.61005 0.25293 0.67225 0.25293 0.67225 0.22168
0 0.73804 0.31152 0.73804 0.34277 0.80861 0.34277 0.80861 0.31152
0 0.86962 0.3125 0.86962 0.3418 0.939 0.3418 0.939 0.3125
0 0.4067 0.94922 0.4067 0.97656 0.47488 0.97656 0.47488 0.94922
0 0.54067 0.94531 0.54067 0.97559 0.61483 0.97559 0.61483 0.94531
