1 0.84766 0.71354 0.84766 0.78385 0.95605 0.78385 0.95605 0.71354
0 0.75195 0.72786 0.75195 0.77344 0.8125 0.77344 0.8125 0.72786
0 0.74805 0.59115 0.74805 0.63542 0.82129 0.63542 0.82129 0.59115
0 0.74805 0.51042 0.74805 0.55469 0.82129 0.55469 0.82129 0.51042
0 0.74805 0.32812 0.74805 0.3776 0.82129 0.3776 0.82129 0.32812
0 0.25195 0.31641 0.25195 0.36979 0.33398 0.36979 0.33398 0.31641
0 0.57715 0.31901 0.57715 0.3724 0.6582 0.3724 0.6582 0.31901
0 0.41504 0.31641 0.41504 0.37109 0.49609 0.37109 0.49609 0.31641
0 0.59961 0.51042 0.59961 0.55469 0.67188 0.55469 0.67188 0.51042
0 0.60059 0.59245 0.60059 0.63542 0.67188 0.63542 0.67188 0.59245
0 0.44922 0.59245 0.44922 0.63542 0.52246 0.63542 0.52246 0.59245
0 0.44922 0.50781 0.44922 0.55339 0.52246 0.55339 0.52246 0.50781
0 0.60059 0.76953 0.60059 0.8125 0.67285 0.8125 0.67285 0.76953
0 0.59961 0.6875 0.59961 0.73177 0.67285 0.73177 0.67285 0.6875
0 0.44922 0.76953 0.44922 0.8138 0.52246 0.8138 0.52246 0.76953
0 0.44824 0.6875 0.44824 0.73177 0.52246 0.73177 0.52246 0.6875
0 0.29785 0.76953 0.29785 0.8151 0.37109 0.8151 0.37109 0.76953
0 0.29785 0.6888 0.29785 0.73177 0.37109 0.73177 0.37109 0.6888
0 0.15039 0.76953 0.15039 0.8151 0.21875 0.8151 0.21875 0.76953
0 0.15039 0.6888 0.15039 0.73177 0.21973 0.73177 0.21973 0.6888
0 0.29785 0.59245 0.29785 0.63672 0.37109 0.63672 0.37109 0.59245
0 0.29688 0.50911 0.29688 0.55469 0.37109 0.55469 0.37109 0.50911
0 0.15039 0.59245 0.15039 0.63672 0.21875 0.63672 0.21875 0.59245
0 0.15039 0.50911 0.15039 0.55469 0.21875 0.55469 0.21875 0.50911
0 0.14844 0.86458 0.14844 0.91016 0.21777 0.91016 0.21777 0.86458
0 0.14844 0.94792 0.14844 0.99349 0.2168 0.99349 0.2168 0.94792
0 0.29785 0.86458 0.29785 0.91016 0.37109 0.91016 0.37109 0.86458
0 0.44727 0.86458 0.44727 0.90885 0.52344 0.90885 0.52344 0.86458
0 0.59961 0.86458 0.59961 0.90755 0.67188 0.90755 0.67188 0.86458
0 0.74707 0.86458 0.74707 0.90755 0.81934 0.90755 0.81934 0.86458
0 0.14551 0.32292 0.14551 0.375 0.16699 0.375 0.16699 0.32292
1 0.8916 0.59635 0.8916 0.64193 0.95312 0.64193 0.95312 0.59635
1 0.89355 0.51693 0.89355 0.55339 0.95215 0.55339 0.95215 0.51693
0 0.89258 0.86198 0.89258 0.90495 0.96484 0.90495 0.96484 0.86198
