0 0.22638 0.38867 0.22638 0.41895 0.31433 0.41895 0.31433 0.38867
0 0.40391 0.3877 0.40391 0.41895 0.50814 0.41895 0.50814 0.3877
0 0.60261 0.3877 0.60261 0.41699 0.70358 0.41699 0.70358 0.3877
0 0.065147 0.38672 0.065147 0.41895 0.12378 0.41895 0.12378 0.38672
0 0.065147 0.48047 0.065147 0.5127 0.12378 0.5127 0.12378 0.48047
0 0.068404 0.52539 0.068404 0.55762 0.12541 0.55762 0.12541 0.52539
0 0.066775 0.60059 0.066775 0.63281 0.12541 0.63281 0.12541 0.60059
0 0.068404 0.64453 0.068404 0.67676 0.12541 0.67676 0.12541 0.64453
0 0.063518 0.72266 0.063518 0.75488 0.12215 0.75488 0.12215 0.72266
0 0.066775 0.28809 0.066775 0.32031 0.12541 0.32031 0.12541 0.28809
0 0.22964 0.29004 0.22964 0.32031 0.31596 0.32031 0.31596 0.29004
0 0.23127 0.24512 0.23127 0.27539 0.31759 0.27539 0.31759 0.24512
0 0.22964 0.17383 0.22964 0.2041 0.31596 0.2041 0.31596 0.17383
0 0.22801 0.12695 0.22801 0.1582 0.31433 0.1582 0.31433 0.12695
0 0.22476 0.048828 0.22476 0.079102 0.3127 0.079102 0.3127 0.048828
0 0.22801 0.48242 0.22801 0.5127 0.31596 0.5127 0.31596 0.48242
0 0.22801 0.52734 0.22801 0.55762 0.31596 0.55762 0.31596 0.52734
0 0.23127 0.60059 0.23127 0.63086 0.31759 0.63086 0.31759 0.60059
0 0.22964 0.64551 0.22964 0.67578 0.31596 0.67578 0.31596 0.64551
0 0.22964 0.72266 0.22964 0.75293 0.31596 0.75293 0.31596 0.72266
0 0.40879 0.48242 0.40879 0.5127 0.5114 0.5127 0.5114 0.48242
0 0.40717 0.5293 0.40717 0.55957 0.5114 0.55957 0.5114 0.5293
0 0.40554 0.59766 0.40554 0.62891 0.50977 0.62891 0.50977 0.59766
0 0.40554 0.64551 0.40554 0.67578 0.50977 0.67578 0.50977 0.64551
0 0.40391 0.72266 0.40391 0.75293 0.50814 0.75293 0.50814 0.72266
0 0.40391 0.28906 0.40391 0.31934 0.50814 0.31934 0.50814 0.28906
0 0.40554 0.24414 0.40554 0.27539 0.50977 0.27539 0.50977 0.24414
0 0.40717 0.1709 0.40717 0.20117 0.5114 0.20117 0.5114 0.1709
0 0.40879 0.12598 0.40879 0.15625 0.5114 0.15625 0.5114 0.12598
0 0.40228 0.048828 0.40228 0.080078 0.50651 0.080078 0.50651 0.048828
0 0.60586 0.28711 0.60586 0.31738 0.70847 0.31738 0.70847 0.28711
0 0.60423 0.24316 0.60423 0.27344 0.70684 0.27344 0.70684 0.24316
0 0.60423 0.1709 0.60423 0.20117 0.70521 0.20117 0.70521 0.1709
0 0.60586 0.12598 0.60586 0.15625 0.70684 0.15625 0.70684 0.12598
0 0.60098 0.049805 0.60098 0.080078 0.70358 0.080078 0.70358 0.049805
0 0.60423 0.48145 0.60423 0.51074 0.70684 0.51074 0.70684 0.48145
0 0.60423 0.52832 0.60423 0.55762 0.70521 0.55762 0.70521 0.52832
0 0.60586 0.59863 0.60586 0.62793 0.70847 0.62793 0.70847 0.59863
0 0.60423 0.64453 0.60423 0.67383 0.70684 0.67383 0.70684 0.64453
0 0.60423 0.72363 0.60423 0.75391 0.70521 0.75391 0.70521 0.72363
0 0.28664 0.8291 0.28664 0.8623 0.35668 0.8623 0.35668 0.8291
0 0.46254 0.83398 0.46254 0.86426 0.557 0.86426 0.557 0.83398
0 0.65147 0.83301 0.65147 0.86328 0.74593 0.86328 0.74593 0.83301
0 0.28827 0.89355 0.28827 0.92676 0.35993 0.92676 0.35993 0.89355
0 0.28664 0.94238 0.28664 0.97559 0.35831 0.97559 0.35831 0.94238
0 0.46417 0.89551 0.46417 0.92676 0.557 0.92676 0.557 0.89551
0 0.46743 0.94336 0.46743 0.97461 0.56026 0.97461 0.56026 0.94336
0 0.65472 0.89453 0.65472 0.92578 0.74919 0.92578 0.74919 0.89453
0 0.65309 0.94531 0.65309 0.97559 0.74756 0.97559 0.74756 0.94531
1 0.8355 0.70117 0.8355 0.77441 0.98046 0.77441 0.98046 0.70117
