0 0.13477 0.075 0.13477 0.14286 0.25977 0.14286 0.25977 0.075
0 0.13379 0.24524 0.13379 0.325 0.25879 0.325 0.25879 0.24524
0 0.13379 0.42024 0.13379 0.5 0.25879 0.5 0.25879 0.42024
0 0.1377 0.58452 0.1377 0.66429 0.2627 0.66429 0.2627 0.58452
0 0.13477 0.73333 0.13477 0.8131 0.25977 0.8131 0.25977 0.73333
0 0.13574 0.8869 0.13574 0.96667 0.26074 0.96667 0.26074 0.8869
0 0.35156 0.88333 0.35156 0.9631 0.47559 0.9631 0.47559 0.88333
0 0.34375 0.7369 0.34375 0.81667 0.47754 0.81667 0.47754 0.7369
0 0.3457 0.58214 0.3457 0.6631 0.47852 0.6631 0.47852 0.58214
0 0.34082 0.42143 0.34082 0.50238 0.47266 0.50238 0.47266 0.42143
0 0.3418 0.24405 0.3418 0.325 0.47363 0.325 0.47363 0.24405
0 0.33594 0.063095 0.33594 0.14405 0.46875 0.14405 0.46875 0.063095
0 0.5625 0.88452 0.5625 0.96667 0.71582 0.96667 0.71582 0.88452
0 0.55859 0.7381 0.55859 0.82024 0.71289 0.82024 0.71289 0.7381
0 0.5625 0.58333 0.5625 0.66667 0.71582 0.66667 0.71582 0.58333
0 0.56055 0.42143 0.56055 0.50476 0.71484 0.50476 0.71484 0.42143
0 0.55566 0.23929 0.55566 0.32262 0.70898 0.32262 0.70898 0.23929
0 0.55566 0.061905 0.55566 0.14405 0.70996 0.14405 0.70996 0.061905
