0 0.17308 0.14453 0.17308 0.20508 0.31571 0.20508 0.31571 0.14453
0 0.17308 0.2793 0.17308 0.33887 0.3141 0.33887 0.3141 0.2793
0 0.17468 0.41406 0.17468 0.47363 0.31571 0.47363 0.31571 0.41406
0 0.17308 0.5459 0.17308 0.60547 0.31571 0.60547 0.31571 0.5459
0 0.17468 0.67676 0.17468 0.7373 0.31731 0.7373 0.31731 0.67676
0 0.50481 0.14355 0.50481 0.20605 0.66506 0.20605 0.66506 0.14355
0 0.50321 0.27734 0.50321 0.33984 0.66346 0.33984 0.66346 0.27734
0 0.50641 0.40918 0.50641 0.47168 0.66667 0.47168 0.66667 0.40918
0 0.50481 0.54102 0.50481 0.60352 0.66506 0.60352 0.66506 0.54102
0 0.50641 0.67383 0.50641 0.73633 0.66667 0.73633 0.66667 0.67383
0 0.58494 0.91211 0.58494 0.93945 0.64583 0.93945 0.64583 0.91211
0 0.57212 0.83008 0.57212 0.85742 0.63942 0.85742 0.63942 0.83008
0 0.70673 0.82812 0.70673 0.85742 0.77564 0.85742 0.77564 0.82812
0 0.70833 0.91211 0.70833 0.93848 0.77404 0.93848 0.77404 0.91211
