0 0.24219 0.11149 0.24219 0.14865 0.33691 0.14865 0.33691 0.11149
0 0.24219 0.16667 0.24219 0.20383 0.33496 0.20383 0.33496 0.16667
0 0.23828 0.33333 0.23828 0.43694 0.33008 0.43694 0.33008 0.33333
0 0.23633 0.53041 0.23633 0.63964 0.33008 0.63964 0.33008 0.53041
0 0.42285 0.11149 0.42285 0.14977 0.52344 0.14977 0.52344 0.11149
0 0.42285 0.16667 0.42285 0.2027 0.52344 0.2027 0.52344 0.16667
0 0.4209 0.75225 0.4209 0.79279 0.52441 0.79279 0.52441 0.75225
0 0.42285 0.80856 0.42285 0.84572 0.52344 0.84572 0.52344 0.80856
0 0.41992 0.52815 0.41992 0.63626 0.52051 0.63626 0.52051 0.52815
0 0.42285 0.33221 0.42285 0.43919 0.52344 0.43919 0.52344 0.33221
0 0.24023 0.75338 0.24023 0.79054 0.33301 0.79054 0.33301 0.75338
0 0.23926 0.80968 0.23926 0.84797 0.33203 0.84797 0.33203 0.80968
0 0.60938 0.16779 0.60938 0.20383 0.70703 0.20383 0.70703 0.16779
0 0.60938 0.11036 0.60938 0.14752 0.70605 0.14752 0.70605 0.11036
0 0.60938 0.33221 0.60938 0.3705 0.71387 0.3705 0.71387 0.33221
0 0.6084 0.39752 0.6084 0.43581 0.71484 0.43581 0.71484 0.39752
0 0.60742 0.52815 0.60742 0.57095 0.71191 0.57095 0.71191 0.52815
0 0.60645 0.59122 0.60645 0.63514 0.71094 0.63514 0.71094 0.59122
0 0.60742 0.7545 0.60742 0.85248 0.70801 0.85248 0.70801 0.7545
0 0.80469 0.51914 0.80469 0.62838 0.91504 0.62838 0.91504 0.51914
0 0.80469 0.74662 0.80469 0.84797 0.91309 0.84797 0.91309 0.74662
0 0.054688 0.42005 0.054688 0.55293 0.13184 0.55293 0.13184 0.42005
