0 0.30176 0.2526 0.30176 0.30729 0.37695 0.30729 0.37695 0.2526
0 0.44141 0.24219 0.44141 0.31901 0.54199 0.31901 0.54199 0.24219
0 0.44043 0.39583 0.44043 0.47396 0.54199 0.47396 0.54199 0.39583
0 0.30566 0.40625 0.30566 0.45964 0.37988 0.45964 0.37988 0.40625
0 0.30566 0.53516 0.30566 0.58854 0.38184 0.58854 0.38184 0.53516
0 0.30371 0.66276 0.30371 0.71354 0.38379 0.71354 0.38379 0.66276
0 0.30566 0.79297 0.30566 0.84505 0.38184 0.84505 0.38184 0.79297
0 0.44043 0.78385 0.44043 0.86068 0.54199 0.86068 0.54199 0.78385
0 0.44043 0.65495 0.44043 0.73177 0.54102 0.73177 0.54102 0.65495
0 0.44043 0.52604 0.44043 0.60286 0.54102 0.60286 0.54102 0.52604
0 0.60156 0.24349 0.60156 0.32031 0.70801 0.32031 0.70801 0.24349
0 0.60059 0.39583 0.60059 0.47396 0.70801 0.47396 0.70801 0.39583
0 0.78613 0.25391 0.78613 0.3112 0.86816 0.3112 0.86816 0.25391
0 0.78516 0.40625 0.78516 0.46224 0.86816 0.46224 0.86816 0.40625
0 0.78613 0.53646 0.78613 0.58984 0.86719 0.58984 0.86719 0.53646
0 0.78516 0.66536 0.78516 0.71875 0.86719 0.71875 0.86719 0.66536
0 0.60059 0.52734 0.60059 0.60286 0.70801 0.60286 0.70801 0.52734
0 0.60059 0.65625 0.60059 0.73177 0.70703 0.73177 0.70703 0.65625
0 0.60059 0.78516 0.60059 0.86068 0.70703 0.86068 0.70703 0.78516
0 0.78223 0.79297 0.78223 0.84896 0.86621 0.84896 0.86621 0.79297
0 0.30371 0.048177 0.30371 0.097656 0.37793 0.097656 0.37793 0.048177
0 0.46973 0.050781 0.46973 0.098958 0.54492 0.098958 0.54492 0.050781
0 0.1582 0.40365 0.1582 0.45833 0.22754 0.45833 0.22754 0.40365
0 0.15723 0.53255 0.15723 0.58854 0.22656 0.58854 0.22656 0.53255
0 0.15723 0.66276 0.15723 0.71745 0.22656 0.71745 0.22656 0.66276
0 0.15723 0.79036 0.15723 0.84505 0.22656 0.84505 0.22656 0.79036
0 0.016602 0.93229 0.016602 0.99479 0.095703 0.99479 0.095703 0.93229
0 0.15332 0.93099 0.15332 0.96484 0.2207 0.96484 0.2207 0.93099
0 0.1582 0.28776 0.1582 0.32552 0.2168 0.32552 0.2168 0.28776
0 0.15918 0.23047 0.15918 0.26693 0.21777 0.26693 0.21777 0.23047
0 0.91602 0.25651 0.91602 0.3125 0.94434 0.3125 0.94434 0.25651
0 0.91602 0.41016 0.91602 0.46484 0.94434 0.46484 0.94434 0.41016
0 0.91602 0.54297 0.91602 0.59766 0.94336 0.59766 0.94336 0.54297
0 0.91309 0.80078 0.91309 0.85547 0.94141 0.85547 0.94141 0.80078
0 0.91406 0.67448 0.91406 0.72917 0.94141 0.72917 0.94141 0.67448
