0 0.06308 0.22852 0.06308 0.28336 0.12245 0.28336 0.12245 0.22852
0 0.059369 0.42596 0.059369 0.47898 0.11688 0.47898 0.11688 0.42596
0 0.057514 0.62523 0.057514 0.68007 0.11503 0.68007 0.11503 0.62523
0 0.20779 0.6234 0.20779 0.6947 0.31354 0.6947 0.31354 0.6234
0 0.21336 0.21938 0.21336 0.28885 0.31725 0.28885 0.31725 0.21938
0 0.20965 0.42048 0.20965 0.48995 0.32468 0.48995 0.32468 0.42048
0 0.39703 0.21389 0.39703 0.28519 0.5269 0.28519 0.5269 0.21389
0 0.39147 0.62523 0.39147 0.6947 0.52505 0.6947 0.52505 0.62523
0 0.39518 0.41865 0.39518 0.48629 0.50093 0.48629 0.50093 0.41865
0 0.57699 0.41865 0.57699 0.48995 0.68831 0.48995 0.68831 0.41865
0 0.58998 0.20841 0.58998 0.27788 0.70872 0.27788 0.70872 0.20841
0 0.57885 0.62523 0.57885 0.69835 0.70872 0.69835 0.70872 0.62523
0 0.78664 0.20475 0.78664 0.27605 0.88497 0.27605 0.88497 0.20475
0 0.78664 0.41499 0.78664 0.48629 0.88497 0.48629 0.88497 0.41499
0 0.78479 0.62888 0.78479 0.70018 0.88497 0.70018 0.88497 0.62888
0 0.95176 0.6362 0.95176 0.69104 0.99814 0.69104 0.99814 0.6362
0 0.95176 0.42048 0.95176 0.47532 0.99814 0.47532 0.99814 0.42048
0 0.94991 0.20841 0.94991 0.26325 0.99629 0.26325 0.99629 0.20841
