0 0.2832 0.16685 0.2832 0.23681 0.38379 0.23681 0.38379 0.16685
0 0.30762 0.010764 0.30762 0.079656 0.4082 0.079656 0.4082 0.010764
0 0.28223 0.33369 0.28223 0.40258 0.38281 0.40258 0.38281 0.33369
0 0.28516 0.51884 0.28516 0.58773 0.38574 0.58773 0.38574 0.51884
0 0.28027 0.69968 0.28027 0.76857 0.38086 0.76857 0.38086 0.69968
0 0.2832 0.86114 0.2832 0.93111 0.38379 0.93111 0.38379 0.86114
0 0.82227 0.86652 0.82227 0.93541 0.92285 0.93541 0.92285 0.86652
0 0.48242 0.86652 0.48242 0.93649 0.62207 0.93649 0.62207 0.86652
0 0.48242 0.70183 0.48242 0.7718 0.5957 0.7718 0.5957 0.70183
0 0.48535 0.51453 0.48535 0.58342 0.59473 0.58342 0.59473 0.51453
0 0.48145 0.33477 0.48145 0.40366 0.59375 0.40366 0.59375 0.33477
0 0.48145 0.17115 0.48145 0.24112 0.59375 0.24112 0.59375 0.17115
0 0.82129 0.16685 0.82129 0.23574 0.92188 0.23574 0.92188 0.16685
0 0.69141 0.86652 0.69141 0.93649 0.76074 0.93649 0.76074 0.86652
0 0.69043 0.69968 0.69043 0.76964 0.75879 0.76964 0.75879 0.69968
0 0.69043 0.32293 0.69043 0.39397 0.75879 0.39397 0.75879 0.32293
0 0.68848 0.16577 0.68848 0.23574 0.75781 0.23574 0.75781 0.16577
0 0.68848 0.16577 0.68848 0.23574 0.75781 0.23574 0.75781 0.16577
1 0.69922 0.47147 0.69922 0.60172 0.95996 0.60172 0.95996 0.47147
1 0.82031 0.32723 0.82031 0.37783 0.96094 0.37783 0.96094 0.32723
1 0.82324 0.6986 0.82324 0.76642 0.95801 0.76642 0.95801 0.6986
