0 0.12462 0.3584 0.12462 0.39746 0.20923 0.39746 0.20923 0.3584
0 0.12615 0.27051 0.12615 0.30957 0.21077 0.30957 0.21077 0.27051
0 0.12462 0.18066 0.12462 0.21973 0.21077 0.21973 0.21077 0.18066
0 0.27846 0.18262 0.27846 0.21777 0.37692 0.21777 0.37692 0.18262
0 0.27846 0.27148 0.27846 0.30664 0.37692 0.30664 0.37692 0.27148
0 0.27846 0.36133 0.27846 0.39648 0.37692 0.39648 0.37692 0.36133
0 0.45231 0.36328 0.45231 0.39844 0.55538 0.39844 0.55538 0.36328
0 0.45077 0.27246 0.45077 0.30762 0.55385 0.30762 0.55385 0.27246
0 0.45077 0.18359 0.45077 0.21875 0.55231 0.21875 0.55231 0.18359
0 0.63692 0.18555 0.63692 0.2207 0.73846 0.2207 0.73846 0.18555
0 0.63846 0.27441 0.63846 0.3125 0.74154 0.3125 0.74154 0.27441
0 0.64 0.36426 0.64 0.40234 0.74308 0.40234 0.74308 0.36426
0 0.25692 0.06543 0.25692 0.088867 0.38923 0.088867 0.38923 0.06543
0 0.28923 0.039062 0.28923 0.060547 0.41231 0.060547 0.41231 0.039062
0 0.45385 0.039062 0.45385 0.061523 0.57692 0.061523 0.57692 0.039062
0 0.43846 0.066406 0.43846 0.088867 0.56 0.088867 0.56 0.066406
0 0.63385 0.041016 0.63385 0.063477 0.75692 0.063477 0.75692 0.041016
0 0.62154 0.067383 0.62154 0.089844 0.74462 0.089844 0.74462 0.067383
0 0.061538 0.4668 0.061538 0.50586 0.15231 0.50586 0.15231 0.4668
0 0.061538 0.54492 0.061538 0.58398 0.15231 0.58398 0.15231 0.54492
0 0.067692 0.62793 0.067692 0.66113 0.15385 0.66113 0.15385 0.62793
0 0.067692 0.70703 0.067692 0.73926 0.15385 0.73926 0.15385 0.70703
0 0.073846 0.78223 0.073846 0.81543 0.16 0.81543 0.16 0.78223
0 0.073846 0.8584 0.073846 0.89062 0.16 0.89062 0.16 0.8584
0 0.076923 0.93359 0.076923 0.96582 0.16308 0.96582 0.16308 0.93359
0 0.25538 0.47363 0.25538 0.50586 0.32154 0.50586 0.32154 0.47363
0 0.25846 0.55078 0.25846 0.58301 0.32462 0.58301 0.32462 0.55078
0 0.25846 0.62793 0.25846 0.66113 0.32462 0.66113 0.32462 0.62793
0 0.25692 0.70898 0.25692 0.74121 0.32308 0.74121 0.32308 0.70898
0 0.26154 0.7832 0.26154 0.81543 0.32769 0.81543 0.32769 0.7832
0 0.26462 0.8623 0.26462 0.89453 0.33077 0.89453 0.33077 0.8623
0 0.26308 0.93359 0.26308 0.96582 0.32923 0.96582 0.32923 0.93359
0 0.42462 0.47461 0.42462 0.50293 0.49538 0.50293 0.49538 0.47461
0 0.42769 0.55078 0.42769 0.57812 0.49692 0.57812 0.49692 0.55078
0 0.42615 0.63281 0.42615 0.66113 0.49692 0.66113 0.49692 0.63281
0 0.42769 0.70801 0.42769 0.73535 0.49692 0.73535 0.49692 0.70801
0 0.42923 0.78223 0.42923 0.81055 0.49846 0.81055 0.49846 0.78223
0 0.42615 0.86035 0.42615 0.8877 0.49692 0.8877 0.49692 0.86035
0 0.60154 0.47559 0.60154 0.50391 0.67077 0.50391 0.67077 0.47559
0 0.6 0.55176 0.6 0.5791 0.66923 0.5791 0.66923 0.55176
0 0.59692 0.62793 0.59692 0.65625 0.66615 0.65625 0.66615 0.62793
0 0.59538 0.71094 0.59538 0.73828 0.66462 0.73828 0.66462 0.71094
0 0.59385 0.78516 0.59385 0.81348 0.66308 0.81348 0.66308 0.78516
0 0.59692 0.85742 0.59692 0.88477 0.66615 0.88477 0.66615 0.85742
0 0.76923 0.60254 0.76923 0.7627 0.86 0.7627 0.86 0.60254
0 0.76769 0.45898 0.76769 0.54785 0.86769 0.54785 0.86769 0.45898
0 0.83538 0.26562 0.83538 0.32422 0.88462 0.32422 0.88462 0.26562
0 0.83231 0.35352 0.83231 0.41211 0.88308 0.41211 0.88308 0.35352
