0 0.1416 0.079137 0.1416 0.1307 0.22461 0.1307 0.22461 0.079137
0 0.1416 0.14508 0.1416 0.19664 0.22461 0.19664 0.22461 0.14508
0 0.14258 0.29736 0.14258 0.35492 0.22461 0.35492 0.22461 0.29736
0 0.1416 0.46882 0.1416 0.52998 0.22461 0.52998 0.22461 0.46882
0 0.1416 0.6283 0.1416 0.68225 0.22363 0.68225 0.22363 0.6283
0 0.1416 0.69544 0.1416 0.7458 0.22363 0.7458 0.22363 0.69544
0 0.2998 0.079137 0.2998 0.1259 0.38965 0.1259 0.38965 0.079137
0 0.30078 0.14628 0.30078 0.19305 0.39062 0.19305 0.39062 0.14628
0 0.2998 0.29736 0.2998 0.35372 0.38965 0.35372 0.38965 0.29736
0 0.30078 0.47002 0.30078 0.52638 0.38965 0.52638 0.38965 0.47002
0 0.2998 0.6295 0.2998 0.67626 0.38867 0.67626 0.38867 0.6295
0 0.2998 0.69424 0.2998 0.74221 0.38867 0.74221 0.38867 0.69424
0 0.46289 0.080336 0.46289 0.1271 0.55078 0.1271 0.55078 0.080336
0 0.46289 0.14508 0.46289 0.19185 0.5498 0.19185 0.5498 0.14508
0 0.45898 0.29736 0.45898 0.35372 0.54883 0.35372 0.54883 0.29736
0 0.46094 0.47002 0.46094 0.52998 0.5498 0.52998 0.5498 0.47002
0 0.46191 0.63189 0.46191 0.67866 0.5498 0.67866 0.5498 0.63189
0 0.46094 0.69424 0.46094 0.7482 0.55078 0.7482 0.55078 0.69424
0 0.62598 0.079137 0.62598 0.1271 0.71777 0.1271 0.71777 0.079137
0 0.62598 0.14508 0.62598 0.19424 0.71777 0.19424 0.71777 0.14508
0 0.62695 0.29616 0.62695 0.35372 0.71582 0.35372 0.71582 0.29616
0 0.62598 0.47122 0.62598 0.52758 0.71484 0.52758 0.71484 0.47122
0 0.62598 0.69424 0.62598 0.7482 0.71484 0.7482 0.71484 0.69424
0 0.62695 0.6295 0.62695 0.68106 0.71582 0.68106 0.71582 0.6295
0 0.78906 0.52398 0.78906 0.58993 0.92969 0.58993 0.92969 0.52398
0 0.78809 0.10312 0.78809 0.16906 0.92871 0.16906 0.92871 0.10312
1 0.79004 0.23621 0.79004 0.30935 0.95215 0.30935 0.95215 0.23621
1 0.78613 0.3777 0.78613 0.46403 0.96191 0.46403 0.96191 0.3777
1 0.78809 0.65588 0.78809 0.72902 0.96484 0.72902 0.96484 0.65588
