0 0.1709 0.83022 0.1709 0.90832 0.28711 0.90832 0.28711 0.83022
0 0.17285 0.091681 0.17285 0.16978 0.28906 0.16978 0.28906 0.091681
0 0.17188 0.33277 0.17188 0.41426 0.28418 0.41426 0.28418 0.33277
0 0.17285 0.59083 0.17285 0.66893 0.28516 0.66893 0.28516 0.59083
0 0.31445 0.091681 0.31445 0.16978 0.43848 0.16978 0.43848 0.091681
0 0.31055 0.83022 0.31055 0.90832 0.43457 0.90832 0.43457 0.83022
0 0.45996 0.82683 0.45996 0.90832 0.59668 0.90832 0.59668 0.82683
0 0.46289 0.091681 0.46289 0.17148 0.60449 0.17148 0.60449 0.091681
0 0.63867 0.091681 0.63867 0.16978 0.74023 0.16978 0.74023 0.091681
0 0.63379 0.83022 0.63379 0.90832 0.73535 0.90832 0.73535 0.83022
0 0.31934 0.28353 0.31934 0.37521 0.40332 0.37521 0.40332 0.28353
0 0.31641 0.56876 0.31641 0.65535 0.40527 0.65535 0.40527 0.56876
0 0.31738 0.39898 0.31738 0.54499 0.40332 0.54499 0.40332 0.39898
0 0.4707 0.39898 0.4707 0.5416 0.5752 0.5416 0.5752 0.39898
0 0.47168 0.28183 0.47168 0.36842 0.5752 0.36842 0.5752 0.28183
0 0.4707 0.56706 0.4707 0.65365 0.57324 0.65365 0.57324 0.56706
0 0.64551 0.56876 0.64551 0.65535 0.75977 0.65535 0.75977 0.56876
0 0.64551 0.28353 0.64551 0.37182 0.75977 0.37182 0.75977 0.28353
0 0.64648 0.39728 0.64648 0.5399 0.76074 0.5399 0.76074 0.39728
1 0.89941 0.60951 0.89941 0.67742 0.98828 0.67742 0.98828 0.60951
1 0.83496 0.39559 0.83496 0.56197 0.98145 0.56197 0.98145 0.39559
