0 0.16103 0.29883 0.16103 0.36133 0.27692 0.36133 0.27692 0.29883
0 0.15897 0.44238 0.15897 0.50586 0.27692 0.50586 0.27692 0.44238
0 0.16103 0.5957 0.16103 0.6582 0.27795 0.6582 0.27795 0.5957
0 0.14872 0.80371 0.14872 0.86328 0.27077 0.86328 0.27077 0.80371
0 0.16103 0.09375 0.16103 0.14844 0.27897 0.14844 0.27897 0.09375
0 0.37846 0.091797 0.37846 0.14844 0.49846 0.14844 0.49846 0.091797
0 0.59487 0.09082 0.59487 0.14844 0.71487 0.14844 0.71487 0.09082
0 0.37641 0.29883 0.37641 0.35938 0.49538 0.35938 0.49538 0.29883
0 0.37846 0.44531 0.37846 0.50586 0.49641 0.50586 0.49641 0.44531
0 0.37641 0.59863 0.37641 0.65918 0.49538 0.65918 0.49538 0.59863
0 0.37333 0.80469 0.37333 0.86523 0.49231 0.86523 0.49231 0.80469
0 0.59385 0.30078 0.59385 0.36133 0.71179 0.36133 0.71179 0.30078
0 0.59385 0.44531 0.59385 0.50684 0.71179 0.50684 0.71179 0.44531
0 0.59385 0.59961 0.59385 0.66016 0.71179 0.66016 0.71179 0.59961
0 0.59282 0.80371 0.59282 0.86426 0.71077 0.86426 0.71077 0.80371
0 0.82769 0.2998 0.82769 0.36035 0.94667 0.36035 0.94667 0.2998
0 0.82462 0.59863 0.82462 0.65918 0.94359 0.65918 0.94359 0.59863
0 0.82359 0.80273 0.82359 0.86426 0.94256 0.86426 0.94256 0.80273
1 0.82564 0.44434 0.82564 0.51758 0.9959 0.51758 0.9959 0.44434
1 0.81641 0.073242 0.81641 0.1709 0.98359 0.1709 0.98359 0.073242
