0 0.53191 0.057617 0.53191 0.10254 0.65293 0.10254 0.65293 0.057617
0 0.53723 0.23438 0.53723 0.2793 0.65824 0.2793 0.65824 0.23438
0 0.5359 0.36133 0.5359 0.40625 0.65691 0.40625 0.65691 0.36133
0 0.5359 0.48926 0.5359 0.53418 0.65691 0.53418 0.65691 0.48926
0 0.5359 0.61914 0.5359 0.66406 0.65559 0.66406 0.65559 0.61914
0 0.5359 0.74512 0.5359 0.79004 0.65691 0.79004 0.65691 0.74512
0 0.5359 0.87598 0.5359 0.9209 0.65559 0.9209 0.65559 0.87598
0 0.29787 0.060547 0.29787 0.10156 0.41223 0.10156 0.41223 0.060547
0 0.30718 0.23633 0.30718 0.27734 0.41755 0.27734 0.41755 0.23633
0 0.30585 0.36426 0.30585 0.40527 0.41622 0.40527 0.41622 0.36426
0 0.30452 0.49121 0.30452 0.53223 0.41489 0.53223 0.41489 0.49121
0 0.30319 0.61816 0.30319 0.65918 0.41356 0.65918 0.41356 0.61816
0 0.30452 0.74805 0.30452 0.78906 0.41489 0.78906 0.41489 0.74805
0 0.30585 0.87598 0.30585 0.91699 0.41622 0.91699 0.41622 0.87598
0 0.18218 0.063477 0.18218 0.10645 0.20612 0.10645 0.20612 0.063477
0 0.19016 0.23926 0.19016 0.2793 0.2141 0.2793 0.2141 0.23926
0 0.18883 0.36523 0.18883 0.40625 0.21277 0.40625 0.21277 0.36523
0 0.18883 0.49414 0.18883 0.53516 0.21277 0.53516 0.21277 0.49414
0 0.18883 0.62109 0.18883 0.66113 0.21277 0.66113 0.21277 0.62109
0 0.1875 0.75 0.1875 0.79102 0.21144 0.79102 0.21144 0.75
0 0.18617 0.87695 0.18617 0.91797 0.21011 0.91797 0.21011 0.87695
0 0.74601 0.047852 0.74601 0.082031 0.77394 0.082031 0.77394 0.047852
0 0.75133 0.24219 0.75133 0.27344 0.78191 0.27344 0.78191 0.24219
0 0.75133 0.36914 0.75133 0.40039 0.78324 0.40039 0.78324 0.36914
0 0.75 0.49609 0.75 0.52734 0.78059 0.52734 0.78059 0.49609
0 0.75 0.75293 0.75 0.78418 0.78191 0.78418 0.78191 0.75293
0 0.75133 0.88184 0.75133 0.91309 0.78324 0.91309 0.78324 0.88184
0 0.83378 0.049805 0.83378 0.086914 0.9242 0.086914 0.9242 0.049805
0 0.83378 0.24023 0.83378 0.27734 0.9242 0.27734 0.9242 0.24023
0 0.83378 0.36719 0.83378 0.4043 0.9242 0.4043 0.9242 0.36719
0 0.83378 0.49609 0.83378 0.5332 0.92553 0.5332 0.92553 0.49609
0 0.83245 0.75195 0.83245 0.78906 0.92287 0.78906 0.92287 0.75195
0 0.83245 0.87988 0.83245 0.91699 0.92287 0.91699 0.92287 0.87988
