0 0.72414 0.87207 0.72414 0.93262 0.82184 0.93262 0.82184 0.87207
0 0.52874 0.11426 0.52874 0.15234 0.62414 0.15234 0.62414 0.11426
0 0.52874 0.057617 0.52874 0.094727 0.62299 0.094727 0.62299 0.057617
0 0.72299 0.1377 0.72299 0.15723 0.81724 0.15723 0.81724 0.1377
0 0.72299 0.09082 0.72299 0.13281 0.84368 0.13281 0.84368 0.09082
0 0.72414 0.066406 0.72414 0.084961 0.81724 0.084961 0.81724 0.066406
0 0.72414 0.55762 0.72414 0.57617 0.81839 0.57617 0.81839 0.55762
0 0.72414 0.51172 0.72414 0.54883 0.81839 0.54883 0.81839 0.51172
0 0.72414 0.48438 0.72414 0.50293 0.81839 0.50293 0.81839 0.48438
0 0.72414 0.39746 0.72414 0.43262 0.81954 0.43262 0.81954 0.39746
0 0.72299 0.32715 0.72299 0.3457 0.81724 0.3457 0.81724 0.32715
0 0.72299 0.28125 0.72299 0.32031 0.81724 0.32031 0.81724 0.28125
0 0.72299 0.25488 0.72299 0.27344 0.81839 0.27344 0.81839 0.25488
0 0.54713 0.53711 0.54713 0.57324 0.63563 0.57324 0.63563 0.53711
0 0.54713 0.48926 0.54713 0.52441 0.63563 0.52441 0.63563 0.48926
0 0.54713 0.39746 0.54713 0.43262 0.63563 0.43262 0.63563 0.39746
0 0.54713 0.30762 0.54713 0.34375 0.63563 0.34375 0.63563 0.30762
0 0.54713 0.25781 0.54713 0.29395 0.63563 0.29395 0.63563 0.25781
0 0.72414 0.70215 0.72414 0.74121 0.81954 0.74121 0.81954 0.70215
0 0.72414 0.74707 0.72414 0.7666 0.81839 0.7666 0.81839 0.74707
0 0.72414 0.67676 0.72414 0.69434 0.81839 0.69434 0.81839 0.67676
0 0.53218 0.75293 0.53218 0.79102 0.62529 0.79102 0.62529 0.75293
0 0.53218 0.69727 0.53218 0.7334 0.62529 0.7334 0.62529 0.69727
0 0.54943 0.87207 0.54943 0.93457 0.64138 0.93457 0.64138 0.87207
0 0.37241 0.87109 0.37241 0.93262 0.46092 0.93262 0.46092 0.87109
0 0.2023 0.87109 0.2023 0.93359 0.28736 0.93359 0.28736 0.87109
0 0.34943 0.77051 0.34943 0.78906 0.43908 0.78906 0.43908 0.77051
0 0.34828 0.72363 0.34828 0.76367 0.43793 0.76367 0.43793 0.72363
0 0.34828 0.69727 0.34828 0.71582 0.43908 0.71582 0.43908 0.69727
0 0.19655 0.74609 0.19655 0.76562 0.28506 0.76562 0.28506 0.74609
0 0.1977 0.70117 0.1977 0.73828 0.30575 0.73828 0.30575 0.70117
0 0.1977 0.6748 0.1977 0.69336 0.28506 0.69336 0.28506 0.6748
0 0.37356 0.53613 0.37356 0.57129 0.45862 0.57129 0.45862 0.53613
0 0.37241 0.4873 0.37241 0.52344 0.45862 0.52344 0.45862 0.4873
0 0.19885 0.55078 0.19885 0.56543 0.28276 0.56543 0.28276 0.55078
0 0.2 0.51465 0.2 0.54395 0.28276 0.54395 0.28276 0.51465
0 0.2 0.49414 0.2 0.50781 0.28391 0.50781 0.28391 0.49414
0 0.37356 0.39746 0.37356 0.43262 0.45862 0.43262 0.45862 0.39746
0 0.2 0.39746 0.2 0.43262 0.28276 0.43262 0.28276 0.39746
0 0.37356 0.30664 0.37356 0.3418 0.45862 0.3418 0.45862 0.30664
0 0.37356 0.25879 0.37356 0.29297 0.45977 0.29297 0.45977 0.25879
0 0.19885 0.32129 0.19885 0.33594 0.28161 0.33594 0.28161 0.32129
0 0.19885 0.28613 0.19885 0.31543 0.28276 0.31543 0.28276 0.28613
0 0.2 0.26465 0.2 0.2793 0.28276 0.2793 0.28276 0.26465
0 0.34943 0.13184 0.34943 0.15137 0.43793 0.15137 0.43793 0.13184
0 0.34828 0.083984 0.34828 0.12402 0.43793 0.12402 0.43793 0.083984
0 0.34943 0.056641 0.34943 0.078125 0.43793 0.078125 0.43793 0.056641
0 0.1977 0.13672 0.1977 0.15625 0.28391 0.15625 0.28391 0.13672
0 0.1977 0.091797 0.1977 0.13086 0.30115 0.13086 0.30115 0.091797
0 0.1977 0.06543 0.1977 0.084961 0.28391 0.084961 0.28391 0.06543
0 0.91264 0.7041 0.91264 0.74121 0.99655 0.74121 0.99655 0.7041
0 0.91034 0.39355 0.91034 0.44043 0.99425 0.44043 0.99425 0.39355
0 0.91034 0.26465 0.91034 0.33691 0.99425 0.33691 0.99425 0.26465
0 0.91149 0.74707 0.91149 0.76465 0.99655 0.76465 0.99655 0.74707
0 0.91149 0.67773 0.91149 0.69531 0.99655 0.69531 0.99655 0.67773
0 0.0045977 0.68555 0.0045977 0.75098 0.086207 0.75098 0.086207 0.68555
0 0.0068966 0.077148 0.0068966 0.14258 0.088506 0.14258 0.088506 0.077148
1 0.9092 0.86719 0.9092 0.9209 0.99885 0.9209 0.99885 0.86719
