0 0.22595 0.11547 0.22595 0.1709 0.28859 0.1709 0.28859 0.11547
0 0.22819 0.25866 0.22819 0.3164 0.29083 0.3164 0.29083 0.25866
0 0.22819 0.40416 0.22819 0.46189 0.29083 0.46189 0.29083 0.40416
0 0.22595 0.55427 0.22595 0.6097 0.28859 0.6097 0.28859 0.55427
0 0.35347 0.62818 0.35347 0.6836 0.41611 0.6836 0.41611 0.62818
0 0.35347 0.48268 0.35347 0.53811 0.41387 0.53811 0.41387 0.48268
0 0.35347 0.33487 0.35347 0.3903 0.41387 0.3903 0.41387 0.33487
0 0.35347 0.18707 0.35347 0.2448 0.41387 0.2448 0.41387 0.18707
0 0.35347 0.04157 0.35347 0.096998 0.41611 0.096998 0.41611 0.04157
0 0.47651 0.11316 0.47651 0.16859 0.53915 0.16859 0.53915 0.11316
0 0.47875 0.26097 0.47875 0.3164 0.54139 0.3164 0.54139 0.26097
0 0.47875 0.40416 0.47875 0.46189 0.54139 0.46189 0.54139 0.40416
0 0.47875 0.55427 0.47875 0.6097 0.54139 0.6097 0.54139 0.55427
0 0.6085 0.62587 0.6085 0.68129 0.66667 0.68129 0.66667 0.62587
0 0.60403 0.48268 0.60403 0.53811 0.66443 0.53811 0.66443 0.48268
0 0.60403 0.32794 0.60403 0.38337 0.66443 0.38337 0.66443 0.32794
0 0.60626 0.18476 0.60626 0.24018 0.66443 0.24018 0.66443 0.18476
0 0.60179 0.036952 0.60179 0.092379 0.65996 0.092379 0.65996 0.036952
0 0.72707 0.11547 0.72707 0.16628 0.78076 0.16628 0.78076 0.11547
0 0.72931 0.25866 0.72931 0.30716 0.783 0.30716 0.783 0.25866
0 0.73154 0.40416 0.73154 0.45497 0.78747 0.45497 0.78747 0.40416
0 0.73378 0.55427 0.73378 0.60508 0.78747 0.60508 0.78747 0.55427
0 0.21253 0.76443 0.21253 0.96305 0.29083 0.96305 0.29083 0.76443
0 0.34452 0.77136 0.34452 0.96074 0.41387 0.96074 0.41387 0.77136
0 0.4698 0.76905 0.4698 0.96074 0.53915 0.96074 0.53915 0.76905
0 0.59284 0.77598 0.59284 0.95843 0.65996 0.95843 0.65996 0.77598
0 0.71141 0.77367 0.71141 0.96074 0.78971 0.96074 0.78971 0.77367
0 0.22819 0.04388 0.22819 0.10624 0.29083 0.10624 0.29083 0.04388
0 0.22819 0.18476 0.22819 0.2448 0.28859 0.2448 0.28859 0.18476
0 0.22819 0.33256 0.22819 0.39261 0.28859 0.39261 0.28859 0.33256
0 0.22819 0.48037 0.22819 0.54273 0.28859 0.54273 0.28859 0.48037
0 0.22595 0.62818 0.22595 0.69053 0.28859 0.69053 0.28859 0.62818
0 0.35347 0.55196 0.35347 0.61432 0.41387 0.61432 0.41387 0.55196
0 0.35123 0.40878 0.35123 0.46882 0.41611 0.46882 0.41611 0.40878
0 0.35123 0.25866 0.35123 0.31871 0.41611 0.31871 0.41611 0.25866
0 0.35123 0.11316 0.35123 0.17321 0.41611 0.17321 0.41611 0.11316
0 0.47427 0.04388 0.47427 0.099307 0.53915 0.099307 0.53915 0.04388
0 0.47427 0.18707 0.47427 0.24249 0.53915 0.24249 0.53915 0.18707
0 0.47651 0.33256 0.47651 0.38799 0.54139 0.38799 0.54139 0.33256
0 0.47651 0.48037 0.47651 0.53349 0.53915 0.53349 0.53915 0.48037
0 0.47875 0.62818 0.47875 0.6836 0.54139 0.6836 0.54139 0.62818
0 0.60403 0.54965 0.60403 0.60508 0.66667 0.60508 0.66667 0.54965
0 0.60179 0.40647 0.60179 0.46189 0.66443 0.46189 0.66443 0.40647
0 0.60179 0.25866 0.60179 0.31409 0.66443 0.31409 0.66443 0.25866
0 0.59955 0.11316 0.59955 0.16859 0.66219 0.16859 0.66219 0.11316
0 0.7226 0.039261 0.7226 0.094688 0.78523 0.094688 0.78523 0.039261
0 0.72483 0.18707 0.72483 0.24018 0.78747 0.24018 0.78747 0.18707
0 0.72707 0.33025 0.72707 0.38337 0.78971 0.38337 0.78971 0.33025
0 0.72483 0.47806 0.72483 0.53349 0.78971 0.53349 0.78971 0.47806
0 0.72931 0.62587 0.72931 0.68129 0.79195 0.68129 0.79195 0.62587
0 0.11633 0.15012 0.11633 0.18014 0.13647 0.18014 0.13647 0.15012
0 0.11633 0.36721 0.11633 0.39723 0.13423 0.39723 0.13423 0.36721
0 0.11409 0.5843 0.11409 0.61432 0.13199 0.61432 0.13199 0.5843
