0 0.26087 0.37598 0.26087 0.4209 0.36185 0.4209 0.36185 0.37598
0 0.25806 0.45605 0.25806 0.50586 0.36606 0.50586 0.36606 0.45605
0 0.25947 0.54297 0.25947 0.59277 0.36606 0.59277 0.36606 0.54297
0 0.25947 0.62402 0.25947 0.67383 0.36606 0.67383 0.36606 0.62402
0 0.45863 0.37402 0.45863 0.41895 0.54698 0.41895 0.54698 0.37402
0 0.45582 0.45508 0.45582 0.5 0.54698 0.5 0.54698 0.45508
0 0.4418 0.53906 0.4418 0.58398 0.54698 0.58398 0.54698 0.53906
0 0.4446 0.62402 0.4446 0.66504 0.54979 0.66504 0.54979 0.62402
0 0.62693 0.36914 0.62693 0.41797 0.73212 0.41797 0.73212 0.36914
0 0.62272 0.45215 0.62272 0.50293 0.72931 0.50293 0.72931 0.45215
0 0.62132 0.53711 0.62132 0.58691 0.72931 0.58691 0.72931 0.53711
0 0.62272 0.61719 0.62272 0.66699 0.72931 0.66699 0.72931 0.61719
0 0.25806 0.77441 0.25806 0.80176 0.36466 0.80176 0.36466 0.77441
0 0.4418 0.76953 0.4418 0.79688 0.54839 0.79688 0.54839 0.76953
0 0.61992 0.7666 0.61992 0.79297 0.72651 0.79297 0.72651 0.7666
0 0.25947 0.74121 0.25947 0.76172 0.36185 0.76172 0.36185 0.74121
0 0.43899 0.73828 0.43899 0.76367 0.54558 0.76367 0.54558 0.73828
0 0.62272 0.73438 0.62272 0.75879 0.72931 0.75879 0.72931 0.73438
0 0.25526 0.24121 0.25526 0.27051 0.36746 0.27051 0.36746 0.24121
0 0.25526 0.27539 0.25526 0.30566 0.36746 0.30566 0.36746 0.27539
0 0.4432 0.23828 0.4432 0.2666 0.54698 0.2666 0.54698 0.23828
0 0.4432 0.27344 0.4432 0.30176 0.54839 0.30176 0.54839 0.27344
0 0.62693 0.23633 0.62693 0.26465 0.73212 0.26465 0.73212 0.23633
0 0.62693 0.27148 0.62693 0.2998 0.73212 0.2998 0.73212 0.27148
0 0.79944 0.23633 0.79944 0.29883 0.90603 0.29883 0.90603 0.23633
0 0.79944 0.073242 0.79944 0.13574 0.90743 0.13574 0.90743 0.073242
0 0.79102 0.73145 0.79102 0.79395 0.89762 0.79395 0.89762 0.73145
0 0.24684 0.87207 0.24684 0.97559 0.36325 0.97559 0.36325 0.87207
0 0.4432 0.86719 0.4432 0.9707 0.54278 0.9707 0.54278 0.86719
0 0.62412 0.86328 0.62412 0.96582 0.7237 0.96582 0.7237 0.86328
0 0.62693 0.048828 0.62693 0.1582 0.73773 0.1582 0.73773 0.048828
0 0.446 0.052734 0.446 0.16309 0.55259 0.16309 0.55259 0.052734
0 0.24965 0.056641 0.24965 0.16602 0.36606 0.16602 0.36606 0.056641
0 0.82328 0.40137 0.82328 0.42188 0.8878 0.42188 0.8878 0.40137
0 0.82328 0.4375 0.82328 0.45703 0.8878 0.45703 0.8878 0.4375
0 0.81907 0.56836 0.81907 0.58789 0.88359 0.58789 0.88359 0.56836
0 0.81767 0.60254 0.81767 0.62305 0.88219 0.62305 0.88219 0.60254
0 0.1094 0.37305 0.1094 0.47754 0.15849 0.47754 0.15849 0.37305
0 0.1136 0.53418 0.1136 0.65625 0.16129 0.65625 0.16129 0.53418
0 0.1094 0.26953 0.1094 0.31152 0.15708 0.31152 0.15708 0.26953
0 0.1122 0.7168 0.1122 0.75391 0.15849 0.75391 0.15849 0.7168
1 0.89481 0.39941 0.89481 0.4541 0.99299 0.4541 0.99299 0.39941
1 0.89201 0.56445 0.89201 0.61914 0.98878 0.61914 0.98878 0.56445
