0 0.037677 0.070312 0.037677 0.10547 0.12245 0.10547 0.12245 0.070312
0 0.22292 0.070312 0.22292 0.10547 0.32967 0.10547 0.32967 0.070312
0 0.43014 0.070312 0.43014 0.10645 0.53532 0.10645 0.53532 0.070312
0 0.16327 0.19531 0.16327 0.23047 0.27943 0.23047 0.27943 0.19531
0 0.37834 0.19824 0.37834 0.23145 0.4898 0.23145 0.4898 0.19824
0 0.37991 0.52734 0.37991 0.55957 0.49294 0.55957 0.49294 0.52734
0 0.63265 0.068359 0.63265 0.10254 0.74097 0.10254 0.74097 0.068359
0 0.5887 0.19727 0.5887 0.23242 0.70016 0.23242 0.70016 0.19727
0 0.38148 0.44824 0.38148 0.48047 0.49451 0.48047 0.49451 0.44824
0 0.59184 0.44824 0.59184 0.48047 0.70487 0.48047 0.70487 0.44824
0 0.59184 0.52539 0.59184 0.55762 0.7033 0.55762 0.7033 0.52539
0 0.38148 0.37109 0.38148 0.40332 0.49451 0.40332 0.49451 0.37109
0 0.38305 0.30273 0.38305 0.33496 0.49451 0.33496 0.49451 0.30273
0 0.59184 0.30273 0.59184 0.33496 0.70487 0.33496 0.70487 0.30273
0 0.59341 0.37109 0.59341 0.40332 0.70644 0.40332 0.70644 0.37109
0 0.38148 0.60645 0.38148 0.63867 0.49451 0.63867 0.49451 0.60645
0 0.59184 0.60352 0.59184 0.63574 0.70487 0.63574 0.70487 0.60352
0 0.59184 0.67188 0.59184 0.7041 0.7033 0.7041 0.7033 0.67188
0 0.38305 0.6748 0.38305 0.70703 0.49451 0.70703 0.49451 0.6748
0 0.16954 0.67578 0.16954 0.70801 0.28257 0.70801 0.28257 0.67578
0 0.16954 0.60742 0.16954 0.63965 0.28257 0.63965 0.28257 0.60742
0 0.16797 0.52832 0.16797 0.56055 0.27943 0.56055 0.27943 0.52832
0 0.16954 0.44922 0.16954 0.48145 0.28257 0.48145 0.28257 0.44922
0 0.17111 0.37207 0.17111 0.4043 0.28414 0.4043 0.28414 0.37207
0 0.16797 0.30371 0.16797 0.33594 0.281 0.33594 0.281 0.30371
0 0.37991 0.77148 0.37991 0.80469 0.49137 0.80469 0.49137 0.77148
0 0.16327 0.77344 0.16327 0.80664 0.27943 0.80664 0.27943 0.77344
0 0.59184 0.77148 0.59184 0.80469 0.7033 0.80469 0.7033 0.77148
0 0.57771 0.89551 0.57771 0.95898 0.68917 0.95898 0.68917 0.89551
0 0.37049 0.89941 0.37049 0.95703 0.47567 0.95703 0.47567 0.89941
0 0.80691 0.30078 0.80691 0.33594 0.92308 0.33594 0.92308 0.30078
0 0.80691 0.44727 0.80691 0.48242 0.92308 0.48242 0.92308 0.44727
0 0.80691 0.52344 0.80691 0.55859 0.92308 0.55859 0.92308 0.52344
0 0.80691 0.60254 0.80691 0.6377 0.92465 0.6377 0.92465 0.60254
0 0.80534 0.66992 0.80534 0.70508 0.92308 0.70508 0.92308 0.66992
1 0.8179 0.17383 0.8179 0.25098 0.99686 0.25098 0.99686 0.17383
1 0.83359 0.75781 0.83359 0.81152 0.99372 0.81152 0.99372 0.75781
1 0.78807 0.89648 0.78807 0.95508 0.99843 0.95508 0.99843 0.89648
