0 0.40234 0.15755 0.40234 0.19271 0.45117 0.19271 0.45117 0.15755
0 0.40234 0.23177 0.40234 0.26693 0.45117 0.26693 0.45117 0.23177
0 0.40234 0.29557 0.40234 0.33073 0.45117 0.33073 0.45117 0.29557
0 0.50879 0.15755 0.50879 0.19401 0.56152 0.19401 0.56152 0.15755
0 0.50879 0.23438 0.50879 0.26953 0.56152 0.26953 0.56152 0.23438
0 0.50879 0.29688 0.50879 0.33203 0.54004 0.33203 0.54004 0.29688
0 0.40234 0.3763 0.40234 0.41016 0.45215 0.41016 0.45215 0.3763
0 0.40234 0.4388 0.40234 0.47266 0.45215 0.47266 0.45215 0.4388
0 0.40332 0.51432 0.40332 0.54948 0.45312 0.54948 0.45312 0.51432
0 0.50879 0.3776 0.50879 0.41146 0.5625 0.41146 0.5625 0.3776
0 0.50879 0.4401 0.50879 0.47396 0.5625 0.47396 0.5625 0.4401
0 0.50977 0.51823 0.50977 0.55078 0.5625 0.55078 0.5625 0.51823
0 0.40234 0.65104 0.40234 0.6888 0.45215 0.6888 0.45215 0.65104
0 0.50879 0.65234 0.50879 0.69141 0.5625 0.69141 0.5625 0.65234
0 0.61914 0.65234 0.61914 0.6901 0.67188 0.6901 0.67188 0.65234
0 0.61914 0.51693 0.61914 0.55078 0.67285 0.55078 0.67285 0.51693
0 0.61914 0.4401 0.61914 0.47396 0.67188 0.47396 0.67188 0.4401
0 0.61914 0.3763 0.61914 0.41016 0.67188 0.41016 0.67188 0.3763
0 0.61914 0.29818 0.61914 0.33203 0.65332 0.33203 0.65332 0.29818
0 0.61914 0.23438 0.61914 0.26953 0.67285 0.26953 0.67285 0.23438
0 0.61914 0.15885 0.61914 0.19271 0.67188 0.19271 0.67188 0.15885
0 0.72852 0.15885 0.72852 0.19271 0.78125 0.19271 0.78125 0.15885
0 0.72852 0.23568 0.72852 0.26953 0.78125 0.26953 0.78125 0.23568
0 0.83496 0.15755 0.83496 0.19271 0.88867 0.19271 0.88867 0.15755
0 0.83496 0.23828 0.83496 0.27214 0.88867 0.27214 0.88867 0.23828
0 0.83496 0.29948 0.83496 0.33333 0.88867 0.33333 0.88867 0.29948
0 0.72852 0.29948 0.72852 0.33333 0.76953 0.33333 0.76953 0.29948
0 0.72852 0.3776 0.72852 0.41146 0.78223 0.41146 0.78223 0.3776
0 0.72852 0.4401 0.72852 0.47396 0.78223 0.47396 0.78223 0.4401
0 0.72852 0.51693 0.72852 0.55078 0.78223 0.55078 0.78223 0.51693
0 0.83496 0.37891 0.83496 0.41276 0.88867 0.41276 0.88867 0.37891
0 0.83496 0.4388 0.83496 0.47266 0.88867 0.47266 0.88867 0.4388
0 0.83496 0.51693 0.83496 0.55078 0.88867 0.55078 0.88867 0.51693
0 0.72852 0.65104 0.72852 0.6888 0.78223 0.6888 0.78223 0.65104
0 0.83496 0.65234 0.83496 0.6888 0.88965 0.6888 0.88965 0.65234
0 0.4043 0.09375 0.4043 0.1276 0.45215 0.1276 0.45215 0.09375
0 0.50879 0.092448 0.50879 0.12891 0.5625 0.12891 0.5625 0.092448
0 0.61914 0.095052 0.61914 0.13021 0.67285 0.13021 0.67285 0.095052
0 0.72852 0.096354 0.72852 0.13021 0.78125 0.13021 0.78125 0.096354
0 0.83594 0.095052 0.83594 0.12891 0.89062 0.12891 0.89062 0.095052
0 0.94043 0.38151 0.94043 0.41276 0.9834 0.41276 0.9834 0.38151
0 0.94043 0.44271 0.94043 0.47266 0.9834 0.47266 0.9834 0.44271
0 0.94043 0.52083 0.94043 0.55208 0.9834 0.55208 0.9834 0.52083
0 0.94141 0.24219 0.94141 0.27214 0.98438 0.27214 0.98438 0.24219
0 0.94141 0.16146 0.94141 0.19141 0.98438 0.19141 0.98438 0.16146
1 0.92773 0.30208 0.92773 0.33854 0.98535 0.33854 0.98535 0.30208
