0 0.33803 0.086914 0.33803 0.12793 0.46197 0.12793 0.46197 0.086914
0 0.33662 0.26367 0.33662 0.30469 0.46056 0.30469 0.46056 0.26367
0 0.32817 0.48828 0.32817 0.5332 0.45634 0.5332 0.45634 0.48828
0 0.33803 0.71484 0.33803 0.75684 0.46338 0.75684 0.46338 0.71484
0 0.34085 0.88965 0.34085 0.93164 0.46479 0.93164 0.46479 0.88965
0 0.77465 0.26562 0.77465 0.30566 0.86901 0.30566 0.86901 0.26562
0 0.77042 0.7168 0.77042 0.75684 0.86338 0.75684 0.86338 0.7168
0 0.22113 0.087891 0.22113 0.12793 0.26761 0.12793 0.26761 0.087891
0 0.22676 0.26855 0.22676 0.30957 0.27324 0.30957 0.27324 0.26855
0 0.21831 0.49121 0.21831 0.53223 0.26479 0.53223 0.26479 0.49121
0 0.22254 0.89062 0.22254 0.93164 0.26901 0.93164 0.26901 0.89062
0 0.22535 0.71484 0.22535 0.75586 0.27324 0.75586 0.27324 0.71484
1 0.79296 0.45703 0.79296 0.5625 0.99437 0.5625 0.99437 0.45703
