0 0.17383 0.044543 0.17383 0.14031 0.22949 0.14031 0.22949 0.044543
0 0.17285 0.16258 0.17285 0.25835 0.22852 0.25835 0.22852 0.16258
0 0.17285 0.28285 0.17285 0.37862 0.22852 0.37862 0.22852 0.28285
0 0.17285 0.40089 0.17285 0.49443 0.22852 0.49443 0.22852 0.40089
0 0.1748 0.51448 0.1748 0.61024 0.22949 0.61024 0.22949 0.51448
0 0.17383 0.63252 0.17383 0.72829 0.22852 0.72829 0.22852 0.63252
0 0.17383 0.75278 0.17383 0.84633 0.22852 0.84633 0.22852 0.75278
0 0.17383 0.87082 0.17383 0.96659 0.22949 0.96659 0.22949 0.87082
0 0.26172 0.044543 0.26172 0.13586 0.31055 0.13586 0.31055 0.044543
0 0.26074 0.16258 0.26074 0.25612 0.30957 0.25612 0.30957 0.16258
0 0.26074 0.28062 0.26074 0.37194 0.30957 0.37194 0.30957 0.28062
0 0.26074 0.39644 0.26074 0.48998 0.30957 0.48998 0.30957 0.39644
0 0.26074 0.51448 0.26074 0.60802 0.30859 0.60802 0.30859 0.51448
0 0.26074 0.63474 0.26074 0.72829 0.30957 0.72829 0.30957 0.63474
0 0.26172 0.75056 0.26172 0.84187 0.31055 0.84187 0.31055 0.75056
0 0.2627 0.8686 0.2627 0.96214 0.31055 0.96214 0.31055 0.8686
0 0.34375 0.75724 0.34375 0.84633 0.39453 0.84633 0.39453 0.75724
0 0.34375 0.87082 0.34375 0.95991 0.39453 0.95991 0.39453 0.87082
0 0.34375 0.63697 0.34375 0.72606 0.39355 0.72606 0.39355 0.63697
0 0.34277 0.51893 0.34277 0.60802 0.39355 0.60802 0.39355 0.51893
0 0.34473 0.40089 0.34473 0.48998 0.39551 0.48998 0.39551 0.40089
0 0.34277 0.28285 0.34277 0.37194 0.39355 0.37194 0.39355 0.28285
0 0.34375 0.16704 0.34375 0.25612 0.39453 0.25612 0.39453 0.16704
0 0.34375 0.046771 0.34375 0.13586 0.39453 0.13586 0.39453 0.046771
0 0.42676 0.042316 0.42676 0.13586 0.47949 0.13586 0.47949 0.042316
0 0.42578 0.16258 0.42578 0.25612 0.47852 0.25612 0.47852 0.16258
0 0.42676 0.28062 0.42676 0.37416 0.47852 0.37416 0.47852 0.28062
0 0.42676 0.40312 0.42676 0.4922 0.47852 0.4922 0.47852 0.40312
0 0.42578 0.52339 0.42578 0.61247 0.47754 0.61247 0.47754 0.52339
0 0.42773 0.6392 0.42773 0.72829 0.47949 0.72829 0.47949 0.6392
0 0.42773 0.75724 0.42773 0.84633 0.47949 0.84633 0.47949 0.75724
0 0.42578 0.87973 0.42578 0.96882 0.47754 0.96882 0.47754 0.87973
0 0.51074 0.87751 0.51074 0.96882 0.5625 0.96882 0.5625 0.87751
0 0.51074 0.76169 0.51074 0.85301 0.5625 0.85301 0.5625 0.76169
0 0.51172 0.64588 0.51172 0.73497 0.56348 0.73497 0.56348 0.64588
0 0.51172 0.52784 0.51172 0.61915 0.56445 0.61915 0.56445 0.52784
0 0.51172 0.40312 0.51172 0.49443 0.56445 0.49443 0.56445 0.40312
0 0.51172 0.28285 0.51172 0.37416 0.56445 0.37416 0.56445 0.28285
0 0.51074 0.16481 0.51074 0.25835 0.5625 0.25835 0.5625 0.16481
0 0.51172 0.044543 0.51172 0.13586 0.56445 0.13586 0.56445 0.044543
0 0.59473 0.87973 0.59473 0.97105 0.64648 0.97105 0.64648 0.87973
0 0.59473 0.76169 0.59473 0.85301 0.64746 0.85301 0.64746 0.76169
0 0.5957 0.64365 0.5957 0.73497 0.64844 0.73497 0.64844 0.64365
0 0.5957 0.53229 0.5957 0.62361 0.64844 0.62361 0.64844 0.53229
0 0.59668 0.40312 0.59668 0.49666 0.64844 0.49666 0.64844 0.40312
0 0.59766 0.28731 0.59766 0.37862 0.64941 0.37862 0.64941 0.28731
0 0.59766 0.16481 0.59766 0.25835 0.64941 0.25835 0.64941 0.16481
0 0.59766 0.048998 0.59766 0.14031 0.64941 0.14031 0.64941 0.048998
0 0.68066 0.048998 0.68066 0.14031 0.73242 0.14031 0.73242 0.048998
0 0.68164 0.16481 0.68164 0.25835 0.73438 0.25835 0.73438 0.16481
0 0.68164 0.28731 0.68164 0.37862 0.7334 0.37862 0.7334 0.28731
0 0.67969 0.40535 0.67969 0.49889 0.73242 0.49889 0.73242 0.40535
0 0.67969 0.53007 0.67969 0.62138 0.73242 0.62138 0.73242 0.53007
0 0.68066 0.6392 0.68066 0.73051 0.73242 0.73051 0.73242 0.6392
0 0.67871 0.76615 0.67871 0.85969 0.73145 0.85969 0.73145 0.76615
0 0.77637 0.048998 0.77637 0.15145 0.8457 0.15145 0.8457 0.048998
0 0.77637 0.15813 0.77637 0.26058 0.84668 0.26058 0.84668 0.15813
0 0.77441 0.28953 0.77441 0.39198 0.84473 0.39198 0.84473 0.28953
0 0.77441 0.39866 0.77441 0.50111 0.84375 0.50111 0.84375 0.39866
0 0.77441 0.52784 0.77441 0.63029 0.84375 0.63029 0.84375 0.52784
0 0.77344 0.63474 0.77344 0.73051 0.84375 0.73051 0.84375 0.63474
0 0.77344 0.76837 0.77344 0.86637 0.8418 0.86637 0.8418 0.76837
0 0.89453 0.29399 0.89453 0.4922 0.95996 0.4922 0.95996 0.29399
0 0.89551 0.055679 0.89551 0.25167 0.96094 0.25167 0.96094 0.055679
0 0.09375 0.046771 0.09375 0.13808 0.14062 0.13808 0.14062 0.046771
0 0.092773 0.16481 0.092773 0.26281 0.1377 0.26281 0.1377 0.16481
0 0.092773 0.27617 0.092773 0.37416 0.1377 0.37416 0.1377 0.27617
0 0.092773 0.39421 0.092773 0.4922 0.1377 0.4922 0.1377 0.39421
0 0.09375 0.51225 0.09375 0.61024 0.13867 0.61024 0.13867 0.51225
0 0.09375 0.63252 0.09375 0.73051 0.13867 0.73051 0.13867 0.63252
0 0.09375 0.74388 0.09375 0.8441 0.13867 0.8441 0.13867 0.74388
0 0.09375 0.85969 0.09375 0.95991 0.13867 0.95991 0.13867 0.85969
