0 0.40137 0.21745 0.40137 0.25781 0.45996 0.25781 0.45996 0.21745
0 0.51172 0.21745 0.51172 0.25781 0.57031 0.25781 0.57031 0.21745
0 0.51172 0.3125 0.51172 0.35286 0.57129 0.35286 0.57129 0.3125
0 0.40137 0.33724 0.40137 0.42188 0.45898 0.42188 0.45898 0.33724
0 0.51074 0.40495 0.51074 0.44922 0.57129 0.44922 0.57129 0.40495
0 0.51172 0.50391 0.51172 0.54557 0.57129 0.54557 0.57129 0.50391
0 0.40234 0.50521 0.40234 0.54427 0.45898 0.54427 0.45898 0.50521
0 0.40137 0.63151 0.40137 0.66406 0.45801 0.66406 0.45801 0.63151
0 0.40137 0.68359 0.40137 0.71484 0.45801 0.71484 0.45801 0.68359
0 0.51074 0.63151 0.51074 0.66406 0.57031 0.66406 0.57031 0.63151
0 0.51074 0.68359 0.51074 0.71615 0.57031 0.71615 0.57031 0.68359
0 0.62402 0.63281 0.62402 0.66536 0.69141 0.66536 0.69141 0.63281
0 0.625 0.6849 0.625 0.71875 0.69141 0.71875 0.69141 0.6849
0 0.74902 0.63151 0.74902 0.66536 0.81055 0.66536 0.81055 0.63151
0 0.74902 0.6849 0.74902 0.71745 0.81055 0.71745 0.81055 0.6849
1 0.87793 0.6263 0.87793 0.72656 0.98145 0.72656 0.98145 0.6263
0 0.87695 0.50651 0.87695 0.54557 0.95215 0.54557 0.95215 0.50651
0 0.87793 0.40495 0.87793 0.45182 0.95312 0.45182 0.95312 0.40495
0 0.87793 0.30729 0.87793 0.35547 0.95312 0.35547 0.95312 0.30729
1 0.8623 0.20052 0.8623 0.26953 0.98145 0.26953 0.98145 0.20052
0 0.74902 0.21615 0.74902 0.25651 0.81152 0.25651 0.81152 0.21615
0 0.74902 0.3112 0.74902 0.35286 0.81055 0.35286 0.81055 0.3112
0 0.74902 0.40885 0.74902 0.44922 0.81152 0.44922 0.81152 0.40885
0 0.74902 0.50391 0.74902 0.54427 0.81152 0.54427 0.81152 0.50391
0 0.62598 0.50521 0.62598 0.54557 0.69141 0.54557 0.69141 0.50521
0 0.625 0.40495 0.625 0.45052 0.71777 0.45052 0.71777 0.40495
0 0.625 0.3125 0.625 0.35286 0.71777 0.35286 0.71777 0.3125
0 0.625 0.21615 0.625 0.25651 0.69141 0.25651 0.69141 0.21615
0 0.3623 0.21484 0.3623 0.25911 0.37402 0.25911 0.37402 0.21484
0 0.3623 0.3112 0.3623 0.35547 0.37402 0.35547 0.37402 0.3112
0 0.36328 0.40495 0.36328 0.44922 0.37402 0.44922 0.37402 0.40495
0 0.3623 0.5013 0.3623 0.54688 0.37305 0.54688 0.37305 0.5013
0 0.36133 0.64844 0.36133 0.69792 0.37305 0.69792 0.37305 0.64844
0 0.39941 0.096354 0.39941 0.13151 0.45996 0.13151 0.45996 0.096354
0 0.39941 0.045573 0.39941 0.079427 0.46094 0.079427 0.46094 0.045573
0 0.50879 0.096354 0.50879 0.13021 0.57129 0.13021 0.57129 0.096354
0 0.62305 0.096354 0.62305 0.12891 0.69141 0.12891 0.69141 0.096354
0 0.36133 0.063802 0.36133 0.11328 0.37305 0.11328 0.37305 0.063802
