1 0.88086 0.70703 0.88086 0.78125 0.9873 0.78125 0.9873 0.70703
0 0.76855 0.7487 0.76855 0.78125 0.82129 0.78125 0.82129 0.7487
0 0.76758 0.70573 0.76758 0.73698 0.82031 0.73698 0.82031 0.70573
0 0.64648 0.70703 0.64648 0.78125 0.72461 0.78125 0.72461 0.70703
0 0.50391 0.69792 0.50391 0.79167 0.58887 0.79167 0.58887 0.69792
0 0.37402 0.69922 0.37402 0.79297 0.45508 0.79297 0.45508 0.69922
0 0.25879 0.7513 0.25879 0.78646 0.32227 0.78646 0.32227 0.7513
0 0.25879 0.70573 0.25879 0.73958 0.32227 0.73958 0.32227 0.70573
0 0.5127 0.35417 0.5127 0.40234 0.58398 0.40234 0.58398 0.35417
0 0.64551 0.35286 0.64551 0.40234 0.71875 0.40234 0.71875 0.35286
0 0.64453 0.24349 0.64453 0.29427 0.7168 0.29427 0.7168 0.24349
0 0.51172 0.24479 0.51172 0.29427 0.58301 0.29427 0.58301 0.24479
0 0.79102 0.35286 0.79102 0.40885 0.87305 0.40885 0.87305 0.35286
0 0.78906 0.24479 0.78906 0.29948 0.87305 0.29948 0.87305 0.24479
0 0.91211 0.35026 0.91211 0.40495 0.98926 0.40495 0.98926 0.35026
0 0.91113 0.24089 0.91113 0.29557 0.98926 0.29557 0.98926 0.24089
0 0.91406 0.56771 0.91406 0.6237 0.9873 0.6237 0.9873 0.56771
0 0.91309 0.45964 0.91309 0.51432 0.9873 0.51432 0.9873 0.45964
0 0.79297 0.57031 0.79297 0.625 0.875 0.625 0.875 0.57031
0 0.79102 0.46224 0.79102 0.51693 0.87305 0.51693 0.87305 0.46224
0 0.64746 0.57161 0.64746 0.62109 0.71875 0.62109 0.71875 0.57161
0 0.64648 0.46354 0.64648 0.51302 0.71875 0.51302 0.71875 0.46354
0 0.51465 0.57161 0.51465 0.62109 0.58496 0.62109 0.58496 0.57161
0 0.51367 0.46354 0.51367 0.51302 0.58496 0.51302 0.58496 0.46354
0 0.38281 0.57292 0.38281 0.6224 0.45312 0.6224 0.45312 0.57292
0 0.38184 0.46354 0.38184 0.51432 0.45215 0.51432 0.45215 0.46354
0 0.26465 0.57552 0.26465 0.6237 0.32812 0.6237 0.32812 0.57552
0 0.26367 0.46615 0.26367 0.51432 0.32617 0.51432 0.32617 0.46615
0 0.38184 0.35547 0.38184 0.40495 0.45117 0.40495 0.45117 0.35547
0 0.38086 0.24479 0.38086 0.29427 0.4502 0.29427 0.4502 0.24479
0 0.2627 0.35547 0.2627 0.40495 0.32617 0.40495 0.32617 0.35547
0 0.26172 0.24609 0.26172 0.29557 0.32617 0.29557 0.32617 0.24609
0 0.25488 0.125 0.25488 0.15885 0.31934 0.15885 0.31934 0.125
0 0.25391 0.079427 0.25391 0.11328 0.31738 0.11328 0.31738 0.079427
0 0.44629 0.88542 0.44629 0.91927 0.50879 0.91927 0.50879 0.88542
0 0.44531 0.92578 0.44531 0.96354 0.50977 0.96354 0.50977 0.92578
0 0.57812 0.87891 0.57812 0.91406 0.63867 0.91406 0.63867 0.87891
0 0.32031 0.88281 0.32031 0.92057 0.38184 0.92057 0.38184 0.88281
0 0.31934 0.92839 0.31934 0.96484 0.38086 0.96484 0.38086 0.92839
0 0.15723 0.080729 0.15723 0.16016 0.19629 0.16016 0.19629 0.080729
0 0.36816 0.070312 0.36816 0.16667 0.44922 0.16667 0.44922 0.070312
0 0.5 0.067708 0.5 0.16797 0.59766 0.16797 0.59766 0.067708
