0 0.11914 0.11758 0.11914 0.19121 0.21777 0.19121 0.21777 0.11758
0 0.11914 0.29231 0.11914 0.36484 0.2168 0.36484 0.2168 0.29231
0 0.34082 0.11868 0.34082 0.19231 0.46875 0.19231 0.46875 0.11868
0 0.34082 0.29231 0.34082 0.36484 0.46875 0.36484 0.46875 0.29231
0 0.12109 0.46703 0.12109 0.53846 0.2168 0.53846 0.2168 0.46703
0 0.11914 0.63626 0.11914 0.70769 0.2168 0.70769 0.2168 0.63626
0 0.34082 0.46484 0.34082 0.53846 0.4668 0.53846 0.4668 0.46484
0 0.33984 0.63626 0.33984 0.70659 0.4668 0.70659 0.4668 0.63626
0 0.11914 0.80549 0.11914 0.87802 0.21582 0.87802 0.21582 0.80549
0 0.33887 0.80659 0.33887 0.87912 0.4668 0.87912 0.4668 0.80659
0 0.56934 0.11099 0.56934 0.2011 0.74023 0.2011 0.74023 0.11099
0 0.56934 0.28462 0.56934 0.37582 0.73926 0.37582 0.73926 0.28462
0 0.82129 0.12308 0.82129 0.19121 0.92285 0.19121 0.92285 0.12308
0 0.82031 0.2967 0.82031 0.36593 0.9209 0.36593 0.9209 0.2967
0 0.56641 0.62857 0.56641 0.71758 0.73926 0.71758 0.73926 0.62857
0 0.56543 0.7967 0.56543 0.88681 0.7373 0.88681 0.7373 0.7967
0 0.81836 0.63956 0.81836 0.70769 0.91992 0.70769 0.91992 0.63956
0 0.81641 0.81099 0.81641 0.88132 0.91992 0.88132 0.91992 0.81099
0 0.56836 0.45714 0.56836 0.54725 0.73828 0.54725 0.73828 0.45714
0 0.81934 0.46813 0.81934 0.53736 0.9209 0.53736 0.9209 0.46813
