0 0.35982 0.19771 0.35982 0.24673 0.4702 0.24673 0.4702 0.19771
0 0.55408 0.20098 0.55408 0.25163 0.66446 0.25163 0.66446 0.20098
0 0.55408 0.039216 0.55408 0.088235 0.66446 0.088235 0.66446 0.039216
0 0.36865 0.011438 0.36865 0.062092 0.47903 0.062092 0.47903 0.011438
0 0.31126 0.44935 0.31126 0.49673 0.39514 0.49673 0.39514 0.44935
0 0.31347 0.51307 0.31347 0.56046 0.39735 0.56046 0.39735 0.51307
0 0.31567 0.5719 0.31567 0.61928 0.40177 0.61928 0.40177 0.5719
0 0.31788 0.63562 0.31788 0.68301 0.40177 0.68301 0.40177 0.63562
0 0.32009 0.69118 0.32009 0.73856 0.40397 0.73856 0.40397 0.69118
0 0.32009 0.75163 0.32009 0.79575 0.40618 0.79575 0.40618 0.75163
0 0.3245 0.80882 0.3245 0.85294 0.40839 0.85294 0.40839 0.80882
0 0.32671 0.86275 0.32671 0.90686 0.4106 0.90686 0.4106 0.86275
0 0.32671 0.91993 0.32671 0.96405 0.4128 0.96405 0.4128 0.91993
0 0.46799 0.44771 0.46799 0.5 0.5585 0.5 0.5585 0.44771
0 0.46799 0.50654 0.46799 0.55882 0.55629 0.55882 0.55629 0.50654
0 0.46799 0.56863 0.46799 0.62092 0.5585 0.62092 0.5585 0.56863
0 0.4702 0.63562 0.4702 0.67974 0.56071 0.67974 0.56071 0.63562
0 0.4702 0.69444 0.4702 0.7402 0.5585 0.7402 0.5585 0.69444
0 0.4702 0.75163 0.4702 0.79739 0.5585 0.79739 0.5585 0.75163
0 0.47461 0.80719 0.47461 0.85294 0.56291 0.85294 0.56291 0.80719
0 0.47461 0.86438 0.47461 0.91013 0.56291 0.91013 0.56291 0.86438
0 0.47461 0.9183 0.47461 0.96405 0.56291 0.96405 0.56291 0.9183
0 0.62472 0.69608 0.62472 0.74183 0.71302 0.74183 0.71302 0.69608
0 0.62252 0.63725 0.62252 0.68301 0.71082 0.68301 0.71082 0.63725
0 0.62693 0.75327 0.62693 0.79902 0.71523 0.79902 0.71523 0.75327
0 0.62693 0.81209 0.62693 0.85784 0.71523 0.85784 0.71523 0.81209
0 0.62693 0.86601 0.62693 0.9134 0.71523 0.9134 0.71523 0.86601
0 0.62472 0.92157 0.62472 0.96732 0.71302 0.96732 0.71302 0.92157
0 0.62252 0.57516 0.62252 0.62092 0.71082 0.62092 0.71082 0.57516
0 0.62252 0.51307 0.62252 0.55882 0.71082 0.55882 0.71082 0.51307
0 0.62031 0.45098 0.62031 0.49837 0.72406 0.49837 0.72406 0.45098
0 0.18985 0.21405 0.18985 0.27941 0.22737 0.27941 0.22737 0.21405
1 0.81457 0.91013 0.81457 0.95588 0.9426 0.95588 0.9426 0.91013
