0 0.027344 0.05931 0.027344 0.092414 0.071289 0.092414 0.071289 0.05931
0 0.024414 0.10621 0.024414 0.15034 0.068359 0.15034 0.068359 0.10621
0 0.023438 0.28966 0.023438 0.33379 0.067383 0.33379 0.067383 0.28966
0 0.023438 0.47586 0.023438 0.52 0.067383 0.52 0.067383 0.47586
0 0.022461 0.66207 0.022461 0.70483 0.066406 0.70483 0.066406 0.66207
0 0.024414 0.84828 0.024414 0.89241 0.067383 0.89241 0.067383 0.84828
0 0.024414 0.16414 0.024414 0.19724 0.067383 0.19724 0.067383 0.16414
0 0.024414 0.24276 0.024414 0.27586 0.066406 0.27586 0.066406 0.24276
0 0.024414 0.34897 0.024414 0.38207 0.067383 0.38207 0.067383 0.34897
0 0.023438 0.42759 0.023438 0.45931 0.06543 0.45931 0.06543 0.42759
0 0.022461 0.53517 0.022461 0.5669 0.064453 0.5669 0.064453 0.53517
0 0.022461 0.61241 0.022461 0.64552 0.064453 0.64552 0.064453 0.61241
0 0.024414 0.72 0.024414 0.7531 0.067383 0.7531 0.067383 0.72
0 0.024414 0.79862 0.024414 0.83172 0.066406 0.83172 0.066406 0.79862
0 0.025391 0.90207 0.025391 0.93517 0.067383 0.93517 0.067383 0.90207
0 0.12012 0.89793 0.12012 0.92966 0.16602 0.92966 0.16602 0.89793
0 0.11816 0.79724 0.11816 0.83034 0.16309 0.83034 0.16309 0.79724
0 0.11523 0.84276 0.11523 0.88414 0.16309 0.88414 0.16309 0.84276
0 0.11621 0.71448 0.11621 0.74759 0.16113 0.74759 0.16113 0.71448
0 0.11621 0.61517 0.11621 0.64552 0.16113 0.64552 0.16113 0.61517
0 0.11621 0.53103 0.11621 0.57241 0.16211 0.57241 0.16211 0.53103
0 0.11621 0.34069 0.11621 0.38345 0.16113 0.38345 0.16113 0.34069
0 0.11914 0.16 0.11914 0.20138 0.16504 0.20138 0.16504 0.16
0 0.11523 0.42759 0.11523 0.45655 0.16016 0.45655 0.16016 0.42759
0 0.11719 0.24138 0.11719 0.27034 0.16211 0.27034 0.16211 0.24138
0 0.12012 0.062069 0.12012 0.091034 0.16602 0.091034 0.16602 0.062069
0 0.11328 0.65655 0.11328 0.69655 0.16211 0.69655 0.16211 0.65655
0 0.1123 0.47172 0.1123 0.51172 0.16016 0.51172 0.16016 0.47172
0 0.11621 0.2869 0.11621 0.32828 0.16406 0.32828 0.16406 0.2869
0 0.11523 0.10621 0.11523 0.14759 0.16406 0.14759 0.16406 0.10621
0 0.19531 0.85103 0.19531 0.88552 0.24316 0.88552 0.24316 0.85103
0 0.19824 0.90759 0.19824 0.94207 0.24316 0.94207 0.24316 0.90759
0 0.19629 0.8069 0.19629 0.83724 0.24023 0.83724 0.24023 0.8069
0 0.19434 0.61793 0.19434 0.64828 0.23828 0.64828 0.23828 0.61793
0 0.19336 0.42897 0.19336 0.45931 0.2373 0.45931 0.2373 0.42897
0 0.19434 0.24 0.19434 0.27172 0.23828 0.27172 0.23828 0.24
0 0.19922 0.056552 0.19922 0.093793 0.24219 0.093793 0.24219 0.056552
0 0.19336 0.66207 0.19336 0.70621 0.23926 0.70621 0.23926 0.66207
0 0.19434 0.72414 0.19434 0.75586 0.23828 0.75586 0.23828 0.72414
0 0.19336 0.53517 0.19336 0.56828 0.2373 0.56828 0.2373 0.53517
0 0.19238 0.47448 0.19238 0.52 0.23828 0.52 0.23828 0.47448
0 0.19336 0.28828 0.19336 0.33379 0.23926 0.33379 0.23926 0.28828
0 0.19434 0.10345 0.19434 0.14897 0.24023 0.14897 0.24023 0.10345
0 0.19629 0.16276 0.19629 0.19862 0.24023 0.19862 0.24023 0.16276
0 0.19238 0.34759 0.19238 0.38345 0.2373 0.38345 0.2373 0.34759
0 0.27441 0.05931 0.27441 0.091034 0.33008 0.091034 0.33008 0.05931
0 0.36133 0.05931 0.36133 0.091034 0.41699 0.091034 0.41699 0.05931
0 0.44824 0.056552 0.44824 0.088276 0.50391 0.088276 0.50391 0.056552
0 0.53516 0.057931 0.53516 0.089655 0.58984 0.089655 0.58984 0.057931
0 0.62305 0.056552 0.62305 0.088276 0.67773 0.088276 0.67773 0.056552
0 0.27246 0.16552 0.27246 0.19724 0.32812 0.19724 0.32812 0.16552
0 0.35938 0.16552 0.35938 0.19724 0.41504 0.19724 0.41504 0.16552
0 0.44727 0.16414 0.44727 0.19586 0.50293 0.19586 0.50293 0.16414
0 0.5332 0.16414 0.5332 0.19586 0.58887 0.19586 0.58887 0.16414
0 0.625 0.16552 0.625 0.19724 0.68066 0.19724 0.68066 0.16552
0 0.27441 0.24552 0.27441 0.27724 0.3291 0.27724 0.3291 0.24552
0 0.27344 0.35586 0.27344 0.38759 0.3291 0.38759 0.3291 0.35586
0 0.36133 0.35172 0.36133 0.38345 0.41602 0.38345 0.41602 0.35172
0 0.35938 0.24414 0.35938 0.27586 0.41504 0.27586 0.41504 0.24414
0 0.44824 0.24414 0.44824 0.27448 0.50293 0.27448 0.50293 0.24414
0 0.44824 0.35586 0.44824 0.38759 0.50293 0.38759 0.50293 0.35586
0 0.53613 0.35724 0.53613 0.38759 0.5918 0.38759 0.5918 0.35724
0 0.53418 0.24414 0.53418 0.27586 0.58984 0.27586 0.58984 0.24414
0 0.62402 0.24552 0.62402 0.28 0.68066 0.28 0.68066 0.24552
0 0.62305 0.35448 0.62305 0.39034 0.67969 0.39034 0.67969 0.35448
0 0.27148 0.4331 0.27148 0.46759 0.3291 0.46759 0.3291 0.4331
0 0.27148 0.54345 0.27148 0.57793 0.3291 0.57793 0.3291 0.54345
0 0.3584 0.43448 0.3584 0.46897 0.41504 0.46897 0.41504 0.43448
0 0.3584 0.54483 0.3584 0.57931 0.41504 0.57931 0.41504 0.54483
0 0.44629 0.43448 0.44629 0.46897 0.50391 0.46897 0.50391 0.43448
0 0.44727 0.54621 0.44727 0.58069 0.50488 0.58069 0.50488 0.54621
0 0.53516 0.43724 0.53516 0.47172 0.5918 0.47172 0.5918 0.43724
0 0.53809 0.54759 0.53809 0.58207 0.59473 0.58207 0.59473 0.54759
0 0.625 0.43586 0.625 0.47034 0.68164 0.47034 0.68164 0.43586
0 0.62402 0.54759 0.62402 0.58207 0.68164 0.58207 0.68164 0.54759
0 0.71484 0.54621 0.71484 0.58069 0.77637 0.58069 0.77637 0.54621
0 0.71387 0.43862 0.71387 0.47034 0.77441 0.47034 0.77441 0.43862
0 0.71387 0.35724 0.71387 0.3931 0.77539 0.3931 0.77539 0.35724
0 0.71289 0.24552 0.71289 0.28138 0.77344 0.28138 0.77344 0.24552
0 0.71191 0.16276 0.71191 0.19862 0.77344 0.19862 0.77344 0.16276
0 0.70996 0.057931 0.70996 0.093793 0.77148 0.093793 0.77148 0.057931
0 0.27051 0.62345 0.27051 0.65931 0.33203 0.65931 0.33203 0.62345
0 0.27441 0.73103 0.27441 0.76828 0.33008 0.76828 0.33008 0.73103
0 0.27441 0.80966 0.27441 0.84552 0.33105 0.84552 0.33105 0.80966
0 0.27539 0.91724 0.27539 0.9531 0.33203 0.9531 0.33203 0.91724
0 0.35938 0.62483 0.35938 0.66069 0.41504 0.66069 0.41504 0.62483
0 0.36035 0.73517 0.36035 0.77241 0.41699 0.77241 0.41699 0.73517
0 0.3623 0.81379 0.3623 0.85103 0.41895 0.85103 0.41895 0.81379
0 0.36328 0.92 0.36328 0.95586 0.41895 0.95586 0.41895 0.92
0 0.44824 0.62621 0.44824 0.66345 0.50391 0.66345 0.50391 0.62621
0 0.44922 0.73517 0.44922 0.77103 0.50488 0.77103 0.50488 0.73517
0 0.4502 0.81517 0.4502 0.85103 0.50586 0.85103 0.50586 0.81517
0 0.45117 0.92 0.45117 0.95586 0.50781 0.95586 0.50781 0.92
0 0.53906 0.92276 0.53906 0.95862 0.5957 0.95862 0.5957 0.92276
0 0.53906 0.81655 0.53906 0.85241 0.59473 0.85241 0.59473 0.81655
0 0.53711 0.73793 0.53711 0.77517 0.59375 0.77517 0.59375 0.73793
0 0.53711 0.62621 0.53711 0.66345 0.59277 0.66345 0.59277 0.62621
0 0.625 0.62759 0.625 0.66069 0.68359 0.66069 0.68359 0.62759
0 0.62598 0.73655 0.62598 0.76828 0.68457 0.76828 0.68457 0.73655
0 0.625 0.81517 0.625 0.85103 0.68457 0.85103 0.68457 0.81517
0 0.62598 0.92 0.62598 0.95586 0.68457 0.95586 0.68457 0.92
0 0.71582 0.63034 0.71582 0.66483 0.77441 0.66483 0.77441 0.63034
0 0.71582 0.73379 0.71582 0.76828 0.77441 0.76828 0.77441 0.73379
0 0.71484 0.81241 0.71484 0.84828 0.77344 0.84828 0.77344 0.81241
0 0.71289 0.91724 0.71289 0.9531 0.77148 0.9531 0.77148 0.91724
0 0.27441 0.10897 0.27441 0.14759 0.32812 0.14759 0.32812 0.10897
0 0.36035 0.10621 0.36035 0.14621 0.41406 0.14621 0.41406 0.10621
0 0.27246 0.29379 0.27246 0.33517 0.32715 0.33517 0.32715 0.29379
0 0.35938 0.29379 0.35938 0.33379 0.41406 0.33379 0.41406 0.29379
0 0.44922 0.10483 0.44922 0.14621 0.50391 0.14621 0.50391 0.10483
0 0.44629 0.29655 0.44629 0.33655 0.50098 0.33655 0.50098 0.29655
0 0.53613 0.10621 0.53613 0.14759 0.59082 0.14759 0.59082 0.10621
0 0.53516 0.29379 0.53516 0.33517 0.58984 0.33517 0.58984 0.29379
0 0.62305 0.10621 0.62305 0.14759 0.67773 0.14759 0.67773 0.10621
0 0.62598 0.29517 0.62598 0.33655 0.68066 0.33655 0.68066 0.29517
0 0.71094 0.10759 0.71094 0.14897 0.76953 0.14897 0.76953 0.10759
0 0.71387 0.29793 0.71387 0.33931 0.77344 0.33931 0.77344 0.29793
0 0.71387 0.48552 0.71387 0.52828 0.77539 0.52828 0.77539 0.48552
0 0.27246 0.48414 0.27246 0.52276 0.32617 0.52276 0.32617 0.48414
0 0.36133 0.48552 0.36133 0.52552 0.41504 0.52552 0.41504 0.48552
0 0.4502 0.48828 0.4502 0.5269 0.50293 0.5269 0.50293 0.48828
0 0.53906 0.48966 0.53906 0.52828 0.59277 0.52828 0.59277 0.48966
0 0.62793 0.48966 0.62793 0.52828 0.68164 0.52828 0.68164 0.48966
0 0.62891 0.67862 0.62891 0.71724 0.68262 0.71724 0.68262 0.67862
0 0.53809 0.67862 0.53809 0.71724 0.59668 0.71724 0.59668 0.67862
0 0.44922 0.67724 0.44922 0.71586 0.50781 0.71586 0.50781 0.67724
0 0.3584 0.67862 0.3584 0.71724 0.41699 0.71724 0.41699 0.67862
0 0.27246 0.6731 0.27246 0.71172 0.33105 0.71172 0.33105 0.6731
0 0.27441 0.86207 0.27441 0.90207 0.33301 0.90207 0.33301 0.86207
0 0.36133 0.86483 0.36133 0.90345 0.4209 0.90345 0.4209 0.86483
0 0.45215 0.86759 0.45215 0.90621 0.51074 0.90621 0.51074 0.86759
0 0.53906 0.86483 0.53906 0.90345 0.59766 0.90345 0.59766 0.86483
0 0.625 0.86483 0.625 0.90345 0.68359 0.90345 0.68359 0.86483
0 0.71484 0.86345 0.71484 0.90345 0.77441 0.90345 0.77441 0.86345
0 0.7168 0.67862 0.7168 0.71862 0.77539 0.71862 0.77539 0.67862
0 0.80859 0.063448 0.80859 0.20138 0.87988 0.20138 0.87988 0.063448
0 0.80762 0.24552 0.80762 0.38345 0.87988 0.38345 0.87988 0.24552
0 0.81152 0.4331 0.81152 0.57517 0.88379 0.57517 0.88379 0.4331
0 0.81152 0.62207 0.81152 0.76552 0.87891 0.76552 0.87891 0.62207
0 0.80859 0.80552 0.80859 0.93517 0.87598 0.93517 0.87598 0.80552
1 0.94629 0.10207 0.94629 0.16828 0.99902 0.16828 0.99902 0.10207
