0 0.19824 0.17407 0.19824 0.27778 0.30762 0.27778 0.30762 0.17407
0 0.19531 0.40247 0.19531 0.4679 0.30469 0.4679 0.30469 0.40247
0 0.41113 0.17037 0.41113 0.27407 0.51953 0.27407 0.51953 0.17037
0 0.4082 0.4 0.4082 0.46543 0.51758 0.46543 0.51758 0.4
0 0.19531 0.48889 0.19531 0.55432 0.30371 0.55432 0.30371 0.48889
0 0.40918 0.48642 0.40918 0.55062 0.51758 0.55062 0.51758 0.48642
0 0.19727 0.67407 0.19727 0.77778 0.30566 0.77778 0.30566 0.67407
0 0.41113 0.6716 0.41113 0.77531 0.51953 0.77531 0.51953 0.6716
0 0.61914 0.39877 0.61914 0.4642 0.72852 0.4642 0.72852 0.39877
0 0.61816 0.48642 0.61816 0.55185 0.72754 0.55185 0.72754 0.48642
0 0.62012 0.1716 0.62012 0.27654 0.72852 0.27654 0.72852 0.1716
0 0.62012 0.67037 0.62012 0.77531 0.72852 0.77531 0.72852 0.67037
0 0.8252 0.17037 0.8252 0.27901 0.9502 0.27901 0.9502 0.17037
0 0.82617 0.6679 0.82617 0.77531 0.9502 0.77531 0.9502 0.6679
0 0.40723 0.91975 0.40723 0.98025 0.51855 0.98025 0.51855 0.91975
0 0.19727 0.91852 0.19727 0.98272 0.30566 0.98272 0.30566 0.91852
0 0.6123 0.91852 0.6123 0.97901 0.72363 0.97901 0.72363 0.91852
1 0.8252 0.42593 0.8252 0.5321 0.98438 0.5321 0.98438 0.42593
