0 0.82812 0.36194 0.82812 0.41791 0.91211 0.41791 0.91211 0.36194
1 0.82715 0.53483 0.82715 0.60323 0.97363 0.60323 0.97363 0.53483
0 0.82812 0.72512 0.82812 0.78234 0.91113 0.78234 0.91113 0.72512
0 0.6709 0.36194 0.6709 0.41791 0.75781 0.41791 0.75781 0.36194
0 0.5166 0.36194 0.5166 0.41791 0.60156 0.41791 0.60156 0.36194
0 0.6709 0.72388 0.6709 0.77861 0.75879 0.77861 0.75879 0.72388
0 0.66992 0.54104 0.66992 0.59701 0.75879 0.59701 0.75879 0.54104
0 0.51562 0.72388 0.51562 0.77861 0.60156 0.77861 0.60156 0.72388
0 0.51562 0.54104 0.51562 0.59577 0.59961 0.59577 0.59961 0.54104
0 0.36816 0.72264 0.36816 0.77736 0.44727 0.77736 0.44727 0.72264
0 0.21973 0.72264 0.21973 0.77736 0.29004 0.77736 0.29004 0.72264
0 0.21875 0.5398 0.21875 0.59453 0.28906 0.59453 0.28906 0.5398
0 0.2207 0.36194 0.2207 0.41667 0.29102 0.41667 0.29102 0.36194
0 0.37012 0.54104 0.37012 0.59577 0.44727 0.59577 0.44727 0.54104
0 0.37012 0.36194 0.37012 0.41791 0.44727 0.41791 0.44727 0.36194
0 0.22168 0.93284 0.22168 0.99502 0.28906 0.99502 0.28906 0.93284
0 0.2627 0.15796 0.2627 0.19154 0.33789 0.19154 0.33789 0.15796
0 0.2627 0.072139 0.2627 0.10448 0.33691 0.10448 0.33691 0.072139
0 0.2627 0.1107 0.2627 0.15299 0.33789 0.15299 0.33789 0.1107
0 0.4043 0.1107 0.4043 0.15299 0.47949 0.15299 0.47949 0.1107
0 0.4043 0.16045 0.4043 0.19279 0.47852 0.19279 0.47852 0.16045
0 0.54199 0.15672 0.54199 0.19279 0.62402 0.19279 0.62402 0.15672
