0 0.21597 0.30859 0.21597 0.36133 0.32592 0.36133 0.32592 0.30859
0 0.21597 0.36816 0.21597 0.4209 0.32592 0.4209 0.32592 0.36816
0 0.21466 0.48926 0.21466 0.54199 0.32461 0.54199 0.32461 0.48926
0 0.21728 0.55273 0.21728 0.60547 0.32592 0.60547 0.32592 0.55273
0 0.21335 0.67383 0.21335 0.72656 0.3233 0.72656 0.3233 0.67383
0 0.21466 0.7373 0.21466 0.78906 0.32461 0.78906 0.32461 0.7373
0 0.4555 0.31055 0.4555 0.3623 0.56545 0.3623 0.56545 0.31055
0 0.4555 0.37012 0.4555 0.42285 0.56545 0.42285 0.56545 0.37012
0 0.45419 0.48926 0.45419 0.54199 0.56414 0.54199 0.56414 0.48926
0 0.4555 0.55371 0.4555 0.60645 0.56545 0.60645 0.56545 0.55371
0 0.45812 0.67383 0.45812 0.72656 0.56806 0.72656 0.56806 0.67383
0 0.45681 0.7373 0.45681 0.79004 0.56675 0.79004 0.56675 0.7373
0 0.18979 0.077148 0.18979 0.13574 0.33508 0.13574 0.33508 0.077148
0 0.46728 0.079102 0.46728 0.1377 0.62827 0.1377 0.62827 0.079102
0 0.10209 0.94629 0.10209 0.99805 0.23168 0.99805 0.23168 0.94629
