0 0.2793 0.057441 0.2793 0.12533 0.31152 0.12533 0.31152 0.057441
0 0.33398 0.060052 0.33398 0.12794 0.36523 0.12794 0.36523 0.060052
0 0.39648 0.057441 0.39648 0.12533 0.42773 0.12533 0.42773 0.057441
0 0.45117 0.057441 0.45117 0.12533 0.48242 0.12533 0.48242 0.057441
0 0.50684 0.060052 0.50684 0.12794 0.53809 0.12794 0.53809 0.060052
0 0.56055 0.057441 0.56055 0.12533 0.59277 0.12533 0.59277 0.057441
0 0.61621 0.05483 0.61621 0.12272 0.64746 0.12272 0.64746 0.05483
0 0.6709 0.057441 0.6709 0.12533 0.70215 0.12533 0.70215 0.057441
0 0.73047 0.060052 0.73047 0.12533 0.76758 0.12533 0.76758 0.060052
0 0.22559 0.060052 0.22559 0.12272 0.25684 0.12272 0.25684 0.060052
0 0.22266 0.29765 0.22266 0.36554 0.25586 0.36554 0.25586 0.29765
0 0.22363 0.46475 0.22363 0.53264 0.25586 0.53264 0.25586 0.46475
0 0.22266 0.62924 0.22266 0.69974 0.25586 0.69974 0.25586 0.62924
0 0.22852 0.86684 0.22852 0.93473 0.26074 0.93473 0.26074 0.86684
0 0.2793 0.29765 0.2793 0.36554 0.31152 0.36554 0.31152 0.29765
0 0.27734 0.46475 0.27734 0.53525 0.31055 0.53525 0.31055 0.46475
0 0.27832 0.62663 0.27832 0.69713 0.31152 0.69713 0.31152 0.62663
0 0.28125 0.86423 0.28125 0.93211 0.31445 0.93211 0.31445 0.86423
0 0.33691 0.86684 0.33691 0.93734 0.37012 0.93734 0.37012 0.86684
0 0.33203 0.62663 0.33203 0.69713 0.36523 0.69713 0.36523 0.62663
0 0.33203 0.46214 0.33203 0.53264 0.36523 0.53264 0.36523 0.46214
0 0.33203 0.29765 0.33203 0.36815 0.36523 0.36815 0.36523 0.29765
0 0.39453 0.29765 0.39453 0.36554 0.42676 0.36554 0.42676 0.29765
0 0.39453 0.46475 0.39453 0.53525 0.42676 0.53525 0.42676 0.46475
0 0.39453 0.62924 0.39453 0.69974 0.42773 0.69974 0.42773 0.62924
0 0.39648 0.86423 0.39648 0.93211 0.42969 0.93211 0.42969 0.86423
0 0.45215 0.86423 0.45215 0.93473 0.48535 0.93473 0.48535 0.86423
0 0.44922 0.62924 0.44922 0.69974 0.48242 0.69974 0.48242 0.62924
0 0.44922 0.46475 0.44922 0.53264 0.48145 0.53264 0.48145 0.46475
0 0.44922 0.29765 0.44922 0.36815 0.48242 0.36815 0.48242 0.29765
0 0.50391 0.29765 0.50391 0.36554 0.53613 0.36554 0.53613 0.29765
0 0.50391 0.46736 0.50391 0.53525 0.53613 0.53525 0.53613 0.46736
0 0.50488 0.62924 0.50488 0.69713 0.53809 0.69713 0.53809 0.62924
0 0.50684 0.86423 0.50684 0.93211 0.54004 0.93211 0.54004 0.86423
0 0.56055 0.86684 0.56055 0.93734 0.59375 0.93734 0.59375 0.86684
0 0.55957 0.62924 0.55957 0.69974 0.59277 0.69974 0.59277 0.62924
0 0.55859 0.46475 0.55859 0.53525 0.5918 0.53525 0.5918 0.46475
0 0.55957 0.30026 0.55957 0.37076 0.59277 0.37076 0.59277 0.30026
0 0.61426 0.29765 0.61426 0.36554 0.64746 0.36554 0.64746 0.29765
0 0.61426 0.46475 0.61426 0.53264 0.64746 0.53264 0.64746 0.46475
0 0.6123 0.62924 0.6123 0.69974 0.64551 0.69974 0.64551 0.62924
0 0.61523 0.86423 0.61523 0.93211 0.64844 0.93211 0.64844 0.86423
0 0.66895 0.86423 0.66895 0.93473 0.70215 0.93473 0.70215 0.86423
0 0.66895 0.62924 0.66895 0.69974 0.70117 0.69974 0.70117 0.62924
0 0.66797 0.46214 0.66797 0.53264 0.70117 0.53264 0.70117 0.46214
0 0.66992 0.29765 0.66992 0.36554 0.70312 0.36554 0.70312 0.29765
0 0.73047 0.86684 0.73047 0.93211 0.76758 0.93211 0.76758 0.86684
0 0.72852 0.62924 0.72852 0.69713 0.77344 0.69713 0.77344 0.62924
0 0.73047 0.46214 0.73047 0.53264 0.77539 0.53264 0.77539 0.46214
0 0.06543 0.26893 0.06543 0.38903 0.12598 0.38903 0.12598 0.26893
0 0.06543 0.43864 0.06543 0.56136 0.12695 0.56136 0.12695 0.43864
0 0.06543 0.60836 0.06543 0.72585 0.12695 0.72585 0.12695 0.60836
0 0.13965 0.60313 0.13965 0.72324 0.19336 0.72324 0.19336 0.60313
0 0.1416 0.43081 0.1416 0.55614 0.19336 0.55614 0.19336 0.43081
0 0.13867 0.26893 0.13867 0.38903 0.19336 0.38903 0.19336 0.26893
0 0.1123 0.83029 0.1123 0.91645 0.16602 0.91645 0.16602 0.83029
0 0.17383 0.82507 0.17383 0.91645 0.19629 0.91645 0.19629 0.82507
0 0.16797 0.060052 0.16797 0.17232 0.19336 0.17232 0.19336 0.060052
0 0.1084 0.057441 0.1084 0.1671 0.16016 0.1671 0.16016 0.057441
0 0.79785 0.039164 0.79785 0.14099 0.83105 0.14099 0.83105 0.039164
0 0.79688 0.8564 0.79688 0.95561 0.8291 0.95561 0.8291 0.8564
