0 0.042808 0.77273 0.042808 0.81091 0.10445 0.81091 0.10445 0.77273
0 0.035959 0.45636 0.035959 0.49455 0.097603 0.49455 0.097603 0.45636
0 0.041096 0.64 0.041096 0.66545 0.099315 0.66545 0.099315 0.64
0 0.037671 0.60545 0.037671 0.63091 0.097603 0.63091 0.097603 0.60545
0 0.037671 0.31636 0.037671 0.34182 0.09589 0.34182 0.09589 0.31636
0 0.037671 0.28 0.037671 0.30545 0.09589 0.30545 0.09589 0.28
0 0.19521 0.44727 0.19521 0.5 0.27055 0.5 0.27055 0.44727
0 0.19863 0.77818 0.19863 0.83273 0.27568 0.83273 0.27568 0.77818
0 0.34247 0.77818 0.34247 0.83273 0.42295 0.83273 0.42295 0.77818
0 0.33904 0.45091 0.33904 0.50545 0.42295 0.50545 0.42295 0.45091
0 0.19178 0.11455 0.19178 0.17091 0.26884 0.17091 0.26884 0.11455
0 0.33562 0.11273 0.33562 0.16909 0.41952 0.16909 0.41952 0.11273
0 0.48459 0.11455 0.48459 0.17091 0.57363 0.17091 0.57363 0.11455
0 0.4863 0.44727 0.4863 0.50727 0.57192 0.50727 0.57192 0.44727
0 0.64041 0.44727 0.64041 0.50364 0.73459 0.50364 0.73459 0.44727
0 0.64041 0.11091 0.64041 0.16909 0.73459 0.16909 0.73459 0.11091
0 0.48801 0.77818 0.48801 0.82909 0.57705 0.82909 0.57705 0.77818
0 0.64212 0.77273 0.64212 0.83091 0.72945 0.83091 0.72945 0.77273
0 0.19178 0.26727 0.19178 0.30727 0.28082 0.30727 0.28082 0.26727
0 0.19178 0.31636 0.19178 0.35091 0.27397 0.35091 0.27397 0.31636
0 0.33904 0.31636 0.33904 0.35273 0.42295 0.35273 0.42295 0.31636
0 0.34075 0.26727 0.34075 0.30182 0.44178 0.30182 0.44178 0.26727
0 0.48459 0.27091 0.48459 0.30727 0.5976 0.30727 0.5976 0.27091
0 0.34247 0.64545 0.34247 0.68182 0.44349 0.68182 0.44349 0.64545
0 0.19521 0.64182 0.19521 0.68 0.27911 0.68 0.27911 0.64182
0 0.4863 0.64545 0.4863 0.68182 0.60103 0.68182 0.60103 0.64545
0 0.48459 0.31455 0.48459 0.35091 0.57534 0.35091 0.57534 0.31455
0 0.4863 0.6 0.4863 0.63818 0.57705 0.63818 0.57705 0.6
0 0.19521 0.59636 0.19521 0.63636 0.27226 0.63636 0.27226 0.59636
0 0.33904 0.59636 0.33904 0.63636 0.42295 0.63636 0.42295 0.59636
0 0.64041 0.31636 0.64041 0.35091 0.7363 0.35091 0.7363 0.31636
0 0.64041 0.26727 0.64041 0.30364 0.7363 0.30364 0.7363 0.26727
0 0.63699 0.59818 0.63699 0.63455 0.73288 0.63455 0.73288 0.59818
0 0.6387 0.64182 0.6387 0.67818 0.73459 0.67818 0.73459 0.64182
1 0.82363 0.44364 0.82363 0.50909 0.95548 0.50909 0.95548 0.44364
1 0.82192 0.67636 0.82192 0.73455 0.95205 0.73455 0.95205 0.67636
1 0.82534 0.22545 0.82534 0.28 0.95548 0.28 0.95548 0.22545
