0 0.17225 0.11914 0.17225 0.15137 0.23923 0.15137 0.23923 0.11914
0 0.16906 0.19238 0.16906 0.22461 0.23604 0.22461 0.23604 0.19238
0 0.17065 0.28711 0.17065 0.31934 0.23764 0.31934 0.23764 0.28711
0 0.17384 0.37012 0.17384 0.40234 0.23923 0.40234 0.23923 0.37012
0 0.17065 0.47754 0.17065 0.50977 0.23764 0.50977 0.23764 0.47754
0 0.16906 0.56836 0.16906 0.60059 0.23604 0.60059 0.23604 0.56836
0 0.33493 0.47754 0.33493 0.51074 0.42584 0.51074 0.42584 0.47754
0 0.33333 0.56836 0.33333 0.60254 0.42424 0.60254 0.42424 0.56836
0 0.32376 0.37109 0.32376 0.4043 0.42584 0.4043 0.42584 0.37109
0 0.32217 0.28613 0.32217 0.31934 0.42424 0.31934 0.42424 0.28613
0 0.33014 0.19141 0.33014 0.22461 0.41946 0.22461 0.41946 0.19141
0 0.33014 0.11914 0.33014 0.15234 0.42105 0.15234 0.42105 0.11914
0 0.54067 0.57031 0.54067 0.60547 0.63636 0.60547 0.63636 0.57031
0 0.54067 0.47949 0.54067 0.51367 0.63636 0.51367 0.63636 0.47949
0 0.53748 0.37109 0.53748 0.40527 0.63317 0.40527 0.63317 0.37109
0 0.53589 0.28613 0.53589 0.32031 0.63158 0.32031 0.63158 0.28613
0 0.5327 0.19141 0.5327 0.22656 0.62839 0.22656 0.62839 0.19141
0 0.53429 0.11816 0.53429 0.15234 0.62998 0.15234 0.62998 0.11816
0 0.2185 0.77051 0.2185 0.80664 0.32057 0.80664 0.32057 0.77051
0 0.2185 0.69238 0.2185 0.72949 0.32217 0.72949 0.32217 0.69238
0 0.2185 0.8457 0.2185 0.88184 0.32217 0.88184 0.32217 0.8457
0 0.39394 0.69531 0.39394 0.73145 0.49601 0.73145 0.49601 0.69531
0 0.39394 0.77148 0.39394 0.80859 0.49761 0.80859 0.49761 0.77148
0 0.39394 0.84961 0.39394 0.88574 0.49761 0.88574 0.49761 0.84961
0 0.57416 0.85352 0.57416 0.8877 0.67624 0.8877 0.67624 0.85352
0 0.57416 0.77637 0.57416 0.81152 0.67783 0.81152 0.67783 0.77637
0 0.57416 0.69727 0.57416 0.73145 0.67783 0.73145 0.67783 0.69727
0 0.073365 0.79785 0.073365 0.82031 0.10686 0.82031 0.10686 0.79785
0 0.07177 0.71387 0.07177 0.73633 0.10686 0.73633 0.10686 0.71387
0 0.057416 0.51172 0.057416 0.52734 0.08134 0.52734 0.08134 0.51172
0 0.060606 0.35645 0.060606 0.37207 0.08453 0.37207 0.08453 0.35645
0 0.059011 0.20508 0.059011 0.2207 0.082935 0.2207 0.082935 0.20508
0 0.0015949 0.40234 0.0015949 0.41602 0.020734 0.41602 0.020734 0.40234
0 0.18501 0.97363 0.18501 0.99316 0.21372 0.99316 0.21372 0.97363
1 0.7177 0.29297 0.7177 0.38379 0.90431 0.38379 0.90431 0.29297
1 0.76874 0.56738 0.76874 0.60742 0.89633 0.60742 0.89633 0.56738
