0 0.11426 0.8405 0.11426 0.90153 0.22949 0.90153 0.22949 0.8405
0 0.12988 0.65603 0.12988 0.71706 0.24512 0.71706 0.24512 0.65603
0 0.13379 0.54785 0.13379 0.6061 0.24609 0.6061 0.24609 0.54785
0 0.13574 0.44244 0.13574 0.50069 0.24902 0.50069 0.24902 0.44244
0 0.13965 0.33148 0.13965 0.38974 0.25293 0.38974 0.25293 0.33148
0 0.13965 0.22746 0.13965 0.28433 0.25293 0.28433 0.25293 0.22746
0 0.12988 0.015257 0.12988 0.072122 0.24512 0.072122 0.24512 0.015257
0 0.33008 0.84189 0.33008 0.90153 0.4541 0.90153 0.4541 0.84189
0 0.33984 0.65465 0.33984 0.71429 0.46484 0.71429 0.46484 0.65465
0 0.34277 0.54646 0.34277 0.6061 0.46484 0.6061 0.46484 0.54646
0 0.34375 0.43967 0.34375 0.49931 0.46582 0.49931 0.46582 0.43967
0 0.3457 0.32871 0.3457 0.38835 0.46777 0.38835 0.46777 0.32871
0 0.34668 0.2233 0.34668 0.28155 0.46875 0.28155 0.46875 0.2233
0 0.33984 0.016644 0.33984 0.065187 0.45801 0.065187 0.45801 0.016644
0 0.55371 0.8405 0.55371 0.89736 0.6875 0.89736 0.6875 0.8405
0 0.5625 0.65603 0.5625 0.71429 0.68945 0.71429 0.68945 0.65603
0 0.56152 0.54646 0.56152 0.60472 0.68945 0.60472 0.68945 0.54646
0 0.5625 0.43689 0.5625 0.49376 0.68945 0.49376 0.68945 0.43689
0 0.56055 0.3301 0.56055 0.38835 0.68848 0.38835 0.68848 0.3301
0 0.56152 0.22746 0.56152 0.28433 0.68945 0.28433 0.68945 0.22746
0 0.55371 0.018031 0.55371 0.074896 0.68164 0.074896 0.68164 0.018031
0 0.77637 0.0069348 0.77637 0.1068 0.97559 0.1068 0.97559 0.0069348
0 0.78027 0.26352 0.78027 0.36338 0.98047 0.36338 0.98047 0.26352
0 0.78516 0.8086 0.78516 0.91817 0.99414 0.91817 0.99414 0.8086
1 0.78027 0.40915 0.78027 0.52566 0.97559 0.52566 0.97559 0.40915
