0 0.14266 0.15137 0.14266 0.18066 0.21053 0.18066 0.21053 0.15137
0 0.14127 0.18555 0.14127 0.21484 0.20914 0.21484 0.20914 0.18555
0 0.13989 0.2207 0.13989 0.25 0.20914 0.25 0.20914 0.2207
0 0.13989 0.25586 0.13989 0.28613 0.20776 0.28613 0.20776 0.25586
0 0.1385 0.29199 0.1385 0.32227 0.20637 0.32227 0.20637 0.29199
0 0.13712 0.32715 0.13712 0.35742 0.20637 0.35742 0.20637 0.32715
0 0.13712 0.36426 0.13712 0.39453 0.20637 0.39453 0.20637 0.36426
0 0.13296 0.44727 0.13296 0.47754 0.20222 0.47754 0.20222 0.44727
0 0.13296 0.4834 0.13296 0.51367 0.20222 0.51367 0.20222 0.4834
0 0.13019 0.52051 0.13019 0.5498 0.19945 0.5498 0.19945 0.52051
0 0.13435 0.60547 0.13435 0.63574 0.2036 0.63574 0.2036 0.60547
0 0.13435 0.6416 0.13435 0.67188 0.2036 0.67188 0.2036 0.6416
0 0.13573 0.67773 0.13573 0.70801 0.20499 0.70801 0.20499 0.67773
0 0.13573 0.71484 0.13573 0.74512 0.20499 0.74512 0.20499 0.71484
0 0.13712 0.75 0.13712 0.78027 0.20637 0.78027 0.20637 0.75
0 0.13573 0.78711 0.13573 0.81738 0.20499 0.81738 0.20499 0.78711
0 0.13712 0.82324 0.13712 0.85352 0.20637 0.85352 0.20637 0.82324
0 0.27424 0.77246 0.27424 0.79883 0.3518 0.79883 0.3518 0.77246
0 0.27424 0.74023 0.27424 0.7666 0.3518 0.7666 0.3518 0.74023
0 0.27285 0.65918 0.27285 0.68652 0.35042 0.68652 0.35042 0.65918
0 0.27424 0.62598 0.27424 0.65234 0.35042 0.65234 0.35042 0.62598
0 0.27285 0.48145 0.27285 0.51562 0.35042 0.51562 0.35042 0.48145
0 0.27285 0.34473 0.27285 0.37207 0.35042 0.37207 0.35042 0.34473
0 0.27424 0.3125 0.27424 0.33984 0.3518 0.33984 0.3518 0.3125
0 0.27285 0.23438 0.27285 0.26074 0.35042 0.26074 0.35042 0.23438
0 0.27424 0.2002 0.27424 0.22754 0.3518 0.22754 0.3518 0.2002
0 0.27008 0.086914 0.27008 0.11426 0.34765 0.11426 0.34765 0.086914
0 0.40305 0.088867 0.40305 0.1123 0.49861 0.1123 0.49861 0.088867
0 0.40859 0.2002 0.40859 0.22754 0.50139 0.22754 0.50139 0.2002
0 0.40859 0.22949 0.40859 0.25684 0.5 0.25684 0.5 0.22949
0 0.40859 0.3125 0.40859 0.33984 0.50139 0.33984 0.50139 0.3125
0 0.4072 0.34375 0.4072 0.37109 0.5 0.37109 0.5 0.34375
0 0.40997 0.62598 0.40997 0.65332 0.50139 0.65332 0.50139 0.62598
0 0.40997 0.65918 0.40997 0.68652 0.50277 0.68652 0.50277 0.65918
0 0.40997 0.74121 0.40997 0.76855 0.50277 0.76855 0.50277 0.74121
0 0.40997 0.77441 0.40997 0.80176 0.50277 0.80176 0.50277 0.77441
0 0.40582 0.9043 0.40582 0.93164 0.50277 0.93164 0.50277 0.9043
0 0.40443 0.47949 0.40443 0.5166 0.50416 0.5166 0.50416 0.47949
0 0.55956 0.083008 0.55956 0.11426 0.65651 0.11426 0.65651 0.083008
0 0.55679 0.20801 0.55679 0.25195 0.66205 0.25195 0.66205 0.20801
0 0.55679 0.32031 0.55679 0.36426 0.66343 0.36426 0.66343 0.32031
0 0.55956 0.47656 0.55956 0.52051 0.65928 0.52051 0.65928 0.47656
0 0.55956 0.63477 0.55956 0.67871 0.66482 0.67871 0.66482 0.63477
0 0.55956 0.75 0.55956 0.79395 0.6662 0.79395 0.6662 0.75
0 0.5651 0.90625 0.5651 0.93359 0.66205 0.93359 0.66205 0.90625
0 0.13158 0.067383 0.13158 0.094727 0.2036 0.094727 0.2036 0.067383
0 0.13573 0.099609 0.13573 0.12695 0.20914 0.12695 0.20914 0.099609
0 0.13296 0.91797 0.13296 0.94531 0.20499 0.94531 0.20499 0.91797
0 0.13573 0.88379 0.13573 0.91113 0.20776 0.91113 0.20776 0.88379
0 0.27424 0.90625 0.27424 0.92969 0.35042 0.92969 0.35042 0.90625
0 0.27562 0.45312 0.27562 0.47363 0.3518 0.47363 0.3518 0.45312
0 0.27424 0.52246 0.27424 0.54297 0.35042 0.54297 0.35042 0.52246
0 0.44183 0.45312 0.44183 0.4707 0.50554 0.4707 0.50554 0.45312
0 0.44183 0.52637 0.44183 0.54395 0.50554 0.54395 0.50554 0.52637
0 0.78809 0.9082 0.78809 0.93066 0.87812 0.93066 0.87812 0.9082
