0 0.09082 0.099355 0.09082 0.1729 0.20312 0.1729 0.20312 0.099355
0 0.087891 0.29548 0.087891 0.36903 0.2002 0.36903 0.2002 0.29548
0 0.086914 0.49161 0.086914 0.56516 0.19922 0.56516 0.19922 0.49161
0 0.089844 0.67871 0.089844 0.75226 0.20215 0.75226 0.20215 0.67871
0 0.094727 0.87097 0.094727 0.94452 0.20801 0.94452 0.20801 0.87097
0 0.3125 0.87226 0.3125 0.94839 0.43652 0.94839 0.43652 0.87226
0 0.31055 0.68 0.31055 0.75742 0.43359 0.75742 0.43359 0.68
0 0.30762 0.49032 0.30762 0.56774 0.43066 0.56774 0.43066 0.49032
0 0.31055 0.29161 0.31055 0.36903 0.43359 0.36903 0.43359 0.29161
0 0.31445 0.10065 0.31445 0.17806 0.4375 0.17806 0.4375 0.10065
0 0.54688 0.10839 0.54688 0.1871 0.66504 0.1871 0.66504 0.10839
0 0.54395 0.29677 0.54395 0.37548 0.66211 0.37548 0.66211 0.29677
0 0.54395 0.48774 0.54395 0.56645 0.66211 0.56645 0.66211 0.48774
0 0.54492 0.68129 0.54492 0.76 0.66211 0.76 0.66211 0.68129
0 0.54297 0.8671 0.54297 0.94581 0.66113 0.94581 0.66113 0.8671
1 0.79883 0.38194 0.79883 0.50194 0.9873 0.50194 0.9873 0.38194
