0 0.32129 0.23296 0.32129 0.33581 0.5127 0.33581 0.5127 0.23296
0 0.32227 0.43866 0.32227 0.54647 0.51074 0.54647 0.51074 0.43866
0 0.32129 0.64684 0.32129 0.75217 0.51172 0.75217 0.51172 0.64684
0 0.6416 0.22305 0.6416 0.33333 0.84863 0.33333 0.84863 0.22305
0 0.64258 0.43247 0.64258 0.54151 0.85156 0.54151 0.85156 0.43247
0 0.64258 0.64436 0.64258 0.75589 0.85352 0.75589 0.85352 0.64436
0 0.083008 0.24783 0.083008 0.32094 0.19043 0.32094 0.19043 0.24783
0 0.082031 0.45353 0.082031 0.52664 0.18945 0.52664 0.18945 0.45353
0 0.080078 0.66295 0.080078 0.73606 0.18848 0.73606 0.18848 0.66295
0 0.035156 0.38662 0.035156 0.40025 0.057617 0.40025 0.057617 0.38662
0 0.035156 0.40397 0.035156 0.41884 0.058594 0.41884 0.058594 0.40397
0 0.035156 0.42503 0.035156 0.44114 0.058594 0.44114 0.058594 0.42503
0 0.035156 0.44486 0.035156 0.45973 0.058594 0.45973 0.058594 0.44486
0 0.035156 0.46592 0.035156 0.48203 0.058594 0.48203 0.058594 0.46592
0 0.03418 0.48575 0.03418 0.50062 0.057617 0.50062 0.057617 0.48575
0 0.03418 0.50682 0.03418 0.52169 0.058594 0.52169 0.058594 0.50682
0 0.03418 0.52788 0.03418 0.54275 0.058594 0.54275 0.058594 0.52788
0 0.03418 0.54895 0.03418 0.56382 0.057617 0.56382 0.057617 0.54895
0 0.0058594 0.38538 0.0058594 0.40025 0.025391 0.40025 0.025391 0.38538
0 0.035156 0.56753 0.035156 0.58116 0.057617 0.58116 0.057617 0.56753
0 0.0048828 0.40397 0.0048828 0.42007 0.025391 0.42007 0.025391 0.40397
0 0.0048828 0.40397 0.0048828 0.42007 0.025391 0.42007 0.025391 0.40397
0 0.0058594 0.42627 0.0058594 0.44114 0.025391 0.44114 0.025391 0.42627
0 0.0058594 0.4461 0.0058594 0.46221 0.025391 0.46221 0.025391 0.4461
0 0.0058594 0.46592 0.0058594 0.48079 0.025391 0.48079 0.025391 0.46592
0 0.0048828 0.48699 0.0048828 0.50186 0.025391 0.50186 0.025391 0.48699
0 0.0048828 0.48699 0.0048828 0.50186 0.025391 0.50186 0.025391 0.48699
0 0.0058594 0.50682 0.0058594 0.52292 0.025391 0.52292 0.025391 0.50682
0 0.0058594 0.52912 0.0058594 0.54399 0.025391 0.54399 0.025391 0.52912
0 0.0058594 0.54895 0.0058594 0.56506 0.025391 0.56506 0.025391 0.54895
0 0.0058594 0.56877 0.0058594 0.58488 0.025391 0.58488 0.025391 0.56877
