0 0.25445 0.58887 0.25445 0.68457 0.36514 0.68457 0.36514 0.58887
0 0.25954 0.77637 0.25954 0.87207 0.37023 0.87207 0.37023 0.77637
0 0.46947 0.77734 0.46947 0.87012 0.59415 0.87012 0.59415 0.77734
0 0.46438 0.59082 0.46438 0.68359 0.59033 0.68359 0.59033 0.59082
0 0.68575 0.77637 0.68575 0.86914 0.81043 0.86914 0.81043 0.77637
0 0.68321 0.58887 0.68321 0.68164 0.80916 0.68164 0.80916 0.58887
0 0.90458 0.58984 0.90458 0.68164 0.99491 0.68164 0.99491 0.58984
0 0.90204 0.77344 0.90204 0.86523 0.99364 0.86523 0.99364 0.77344
0 0.25954 0.9375 0.25954 0.99512 0.35115 0.99512 0.35115 0.9375
0 0.37277 0.93848 0.37277 0.99609 0.45547 0.99609 0.45547 0.93848
0 0.4771 0.9375 0.4771 0.99414 0.5598 0.99414 0.5598 0.9375
0 0.58651 0.93652 0.58651 0.99316 0.66921 0.99316 0.66921 0.93652
0 0.68957 0.93359 0.68957 0.99121 0.77354 0.99121 0.77354 0.93359
0 0.79517 0.93359 0.79517 0.99121 0.87786 0.99121 0.87786 0.93359
0 0.90076 0.93066 0.90076 0.98828 0.98346 0.98828 0.98346 0.93066
0 0.057252 0.61035 0.057252 0.67676 0.13995 0.67676 0.13995 0.61035
0 0.24173 0.41699 0.24173 0.45508 0.3715 0.45508 0.3715 0.41699
0 0.243 0.45996 0.243 0.49805 0.37277 0.49805 0.37277 0.45996
0 0.45674 0.46191 0.45674 0.5 0.58651 0.5 0.58651 0.46191
0 0.45802 0.41699 0.45802 0.45508 0.58779 0.45508 0.58779 0.41699
0 0.67812 0.46191 0.67812 0.49805 0.80789 0.49805 0.80789 0.46191
0 0.67812 0.41992 0.67812 0.45605 0.80789 0.45605 0.80789 0.41992
0 0.90331 0.46289 0.90331 0.49902 0.99109 0.49902 0.99109 0.46289
0 0.90331 0.41992 0.90331 0.45508 0.99109 0.45508 0.99109 0.41992
0 0.23791 0.29395 0.23791 0.31641 0.36896 0.31641 0.36896 0.29395
0 0.23664 0.21777 0.23664 0.23926 0.36896 0.23926 0.36896 0.21777
0 0.46565 0.2207 0.46565 0.24219 0.58397 0.24219 0.58397 0.2207
0 0.46692 0.29492 0.46692 0.31641 0.58397 0.31641 0.58397 0.29492
0 0.45293 0.24707 0.45293 0.28906 0.58779 0.28906 0.58779 0.24707
0 0.23919 0.24707 0.23919 0.28906 0.37405 0.28906 0.37405 0.24707
0 0.67557 0.25 0.67557 0.28809 0.80789 0.28809 0.80789 0.25
0 0.6883 0.2207 0.6883 0.24414 0.81043 0.24414 0.81043 0.2207
0 0.6883 0.2959 0.6883 0.31934 0.81043 0.31934 0.81043 0.2959
0 0.03944 0.43652 0.03944 0.47949 0.14631 0.47949 0.14631 0.43652
0 0.034351 0.24512 0.034351 0.2832 0.13868 0.2832 0.13868 0.24512
0 0.031807 0.29297 0.031807 0.31348 0.1374 0.31348 0.1374 0.29297
0 0.033079 0.21582 0.033079 0.23633 0.13868 0.23633 0.13868 0.21582
0 0.036896 0.11133 0.036896 0.15137 0.13613 0.15137 0.13613 0.11133
0 0.23919 0.09375 0.23919 0.16992 0.3715 0.16992 0.3715 0.09375
0 0.45038 0.098633 0.45038 0.16895 0.58779 0.16895 0.58779 0.098633
0 0.67684 0.099609 0.67684 0.16992 0.80916 0.16992 0.80916 0.099609
