0 0.26168 0.3614 0.26168 0.4271 0.39875 0.4271 0.39875 0.3614
0 0.2648 0.6345 0.2648 0.69815 0.40187 0.69815 0.40187 0.6345
0 0.50467 0.36345 0.50467 0.42505 0.64174 0.42505 0.64174 0.36345
0 0.50156 0.6345 0.50156 0.69815 0.63551 0.69815 0.63551 0.6345
0 0.3053 0.27515 0.3053 0.33881 0.43302 0.33881 0.43302 0.27515
0 0.53583 0.28337 0.53583 0.34292 0.66355 0.34292 0.66355 0.28337
0 0.31464 0.8152 0.31464 0.87885 0.44237 0.87885 0.44237 0.8152
0 0.54206 0.8152 0.54206 0.8809 0.66667 0.8809 0.66667 0.8152
0 0.54206 0.55647 0.54206 0.61396 0.70093 0.61396 0.70093 0.55647
0 0.32399 0.55647 0.32399 0.61396 0.46106 0.61396 0.46106 0.55647
0 0.040498 0.63039 0.040498 0.70226 0.15576 0.70226 0.15576 0.63039
0 0.034268 0.35934 0.034268 0.43121 0.14953 0.43121 0.14953 0.35934
0 0.1215 0.29158 0.1215 0.34086 0.20249 0.34086 0.20249 0.29158
0 0.12461 0.82136 0.12461 0.87269 0.21184 0.87269 0.21184 0.82136
0 0.093458 0.55236 0.093458 0.61602 0.15265 0.61602 0.15265 0.55236
0 0.049844 0.45791 0.049844 0.49487 0.14953 0.49487 0.14953 0.45791
0 0.056075 0.72279 0.056075 0.74949 0.19938 0.74949 0.19938 0.72279
0 0.2866 0.45996 0.2866 0.4846 0.45794 0.4846 0.45794 0.45996
0 0.51402 0.46201 0.51402 0.48871 0.70093 0.48871 0.70093 0.46201
0 0.5109 0.73101 0.5109 0.75359 0.65732 0.75359 0.65732 0.73101
0 0.2866 0.73101 0.2866 0.75154 0.43302 0.75154 0.43302 0.73101
0 0.33333 0.14784 0.33333 0.19302 0.43302 0.19302 0.43302 0.14784
0 0.33333 0.086242 0.33333 0.13142 0.42991 0.13142 0.42991 0.086242
0 0.33333 0.024641 0.33333 0.069815 0.42991 0.069815 0.42991 0.024641
0 0.49844 0.090349 0.49844 0.13552 0.59813 0.13552 0.59813 0.090349
0 0.50467 0.024641 0.50467 0.069815 0.60436 0.069815 0.60436 0.024641
0 0.50156 0.14784 0.50156 0.19302 0.60125 0.19302 0.60125 0.14784
0 0.67601 0.15811 0.67601 0.19302 0.75701 0.19302 0.75701 0.15811
1 0.87227 0.4271 0.87227 0.4846 0.99688 0.4846 0.99688 0.4271
1 0.87539 0.68378 0.87539 0.74127 1 0.74127 1 0.68378
