0 0.31634 0.16504 0.31634 0.19629 0.42745 0.19629 0.42745 0.16504
0 0.31634 0.2002 0.31634 0.23242 0.42614 0.23242 0.42614 0.2002
0 0.31765 0.82715 0.31765 0.8584 0.43137 0.8584 0.43137 0.82715
0 0.31895 0.79004 0.31895 0.82129 0.43007 0.82129 0.43007 0.79004
0 0.32026 0.33203 0.32026 0.375 0.43268 0.375 0.43268 0.33203
0 0.31895 0.43555 0.31895 0.47852 0.43137 0.47852 0.43137 0.43555
0 0.32026 0.54102 0.32026 0.58398 0.43137 0.58398 0.43137 0.54102
0 0.32026 0.64844 0.32026 0.69238 0.43137 0.69238 0.43137 0.64844
0 0.52157 0.32715 0.52157 0.37207 0.63399 0.37207 0.63399 0.32715
0 0.52549 0.43262 0.52549 0.47754 0.63791 0.47754 0.63791 0.43262
0 0.52418 0.53809 0.52418 0.58301 0.63922 0.58301 0.63922 0.53809
0 0.5268 0.64648 0.5268 0.69141 0.64183 0.69141 0.64183 0.64648
0 0.52549 0.78418 0.52549 0.82129 0.64575 0.82129 0.64575 0.78418
0 0.5268 0.8291 0.5268 0.86719 0.64444 0.86719 0.64444 0.8291
0 0.52026 0.19727 0.52026 0.23242 0.63529 0.23242 0.63529 0.19727
0 0.52026 0.15332 0.52026 0.18945 0.63399 0.18945 0.63399 0.15332
1 0.72418 0.32129 0.72418 0.37402 0.91895 0.37402 0.91895 0.32129
1 0.72941 0.62109 0.72941 0.69336 0.92941 0.69336 0.92941 0.62109
