0 0.38606 0.41356 0.38606 0.48644 0.44772 0.48644 0.44772 0.41356
0 0.39142 0.54407 0.39142 0.61525 0.45308 0.61525 0.45308 0.54407
0 0.18231 0.77797 0.18231 0.82881 0.29491 0.82881 0.29491 0.77797
0 0.19303 0.91356 0.19303 0.96271 0.29759 0.96271 0.29759 0.91356
0 0.16354 0.030508 0.16354 0.088136 0.2815 0.088136 0.2815 0.030508
0 0.38606 0.027119 0.38606 0.088136 0.50402 0.088136 0.50402 0.027119
0 0.38874 0.18305 0.38874 0.24407 0.5067 0.24407 0.5067 0.18305
0 0.61662 0.18305 0.61662 0.24407 0.74799 0.24407 0.74799 0.18305
0 0.61394 0.027119 0.61394 0.088136 0.74531 0.088136 0.74531 0.027119
0 0.16354 0.18644 0.16354 0.24237 0.2815 0.24237 0.2815 0.18644
0 0.51206 0.41864 0.51206 0.48305 0.63271 0.48305 0.63271 0.41864
0 0.51743 0.54746 0.51743 0.61186 0.63807 0.61186 0.63807 0.54746
0 0.3941 0.77627 0.3941 0.83559 0.51475 0.83559 0.51475 0.77627
0 0.39946 0.91695 0.39946 0.97458 0.51206 0.97458 0.51206 0.91695
0 0.60858 0.91864 0.60858 0.97119 0.73458 0.97119 0.73458 0.91864
0 0.61126 0.78475 0.61126 0.83559 0.73727 0.83559 0.73727 0.78475
0 0.19839 0.35424 0.19839 0.37966 0.26542 0.37966 0.26542 0.35424
0 0.20375 0.64915 0.20375 0.67288 0.27078 0.67288 0.27078 0.64915
0 0.41287 0.64915 0.41287 0.67288 0.47989 0.67288 0.47989 0.64915
0 0.40751 0.35085 0.40751 0.37458 0.47453 0.37458 0.47453 0.35085
0 0.62466 0.65254 0.62466 0.67288 0.69973 0.67288 0.69973 0.65254
0 0.62735 0.35424 0.62735 0.37627 0.70509 0.37627 0.70509 0.35424
0 0.0563 0.098305 0.0563 0.17288 0.096515 0.17288 0.096515 0.098305
0 0.085791 0.8339 0.085791 0.90847 0.12869 0.90847 0.12869 0.8339
0 0.080429 0.36441 0.080429 0.38814 0.10992 0.38814 0.10992 0.36441
0 0.08311 0.44068 0.08311 0.46441 0.10992 0.46441 0.10992 0.44068
0 0.088472 0.55593 0.088472 0.58136 0.11796 0.58136 0.11796 0.55593
0 0.093834 0.62712 0.093834 0.65254 0.12064 0.65254 0.12064 0.62712
1 0.72386 0.42712 0.72386 0.47797 0.88472 0.47797 0.88472 0.42712
1 0.72386 0.55763 0.72386 0.60847 0.88204 0.60847 0.88204 0.55763
