0 0.12603 0.12305 0.12603 0.14258 0.1863 0.14258 0.1863 0.12305
0 0.12603 0.17188 0.12603 0.19141 0.1863 0.19141 0.1863 0.17188
0 0.12329 0.22266 0.12329 0.24219 0.18904 0.24219 0.18904 0.22266
0 0.13151 0.28809 0.13151 0.30566 0.18904 0.30566 0.18904 0.28809
0 0.12603 0.35449 0.12603 0.37305 0.18356 0.37305 0.18356 0.35449
0 0.12603 0.40625 0.12603 0.42285 0.1863 0.42285 0.1863 0.40625
0 0.11781 0.47754 0.11781 0.5 0.1863 0.5 0.1863 0.47754
0 0.12603 0.55371 0.12603 0.57422 0.1863 0.57422 0.1863 0.55371
0 0.12877 0.60547 0.12877 0.62305 0.1863 0.62305 0.1863 0.60547
0 0.13151 0.67383 0.13151 0.68848 0.18356 0.68848 0.18356 0.67383
0 0.12055 0.74121 0.12055 0.75977 0.18082 0.75977 0.18082 0.74121
0 0.12329 0.79297 0.12329 0.81055 0.18356 0.81055 0.18356 0.79297
0 0.12055 0.8457 0.12055 0.86328 0.18082 0.86328 0.18082 0.8457
0 0.36986 0.024414 0.36986 0.045898 0.49589 0.045898 0.49589 0.024414
0 0.36986 0.073242 0.36986 0.094727 0.49589 0.094727 0.49589 0.073242
0 0.36986 0.12207 0.36986 0.14258 0.49589 0.14258 0.49589 0.12207
0 0.3726 0.16992 0.3726 0.19141 0.49863 0.19141 0.49863 0.16992
0 0.61096 0.025391 0.61096 0.045898 0.70959 0.045898 0.70959 0.025391
0 0.60822 0.074219 0.60822 0.094727 0.70959 0.094727 0.70959 0.074219
0 0.60822 0.12207 0.60822 0.14258 0.70959 0.14258 0.70959 0.12207
0 0.60822 0.1709 0.60822 0.19141 0.70685 0.19141 0.70685 0.1709
0 0.60822 0.21875 0.60822 0.23926 0.70685 0.23926 0.70685 0.21875
0 0.60548 0.27734 0.60548 0.2959 0.70411 0.2959 0.70411 0.27734
0 0.60822 0.29785 0.60822 0.31641 0.70685 0.31641 0.70685 0.29785
0 0.60274 0.35449 0.60274 0.375 0.70685 0.375 0.70685 0.35449
0 0.60274 0.4043 0.60274 0.4248 0.70685 0.4248 0.70685 0.4043
0 0.60822 0.45508 0.60822 0.47461 0.70411 0.47461 0.70411 0.45508
0 0.60822 0.50488 0.60822 0.52441 0.70685 0.52441 0.70685 0.50488
0 0.60822 0.55469 0.60822 0.5752 0.70685 0.5752 0.70685 0.55469
0 0.60822 0.60547 0.60822 0.62598 0.70685 0.62598 0.70685 0.60547
0 0.60822 0.74121 0.60822 0.76074 0.70685 0.76074 0.70685 0.74121
0 0.60822 0.79297 0.60822 0.8125 0.70959 0.8125 0.70959 0.79297
0 0.61096 0.84668 0.61096 0.86621 0.71233 0.86621 0.71233 0.84668
0 0.61096 0.89941 0.61096 0.91895 0.71233 0.91895 0.71233 0.89941
0 0.61096 0.95215 0.61096 0.97168 0.71233 0.97168 0.71233 0.95215
0 0.83288 0.024414 0.83288 0.044922 0.92603 0.044922 0.92603 0.024414
0 0.83288 0.073242 0.83288 0.09375 0.92603 0.09375 0.92603 0.073242
0 0.83014 0.12305 0.83014 0.14355 0.92329 0.14355 0.92329 0.12305
0 0.8274 0.1709 0.8274 0.19141 0.92329 0.19141 0.92329 0.1709
0 0.8274 0.21875 0.8274 0.23926 0.92055 0.23926 0.92055 0.21875
0 0.82466 0.35547 0.82466 0.375 0.91781 0.375 0.91781 0.35547
0 0.82466 0.40527 0.82466 0.4248 0.91781 0.4248 0.91781 0.40527
0 0.82466 0.45605 0.82466 0.47461 0.91781 0.47461 0.91781 0.45605
0 0.82466 0.50586 0.82466 0.52539 0.91781 0.52539 0.91781 0.50586
0 0.83014 0.55566 0.83014 0.5752 0.92055 0.5752 0.92055 0.55566
0 0.83014 0.60645 0.83014 0.62598 0.92055 0.62598 0.92055 0.60645
0 0.83562 0.74316 0.83562 0.7627 0.92603 0.7627 0.92603 0.74316
0 0.83562 0.79492 0.83562 0.81348 0.92603 0.81348 0.92603 0.79492
0 0.83836 0.84766 0.83836 0.86621 0.92877 0.86621 0.92877 0.84766
0 0.84384 0.90137 0.84384 0.91992 0.93151 0.91992 0.93151 0.90137
0 0.84384 0.95312 0.84384 0.97266 0.93425 0.97266 0.93425 0.95312
0 0.36986 0.95312 0.36986 0.97266 0.49589 0.97266 0.49589 0.95312
0 0.36986 0.89941 0.36986 0.91895 0.49589 0.91895 0.49589 0.89941
0 0.3726 0.8457 0.3726 0.86523 0.49863 0.86523 0.49863 0.8457
0 0.36986 0.79395 0.36986 0.81348 0.49589 0.81348 0.49589 0.79395
0 0.35068 0.74219 0.35068 0.7627 0.49863 0.7627 0.49863 0.74219
0 0.34795 0.68359 0.34795 0.70312 0.49315 0.70312 0.49315 0.68359
0 0.34795 0.66504 0.34795 0.68262 0.49315 0.68262 0.49315 0.66504
0 0.34795 0.60645 0.34795 0.62793 0.49589 0.62793 0.49589 0.60645
0 0.3726 0.55469 0.3726 0.5752 0.49589 0.5752 0.49589 0.55469
0 0.36986 0.50488 0.36986 0.52441 0.49315 0.52441 0.49315 0.50488
0 0.3726 0.4541 0.3726 0.47461 0.49589 0.47461 0.49589 0.4541
0 0.36986 0.4043 0.36986 0.4248 0.49315 0.4248 0.49315 0.4043
0 0.34521 0.35352 0.34521 0.37402 0.49315 0.37402 0.49315 0.35352
0 0.34795 0.21875 0.34795 0.23926 0.49315 0.23926 0.49315 0.21875
0 0.34521 0.27832 0.34521 0.2959 0.49589 0.2959 0.49589 0.27832
0 0.34521 0.29785 0.34521 0.31543 0.49589 0.31543 0.49589 0.29785
1 0.78904 0.65723 0.78904 0.70703 0.98356 0.70703 0.98356 0.65723
1 0.79178 0.27246 0.79178 0.32422 0.98904 0.32422 0.98904 0.27246
