0 0.16074 0.038086 0.16074 0.076172 0.30868 0.076172 0.30868 0.038086
0 0.15078 0.19434 0.15078 0.23242 0.2973 0.23242 0.2973 0.19434
0 0.14083 0.36328 0.14083 0.40039 0.28876 0.40039 0.28876 0.36328
0 0.13798 0.53906 0.13798 0.58008 0.2845 0.58008 0.2845 0.53906
0 0.14367 0.7168 0.14367 0.75488 0.29161 0.75488 0.29161 0.7168
0 0.15505 0.89258 0.15505 0.93066 0.30156 0.93066 0.30156 0.89258
0 0.46799 0.53613 0.46799 0.57812 0.65007 0.57812 0.65007 0.53613
0 0.46799 0.35547 0.46799 0.39844 0.65007 0.39844 0.65007 0.35547
0 0.47084 0.033203 0.47084 0.071289 0.64723 0.071289 0.64723 0.033203
0 0.46799 0.18848 0.46799 0.22656 0.64438 0.22656 0.64438 0.18848
0 0.47084 0.71191 0.47084 0.75488 0.65576 0.75488 0.65576 0.71191
0 0.47511 0.8916 0.47511 0.93359 0.65149 0.93359 0.65149 0.8916
0 0.80654 0.52148 0.80654 0.58008 0.96871 0.58008 0.96871 0.52148
0 0.80085 0.88086 0.80085 0.93262 0.95733 0.93262 0.95733 0.88086
0 0.80654 0.69922 0.80654 0.75781 0.96586 0.75781 0.96586 0.69922
0 0.80085 0.34473 0.80085 0.4043 0.96302 0.4043 0.96302 0.34473
0 0.79374 0.17969 0.79374 0.23438 0.95021 0.23438 0.95021 0.17969
0 0.78805 0.023438 0.78805 0.074219 0.93883 0.074219 0.93883 0.023438
