0 0.19132 0.43262 0.19132 0.49414 0.31479 0.49414 0.31479 0.43262
0 0.19267 0.61719 0.19267 0.67969 0.31479 0.67969 0.31479 0.61719
0 0.19403 0.7998 0.19403 0.8623 0.31615 0.8623 0.31615 0.7998
0 0.19132 0.24316 0.19132 0.30469 0.31343 0.30469 0.31343 0.24316
0 0.43691 0.24023 0.43691 0.30273 0.5848 0.30273 0.5848 0.24023
0 0.43691 0.43066 0.43691 0.49316 0.58345 0.49316 0.58345 0.43066
0 0.43555 0.61816 0.43555 0.68066 0.58345 0.68066 0.58345 0.61816
0 0.43691 0.79883 0.43691 0.86133 0.58345 0.86133 0.58345 0.79883
0 0.24423 0.045898 0.24423 0.10156 0.37992 0.10156 0.37992 0.045898
0 0.063772 0.051758 0.063772 0.10059 0.15197 0.10059 0.15197 0.051758
0 0.47354 0.045898 0.47354 0.09668 0.60923 0.09668 0.60923 0.045898
1 0.68928 0.19141 0.68928 0.25977 0.9213 0.25977 0.9213 0.19141
1 0.68928 0.27637 0.68928 0.34668 0.92266 0.34668 0.92266 0.27637
