0 0.23887 0.80729 0.23887 0.84722 0.30567 0.84722 0.30567 0.80729
0 0.23887 0.65451 0.23887 0.69444 0.30567 0.69444 0.30567 0.65451
0 0.23887 0.50521 0.23887 0.54688 0.30364 0.54688 0.30364 0.50521
0 0.23482 0.34028 0.23482 0.38021 0.30162 0.38021 0.30162 0.34028
0 0.37449 0.49826 0.37449 0.55382 0.48381 0.55382 0.48381 0.49826
0 0.37247 0.3316 0.37247 0.38715 0.48381 0.38715 0.48381 0.3316
0 0.37449 0.64583 0.37449 0.70139 0.48381 0.70139 0.48381 0.64583
0 0.37652 0.80208 0.37652 0.8559 0.48785 0.8559 0.48785 0.80208
0 0.54656 0.33333 0.54656 0.38715 0.65789 0.38715 0.65789 0.33333
0 0.54453 0.49653 0.54453 0.55208 0.65789 0.55208 0.65789 0.49653
0 0.54656 0.64931 0.54656 0.70486 0.65992 0.70486 0.65992 0.64931
0 0.54656 0.80382 0.54656 0.85764 0.65992 0.85764 0.65992 0.80382
0 0.7166 0.80382 0.7166 0.85938 0.82996 0.85938 0.82996 0.80382
0 0.7166 0.64931 0.7166 0.70486 0.83198 0.70486 0.83198 0.64931
0 0.7166 0.49653 0.7166 0.55208 0.83401 0.55208 0.83401 0.49653
0 0.71862 0.3316 0.71862 0.38715 0.83603 0.38715 0.83603 0.3316
0 0.90891 0.3316 0.90891 0.38715 0.99798 0.38715 0.99798 0.3316
0 0.91093 0.49826 0.91093 0.55382 1 0.55382 1 0.49826
0 0.90688 0.80382 0.90688 0.85938 1 0.85938 1 0.80382
0 0.90486 0.65104 0.90486 0.7066 0.99798 0.7066 0.99798 0.65104
0 0.7004 0.098958 0.7004 0.14062 0.81377 0.14062 0.81377 0.098958
0 0.7004 0.14583 0.7004 0.18924 0.81579 0.18924 0.81579 0.14583
0 0.51619 0.15104 0.51619 0.19097 0.63158 0.19097 0.63158 0.15104
0 0.51417 0.10243 0.51417 0.14236 0.62955 0.14236 0.62955 0.10243
0 0.89474 0.14931 0.89474 0.18924 1 0.18924 1 0.14931
0 0.89474 0.098958 0.89474 0.13889 1 0.13889 1 0.098958
0 0.35425 0.12153 0.35425 0.17014 0.44534 0.17014 0.44534 0.12153
0 0.35425 0.17882 0.35425 0.19444 0.44534 0.19444 0.44534 0.17882
0 0.35628 0.097222 0.35628 0.11285 0.44534 0.11285 0.44534 0.097222
0 0.2166 0.14583 0.2166 0.19965 0.25506 0.19965 0.25506 0.14583
0 0.21053 0.96875 0.21053 0.99653 0.32186 0.99653 0.32186 0.96875
0 0.38259 0.96875 0.38259 0.99306 0.49595 0.99306 0.49595 0.96875
0 0.38057 0.93403 0.38057 0.94792 0.47773 0.94792 0.47773 0.93403
0 0.72065 0.9375 0.72065 0.94965 0.82591 0.94965 0.82591 0.9375
0 0.54656 0.9375 0.54656 0.94965 0.65182 0.94965 0.65182 0.9375
