0 0.094727 0.062341 0.094727 0.11959 0.16016 0.11959 0.16016 0.062341
0 0.094727 0.13868 0.094727 0.1972 0.16016 0.1972 0.16016 0.13868
0 0.091797 0.243 0.091797 0.30407 0.1582 0.30407 0.1582 0.243
0 0.089844 0.32316 0.089844 0.38422 0.15625 0.38422 0.15625 0.32316
0 0.089844 0.42875 0.089844 0.49109 0.15723 0.49109 0.15723 0.42875
0 0.09082 0.50891 0.09082 0.56997 0.15723 0.56997 0.15723 0.50891
0 0.088867 0.61069 0.088867 0.67176 0.15527 0.67176 0.15527 0.61069
0 0.089844 0.69084 0.089844 0.75191 0.15625 0.75191 0.15625 0.69084
0 0.09082 0.79771 0.09082 0.85878 0.15723 0.85878 0.15723 0.79771
0 0.092773 0.87405 0.092773 0.93511 0.16016 0.93511 0.16016 0.87405
0 0.21289 0.87913 0.21289 0.9402 0.2793 0.9402 0.2793 0.87913
0 0.20996 0.80025 0.20996 0.8626 0.28027 0.8626 0.28027 0.80025
0 0.20801 0.69593 0.20801 0.757 0.2793 0.757 0.2793 0.69593
0 0.20898 0.61323 0.20898 0.6743 0.2793 0.6743 0.2793 0.61323
0 0.20801 0.50891 0.20801 0.56997 0.2793 0.56997 0.2793 0.50891
0 0.20801 0.43003 0.20801 0.49109 0.2793 0.49109 0.2793 0.43003
0 0.20996 0.32188 0.20996 0.38295 0.28027 0.38295 0.28027 0.32188
0 0.20996 0.24173 0.20996 0.3028 0.28027 0.3028 0.28027 0.24173
0 0.21191 0.13868 0.21191 0.19975 0.28223 0.19975 0.28223 0.13868
0 0.21387 0.058524 0.21387 0.11959 0.28418 0.11959 0.28418 0.058524
0 0.33105 0.057252 0.33105 0.11832 0.40137 0.11832 0.40137 0.057252
0 0.33203 0.13486 0.33203 0.19593 0.40234 0.19593 0.40234 0.13486
0 0.33105 0.23919 0.33105 0.30025 0.40137 0.30025 0.40137 0.23919
0 0.33008 0.32443 0.33008 0.38677 0.40039 0.38677 0.40039 0.32443
0 0.33008 0.42621 0.33008 0.48728 0.40039 0.48728 0.40039 0.42621
0 0.3291 0.50763 0.3291 0.5687 0.40039 0.5687 0.40039 0.50763
0 0.33008 0.61705 0.33008 0.67812 0.40039 0.67812 0.40039 0.61705
0 0.3291 0.69593 0.3291 0.757 0.39941 0.757 0.39941 0.69593
0 0.33008 0.79898 0.33008 0.86005 0.40039 0.86005 0.40039 0.79898
0 0.33008 0.88041 0.33008 0.94148 0.40039 0.94148 0.40039 0.88041
0 0.45312 0.057252 0.45312 0.11832 0.52441 0.11832 0.52441 0.057252
0 0.45215 0.13613 0.45215 0.1972 0.52344 0.1972 0.52344 0.13613
0 0.45312 0.23919 0.45312 0.30025 0.52441 0.30025 0.52441 0.23919
0 0.45312 0.32188 0.45312 0.38295 0.52539 0.38295 0.52539 0.32188
0 0.45312 0.42875 0.45312 0.48982 0.52539 0.48982 0.52539 0.42875
0 0.45215 0.50763 0.45215 0.5687 0.52344 0.5687 0.52344 0.50763
0 0.45312 0.80025 0.45312 0.86132 0.52539 0.86132 0.52539 0.80025
0 0.45312 0.69466 0.45312 0.75573 0.52441 0.75573 0.52441 0.69466
0 0.45312 0.6145 0.45312 0.67557 0.52539 0.67557 0.52539 0.6145
0 0.4541 0.87913 0.4541 0.94148 0.52637 0.94148 0.52637 0.87913
0 0.5752 0.87913 0.5752 0.9402 0.64746 0.9402 0.64746 0.87913
0 0.57617 0.79898 0.57617 0.86005 0.64844 0.86005 0.64844 0.79898
0 0.5752 0.69466 0.5752 0.75573 0.64746 0.75573 0.64746 0.69466
0 0.5752 0.6145 0.5752 0.67557 0.64746 0.67557 0.64746 0.6145
0 0.57617 0.51145 0.57617 0.57252 0.64844 0.57252 0.64844 0.51145
0 0.57617 0.42875 0.57617 0.48982 0.64844 0.48982 0.64844 0.42875
0 0.5752 0.32061 0.5752 0.38168 0.64648 0.38168 0.64648 0.32061
0 0.57617 0.243 0.57617 0.30407 0.64844 0.30407 0.64844 0.243
0 0.5752 0.1374 0.5752 0.19847 0.64746 0.19847 0.64746 0.1374
0 0.57324 0.05598 0.57324 0.11832 0.64551 0.11832 0.64551 0.05598
0 0.69434 0.0076336 0.69434 0.99109 0.79004 0.99109 0.79004 0.0076336
1 0.91895 0.81807 0.91895 0.86768 0.99805 0.86768 0.99805 0.81807
1 0.92383 0.43003 0.92383 0.53817 0.99609 0.53817 0.99609 0.43003
