0 0.03125 0.038961 0.03125 0.069805 0.057617 0.069805 0.057617 0.038961
0 0.030273 0.082792 0.030273 0.11364 0.056641 0.11364 0.056641 0.082792
0 0.02832 0.14123 0.02832 0.17208 0.054688 0.17208 0.054688 0.14123
0 0.02832 0.18506 0.02832 0.21753 0.054688 0.21753 0.054688 0.18506
0 0.026367 0.24838 0.026367 0.27922 0.053711 0.27922 0.053711 0.24838
0 0.026367 0.29383 0.026367 0.3263 0.052734 0.3263 0.052734 0.29383
0 0.024414 0.3539 0.024414 0.38636 0.051758 0.38636 0.051758 0.3539
0 0.024414 0.4026 0.024414 0.43182 0.050781 0.43182 0.050781 0.4026
0 0.024414 0.46429 0.024414 0.49188 0.050781 0.49188 0.050781 0.46429
0 0.023438 0.50974 0.023438 0.53896 0.049805 0.53896 0.049805 0.50974
0 0.023438 0.57143 0.023438 0.59903 0.049805 0.59903 0.049805 0.57143
0 0.023438 0.61688 0.023438 0.64448 0.049805 0.64448 0.049805 0.61688
0 0.022461 0.67857 0.022461 0.70617 0.048828 0.70617 0.048828 0.67857
0 0.022461 0.7224 0.022461 0.75 0.048828 0.75 0.048828 0.7224
0 0.023438 0.78247 0.023438 0.81006 0.049805 0.81006 0.049805 0.78247
0 0.023438 0.8263 0.023438 0.85552 0.049805 0.85552 0.049805 0.8263
0 0.024414 0.88799 0.024414 0.91558 0.050781 0.91558 0.050781 0.88799
0 0.024414 0.93182 0.024414 0.96104 0.050781 0.96104 0.050781 0.93182
0 0.074219 0.93506 0.074219 0.96429 0.11035 0.96429 0.11035 0.93506
0 0.073242 0.88636 0.073242 0.91721 0.10938 0.91721 0.10938 0.88636
0 0.075195 0.82792 0.075195 0.85714 0.11133 0.85714 0.11133 0.82792
0 0.073242 0.78247 0.073242 0.81169 0.10938 0.81169 0.10938 0.78247
0 0.075195 0.72078 0.075195 0.75 0.11133 0.75 0.11133 0.72078
0 0.073242 0.67532 0.073242 0.70617 0.10938 0.70617 0.10938 0.67532
0 0.072266 0.61364 0.072266 0.64286 0.1084 0.64286 0.1084 0.61364
0 0.072266 0.56818 0.072266 0.5974 0.1084 0.5974 0.1084 0.56818
0 0.073242 0.50649 0.073242 0.53571 0.10938 0.53571 0.10938 0.50649
0 0.073242 0.45942 0.073242 0.48864 0.10938 0.48864 0.10938 0.45942
0 0.073242 0.39935 0.073242 0.42695 0.11133 0.42695 0.11133 0.39935
0 0.073242 0.3539 0.073242 0.38149 0.1123 0.38149 0.1123 0.3539
0 0.075195 0.29383 0.075195 0.31981 0.11328 0.31981 0.11328 0.29383
0 0.076172 0.24675 0.076172 0.27435 0.11523 0.27435 0.11523 0.24675
0 0.076172 0.18506 0.076172 0.21266 0.11523 0.21266 0.11523 0.18506
0 0.079102 0.14286 0.079102 0.16883 0.11719 0.16883 0.11719 0.14286
0 0.081055 0.082792 0.081055 0.10877 0.11816 0.10877 0.11816 0.082792
0 0.082031 0.038961 0.082031 0.063312 0.12012 0.063312 0.12012 0.038961
0 0.13672 0.032468 0.13672 0.063312 0.17188 0.063312 0.17188 0.032468
0 0.13574 0.077922 0.13574 0.10714 0.16992 0.10714 0.16992 0.077922
0 0.13477 0.13636 0.13477 0.16558 0.15625 0.16558 0.15625 0.13636
0 0.13379 0.18344 0.13379 0.21266 0.15918 0.21266 0.15918 0.18344
0 0.13281 0.24188 0.13281 0.2711 0.16699 0.2711 0.16699 0.24188
0 0.13184 0.28571 0.13184 0.31656 0.16602 0.31656 0.16602 0.28571
0 0.12988 0.3474 0.12988 0.37825 0.16504 0.37825 0.16504 0.3474
0 0.12988 0.39448 0.12988 0.42532 0.16504 0.42532 0.16504 0.39448
0 0.12891 0.45942 0.12891 0.48864 0.14941 0.48864 0.14941 0.45942
0 0.12891 0.50649 0.12891 0.53571 0.15332 0.53571 0.15332 0.50649
0 0.12793 0.56494 0.12793 0.59578 0.16309 0.59578 0.16309 0.56494
0 0.12598 0.61039 0.12598 0.64123 0.16113 0.64123 0.16113 0.61039
0 0.12695 0.67208 0.12695 0.70292 0.16113 0.70292 0.16113 0.67208
0 0.12793 0.71916 0.12793 0.75 0.16211 0.75 0.16211 0.71916
0 0.12793 0.78247 0.12793 0.81169 0.14648 0.81169 0.14648 0.78247
0 0.12793 0.82792 0.12793 0.85714 0.15039 0.85714 0.15039 0.82792
0 0.19043 0.029221 0.19043 0.060065 0.22559 0.060065 0.22559 0.029221
0 0.12598 0.88799 0.12598 0.91721 0.16113 0.91721 0.16113 0.88799
0 0.12598 0.93182 0.12598 0.96104 0.16113 0.96104 0.16113 0.93182
0 0.17773 0.93344 0.17773 0.96266 0.21191 0.96266 0.21191 0.93344
0 0.18066 0.88961 0.18066 0.91883 0.21484 0.91883 0.21484 0.88961
0 0.17871 0.71916 0.17871 0.75 0.21289 0.75 0.21289 0.71916
0 0.17969 0.6737 0.17969 0.70292 0.21387 0.70292 0.21387 0.6737
0 0.17871 0.61201 0.17871 0.64286 0.21387 0.64286 0.21387 0.61201
0 0.17969 0.56656 0.17969 0.5974 0.21484 0.5974 0.21484 0.56656
0 0.18262 0.39448 0.18262 0.4237 0.2168 0.4237 0.2168 0.39448
0 0.18457 0.34903 0.18457 0.37987 0.21875 0.37987 0.21875 0.34903
0 0.18359 0.28734 0.18359 0.31656 0.21875 0.31656 0.21875 0.28734
0 0.1875 0.24188 0.1875 0.2711 0.22168 0.2711 0.22168 0.24188
0 0.19043 0.076299 0.19043 0.1039 0.22266 0.1039 0.22266 0.076299
0 0.17969 0.15422 0.17969 0.17208 0.21191 0.17208 0.21191 0.15422
0 0.18262 0.19156 0.18262 0.21104 0.21484 0.21104 0.21484 0.19156
0 0.23633 0.18994 0.23633 0.20779 0.26855 0.20779 0.26855 0.18994
0 0.23535 0.15097 0.23535 0.17045 0.26758 0.17045 0.26758 0.15097
0 0.28906 0.14773 0.28906 0.16721 0.32129 0.16721 0.32129 0.14773
0 0.29297 0.18831 0.29297 0.20779 0.3252 0.20779 0.3252 0.18831
0 0.17383 0.47565 0.17383 0.49513 0.20703 0.49513 0.20703 0.47565
0 0.17676 0.51623 0.17676 0.53571 0.20996 0.53571 0.20996 0.51623
0 0.22949 0.51461 0.22949 0.53409 0.2627 0.53409 0.2627 0.51461
0 0.22754 0.47565 0.22754 0.49513 0.25977 0.49513 0.25977 0.47565
0 0.28516 0.51299 0.28516 0.53247 0.31836 0.53247 0.31836 0.51299
0 0.28125 0.47403 0.28125 0.49188 0.31445 0.49188 0.31445 0.47403
0 0.17188 0.80357 0.17188 0.82305 0.20508 0.82305 0.20508 0.80357
0 0.1748 0.84091 0.1748 0.86039 0.20801 0.86039 0.20801 0.84091
0 0.22852 0.84253 0.22852 0.86201 0.26172 0.86201 0.26172 0.84253
0 0.22656 0.80357 0.22656 0.82305 0.25879 0.82305 0.25879 0.80357
0 0.27734 0.80519 0.27734 0.82468 0.31055 0.82468 0.31055 0.80519
0 0.2832 0.84091 0.2832 0.86039 0.31543 0.86039 0.31543 0.84091
0 0.34375 0.14773 0.34375 0.16721 0.37695 0.16721 0.37695 0.14773
0 0.3457 0.18669 0.3457 0.20617 0.37793 0.20617 0.37793 0.18669
0 0.33789 0.4724 0.33789 0.49188 0.37109 0.49188 0.37109 0.4724
0 0.33887 0.51299 0.33887 0.53247 0.37207 0.53247 0.37207 0.51299
0 0.33398 0.80195 0.33398 0.82143 0.36719 0.82143 0.36719 0.80195
0 0.33594 0.84091 0.33594 0.86039 0.36914 0.86039 0.36914 0.84091
0 0.39258 0.84253 0.39258 0.86201 0.42578 0.86201 0.42578 0.84253
0 0.3877 0.80519 0.3877 0.82468 0.4209 0.82468 0.4209 0.80519
0 0.39355 0.47078 0.39355 0.49026 0.42676 0.49026 0.42676 0.47078
0 0.39551 0.51299 0.39551 0.53084 0.42871 0.53084 0.42871 0.51299
0 0.40137 0.18831 0.40137 0.20779 0.43457 0.20779 0.43457 0.18831
0 0.39941 0.14773 0.39941 0.16721 0.43262 0.16721 0.43262 0.14773
0 0.4541 0.1461 0.4541 0.16558 0.4873 0.16558 0.4873 0.1461
0 0.45801 0.18669 0.45801 0.20455 0.49023 0.20455 0.49023 0.18669
0 0.4502 0.4724 0.4502 0.49188 0.4834 0.49188 0.4834 0.4724
0 0.45215 0.51136 0.45215 0.53084 0.48535 0.53084 0.48535 0.51136
0 0.44434 0.80844 0.44434 0.8263 0.47754 0.8263 0.47754 0.80844
0 0.44629 0.83929 0.44629 0.85877 0.47949 0.85877 0.47949 0.83929
0 0.50293 0.84091 0.50293 0.86039 0.53613 0.86039 0.53613 0.84091
0 0.50098 0.80519 0.50098 0.82468 0.53418 0.82468 0.53418 0.80519
0 0.50586 0.47078 0.50586 0.48864 0.53906 0.48864 0.53906 0.47078
0 0.50781 0.51299 0.50781 0.53084 0.54102 0.53084 0.54102 0.51299
0 0.50977 0.19156 0.50977 0.20455 0.5459 0.20455 0.5459 0.19156
0 0.50977 0.15097 0.50977 0.16883 0.54297 0.16883 0.54297 0.15097
0 0.55762 0.80032 0.55762 0.82468 0.59082 0.82468 0.59082 0.80032
0 0.55762 0.84253 0.55762 0.86201 0.59082 0.86201 0.59082 0.84253
0 0.5625 0.51136 0.5625 0.52922 0.5957 0.52922 0.5957 0.51136
0 0.56152 0.46753 0.56152 0.49188 0.59473 0.49188 0.59473 0.46753
0 0.56445 0.14448 0.56445 0.16721 0.59766 0.16721 0.59766 0.14448
0 0.56445 0.19156 0.56445 0.20617 0.60059 0.20617 0.60059 0.19156
0 0.24512 0.027597 0.24512 0.058442 0.2793 0.058442 0.2793 0.027597
0 0.24316 0.073052 0.24316 0.1039 0.27832 0.1039 0.27832 0.073052
0 0.29688 0.073052 0.29688 0.1039 0.33203 0.1039 0.33203 0.073052
0 0.29785 0.024351 0.29785 0.055195 0.33203 0.055195 0.33203 0.024351
0 0.35156 0.024351 0.35156 0.055195 0.38574 0.055195 0.38574 0.024351
0 0.35156 0.071429 0.35156 0.10227 0.38574 0.10227 0.38574 0.071429
0 0.23828 0.23864 0.23828 0.26948 0.27246 0.26948 0.27246 0.23864
0 0.23828 0.28571 0.23828 0.31494 0.27246 0.31494 0.27246 0.28571
0 0.23633 0.34578 0.23633 0.37662 0.27051 0.37662 0.27051 0.34578
0 0.23535 0.39448 0.23535 0.42532 0.26953 0.42532 0.26953 0.39448
0 0.28906 0.39123 0.28906 0.42045 0.32422 0.42045 0.32422 0.39123
0 0.29102 0.34578 0.29102 0.375 0.32617 0.375 0.32617 0.34578
0 0.29297 0.28247 0.29297 0.31331 0.32715 0.31331 0.32715 0.28247
0 0.29297 0.23701 0.29297 0.26623 0.32715 0.26623 0.32715 0.23701
0 0.34863 0.23539 0.34863 0.26461 0.38281 0.26461 0.38281 0.23539
0 0.34668 0.28247 0.34668 0.31169 0.38086 0.31169 0.38086 0.28247
0 0.3457 0.34253 0.3457 0.37338 0.37988 0.37338 0.37988 0.34253
0 0.34473 0.38961 0.34473 0.42045 0.37988 0.42045 0.37988 0.38961
0 0.39941 0.38799 0.39941 0.41883 0.43457 0.41883 0.43457 0.38799
0 0.40039 0.34253 0.40039 0.37175 0.43457 0.37175 0.43457 0.34253
0 0.40234 0.28247 0.40234 0.31169 0.43652 0.31169 0.43652 0.28247
0 0.40234 0.23539 0.40234 0.26623 0.43652 0.26623 0.43652 0.23539
0 0.4541 0.38961 0.4541 0.41721 0.48828 0.41721 0.48828 0.38961
0 0.45508 0.34416 0.45508 0.37175 0.49023 0.37175 0.49023 0.34416
0 0.45703 0.28247 0.45703 0.31006 0.49219 0.31006 0.49219 0.28247
0 0.45703 0.23701 0.45703 0.26461 0.49219 0.26461 0.49219 0.23701
0 0.40723 0.027597 0.40723 0.055195 0.44238 0.055195 0.44238 0.027597
0 0.4043 0.074675 0.4043 0.10065 0.43945 0.10065 0.43945 0.074675
0 0.45996 0.073052 0.45996 0.10065 0.49512 0.10065 0.49512 0.073052
0 0.46094 0.027597 0.46094 0.053571 0.49609 0.053571 0.49609 0.027597
0 0.51465 0.073052 0.51465 0.099026 0.5498 0.099026 0.5498 0.073052
0 0.51562 0.032468 0.51562 0.058442 0.55078 0.058442 0.55078 0.032468
0 0.51172 0.23701 0.51172 0.26299 0.54688 0.26299 0.54688 0.23701
0 0.51074 0.28409 0.51074 0.31169 0.5459 0.31169 0.5459 0.28409
0 0.51074 0.34416 0.51074 0.37175 0.5459 0.37175 0.5459 0.34416
0 0.51074 0.39123 0.51074 0.41721 0.5459 0.41721 0.5459 0.39123
0 0.23047 0.93669 0.23047 0.96429 0.26562 0.96429 0.26562 0.93669
0 0.23145 0.89123 0.23145 0.91883 0.2666 0.91883 0.2666 0.89123
0 0.23145 0.7224 0.23145 0.74838 0.2666 0.74838 0.2666 0.7224
0 0.23145 0.6737 0.23145 0.7013 0.2666 0.7013 0.2666 0.6737
0 0.23242 0.61364 0.23242 0.63961 0.26758 0.63961 0.26758 0.61364
0 0.23242 0.56656 0.23242 0.59416 0.2666 0.59416 0.2666 0.56656
0 0.2832 0.93669 0.2832 0.96429 0.31836 0.96429 0.31836 0.93669
0 0.28418 0.89123 0.28418 0.91883 0.31934 0.91883 0.31934 0.89123
0 0.28516 0.7224 0.28516 0.74838 0.32031 0.74838 0.32031 0.7224
0 0.28516 0.6737 0.28516 0.7013 0.32031 0.7013 0.32031 0.6737
0 0.28613 0.60877 0.28613 0.63799 0.32129 0.63799 0.32129 0.60877
0 0.28613 0.56169 0.28613 0.59091 0.32227 0.59091 0.32227 0.56169
0 0.34082 0.56006 0.34082 0.58929 0.37695 0.58929 0.37695 0.56006
0 0.34082 0.60877 0.34082 0.63799 0.37695 0.63799 0.37695 0.60877
0 0.34082 0.67208 0.34082 0.7013 0.37598 0.7013 0.37598 0.67208
0 0.33984 0.71916 0.33984 0.74838 0.375 0.74838 0.375 0.71916
0 0.33691 0.88961 0.33691 0.91883 0.37207 0.91883 0.37207 0.88961
0 0.33789 0.93506 0.33789 0.96429 0.37305 0.96429 0.37305 0.93506
0 0.3916 0.88961 0.3916 0.91883 0.42676 0.91883 0.42676 0.88961
0 0.3916 0.93831 0.3916 0.96753 0.42676 0.96753 0.42676 0.93831
0 0.39258 0.71916 0.39258 0.74838 0.42871 0.74838 0.42871 0.71916
0 0.39355 0.67208 0.39355 0.7013 0.42969 0.7013 0.42969 0.67208
0 0.39453 0.60877 0.39453 0.63799 0.42969 0.63799 0.42969 0.60877
0 0.39648 0.56006 0.39648 0.58929 0.43262 0.58929 0.43262 0.56006
0 0.44629 0.93831 0.44629 0.96753 0.48242 0.96753 0.48242 0.93831
0 0.44727 0.89123 0.44727 0.92045 0.4834 0.92045 0.4834 0.89123
0 0.45117 0.71916 0.45117 0.74838 0.48633 0.74838 0.48633 0.71916
0 0.4502 0.67045 0.4502 0.69968 0.48535 0.69968 0.48535 0.67045
0 0.4502 0.60877 0.4502 0.63799 0.48633 0.63799 0.48633 0.60877
0 0.45215 0.56169 0.45215 0.59091 0.4873 0.59091 0.4873 0.56169
0 0.50684 0.56006 0.50684 0.58929 0.54199 0.58929 0.54199 0.56006
0 0.50684 0.60714 0.50684 0.63636 0.54199 0.63636 0.54199 0.60714
0 0.50684 0.66883 0.50684 0.69805 0.54199 0.69805 0.54199 0.66883
0 0.50586 0.71916 0.50586 0.74838 0.54102 0.74838 0.54102 0.71916
0 0.50293 0.89123 0.50293 0.92045 0.53906 0.92045 0.53906 0.89123
0 0.50293 0.93994 0.50293 0.96916 0.53809 0.96916 0.53809 0.93994
0 0.55859 0.93831 0.55859 0.96753 0.59375 0.96753 0.59375 0.93831
0 0.55957 0.89123 0.55957 0.92045 0.5957 0.92045 0.5957 0.89123
0 0.56055 0.71753 0.56055 0.74675 0.59668 0.74675 0.59668 0.71753
0 0.56152 0.66721 0.56152 0.69643 0.59766 0.69643 0.59766 0.66721
0 0.56348 0.61039 0.56348 0.63961 0.59863 0.63961 0.59863 0.61039
0 0.56348 0.56169 0.56348 0.59091 0.59863 0.59091 0.59863 0.56169
0 0.56934 0.073052 0.56934 0.10227 0.60449 0.10227 0.60449 0.073052
0 0.57031 0.029221 0.57031 0.058442 0.60547 0.058442 0.60547 0.029221
0 0.56738 0.23701 0.56738 0.26623 0.60254 0.26623 0.60254 0.23701
0 0.56738 0.28247 0.56738 0.31169 0.60254 0.31169 0.60254 0.28247
0 0.56738 0.34253 0.56738 0.37175 0.60254 0.37175 0.60254 0.34253
0 0.56543 0.38961 0.56543 0.41883 0.60156 0.41883 0.60156 0.38961
0 0.62305 0.034091 0.62305 0.056818 0.65723 0.056818 0.65723 0.034091
0 0.62305 0.076299 0.62305 0.10065 0.65723 0.10065 0.65723 0.076299
0 0.62207 0.13149 0.62207 0.15909 0.65625 0.15909 0.65625 0.13149
0 0.62207 0.17695 0.62207 0.20455 0.65625 0.20455 0.65625 0.17695
0 0.62207 0.23539 0.62207 0.26299 0.65625 0.26299 0.65625 0.23539
0 0.62109 0.28409 0.62109 0.31169 0.65527 0.31169 0.65527 0.28409
0 0.61914 0.34091 0.61914 0.36851 0.65332 0.36851 0.65332 0.34091
0 0.6748 0.34253 0.6748 0.37175 0.70898 0.37175 0.70898 0.34253
0 0.67578 0.28247 0.67578 0.31006 0.70996 0.31006 0.70996 0.28247
0 0.67578 0.23539 0.67578 0.26461 0.70996 0.26461 0.70996 0.23539
0 0.67578 0.17857 0.67578 0.20779 0.70996 0.20779 0.70996 0.17857
0 0.6748 0.13474 0.6748 0.16234 0.70898 0.16234 0.70898 0.13474
0 0.67578 0.076299 0.67578 0.1039 0.70996 0.1039 0.70996 0.076299
0 0.67676 0.034091 0.67676 0.060065 0.70898 0.060065 0.70898 0.034091
0 0.61914 0.38636 0.61914 0.41721 0.6543 0.41721 0.6543 0.38636
0 0.67383 0.38636 0.67383 0.41721 0.70898 0.41721 0.70898 0.38636
0 0.67383 0.44805 0.67383 0.4789 0.70898 0.4789 0.70898 0.44805
0 0.67285 0.49675 0.67285 0.52597 0.70703 0.52597 0.70703 0.49675
0 0.62012 0.44968 0.62012 0.4789 0.65332 0.4789 0.65332 0.44968
0 0.61914 0.49675 0.61914 0.52597 0.65234 0.52597 0.65234 0.49675
0 0.61816 0.55682 0.61816 0.58766 0.65234 0.58766 0.65234 0.55682
0 0.67285 0.55682 0.67285 0.58766 0.70703 0.58766 0.70703 0.55682
0 0.61719 0.60877 0.61719 0.63636 0.65234 0.63636 0.65234 0.60877
0 0.67285 0.60714 0.67285 0.63474 0.70801 0.63474 0.70801 0.60714
0 0.61719 0.67045 0.61719 0.69805 0.65234 0.69805 0.65234 0.67045
0 0.67188 0.67045 0.67188 0.69805 0.70703 0.69805 0.70703 0.67045
0 0.6709 0.71753 0.6709 0.74513 0.70605 0.74513 0.70605 0.71753
0 0.61719 0.71753 0.61719 0.74513 0.65137 0.74513 0.65137 0.71753
0 0.61426 0.78084 0.61426 0.80844 0.64941 0.80844 0.64941 0.78084
0 0.6709 0.77922 0.6709 0.80682 0.70605 0.80682 0.70605 0.77922
0 0.61426 0.82955 0.61426 0.85714 0.64941 0.85714 0.64941 0.82955
0 0.61426 0.89123 0.61426 0.91883 0.64941 0.91883 0.64941 0.89123
0 0.6123 0.93831 0.6123 0.96591 0.64746 0.96591 0.64746 0.93831
0 0.66895 0.93831 0.66895 0.96591 0.7041 0.96591 0.7041 0.93831
0 0.66895 0.89123 0.66895 0.91883 0.7041 0.91883 0.7041 0.89123
0 0.6709 0.82792 0.6709 0.85552 0.70605 0.85552 0.70605 0.82792
0 0.73242 0.035714 0.73242 0.060065 0.76855 0.060065 0.76855 0.035714
0 0.7334 0.079545 0.7334 0.1039 0.76855 0.1039 0.76855 0.079545
0 0.73242 0.13636 0.73242 0.16071 0.76855 0.16071 0.76855 0.13636
0 0.73242 0.18182 0.73242 0.20617 0.76855 0.20617 0.76855 0.18182
0 0.73242 0.24188 0.73242 0.26623 0.76855 0.26623 0.76855 0.24188
0 0.73438 0.28896 0.73438 0.31331 0.76953 0.31331 0.76953 0.28896
0 0.73242 0.3474 0.73242 0.37175 0.77051 0.37175 0.77051 0.3474
0 0.73242 0.39286 0.73242 0.41721 0.77051 0.41721 0.77051 0.39286
0 0.73242 0.45292 0.73242 0.4789 0.76953 0.4789 0.76953 0.45292
0 0.73242 0.49838 0.73242 0.52435 0.77051 0.52435 0.77051 0.49838
0 0.73145 0.56169 0.73145 0.58766 0.76953 0.58766 0.76953 0.56169
0 0.7334 0.60877 0.7334 0.63474 0.77051 0.63474 0.77051 0.60877
0 0.73242 0.67045 0.73242 0.69643 0.77051 0.69643 0.77051 0.67045
0 0.73145 0.72078 0.73145 0.74513 0.76953 0.74513 0.76953 0.72078
0 0.73047 0.78084 0.73047 0.80519 0.76855 0.80519 0.76855 0.78084
0 0.73047 0.82955 0.73047 0.8539 0.76855 0.8539 0.76855 0.82955
0 0.72949 0.89123 0.72949 0.91558 0.7666 0.91558 0.7666 0.89123
0 0.72754 0.93669 0.72754 0.96266 0.76562 0.96266 0.76562 0.93669
0 0.78906 0.034091 0.78906 0.10877 0.8291 0.10877 0.8291 0.034091
0 0.79004 0.13312 0.79004 0.20779 0.83008 0.20779 0.83008 0.13312
0 0.78906 0.23864 0.78906 0.31169 0.8291 0.31169 0.8291 0.23864
0 0.78906 0.34091 0.78906 0.41558 0.8291 0.41558 0.8291 0.34091
0 0.79004 0.44805 0.79004 0.52273 0.83008 0.52273 0.83008 0.44805
0 0.79102 0.55844 0.79102 0.63312 0.83105 0.63312 0.83105 0.55844
0 0.79004 0.66721 0.79004 0.74188 0.83008 0.74188 0.83008 0.66721
0 0.78809 0.77597 0.78809 0.85065 0.8291 0.85065 0.8291 0.77597
0 0.78711 0.88799 0.78711 0.96266 0.82812 0.96266 0.82812 0.88799
0 0.84863 0.88474 0.84863 0.95942 0.88867 0.95942 0.88867 0.88474
0 0.84863 0.77435 0.84863 0.85065 0.89062 0.85065 0.89062 0.77435
0 0.84961 0.66558 0.84961 0.74188 0.8916 0.74188 0.8916 0.66558
0 0.84863 0.55682 0.84863 0.63149 0.89062 0.63149 0.89062 0.55682
0 0.84961 0.34253 0.84961 0.41883 0.8916 0.41883 0.8916 0.34253
0 0.84961 0.24026 0.84961 0.31494 0.8916 0.31494 0.8916 0.24026
0 0.85059 0.13474 0.85059 0.21104 0.89258 0.21104 0.89258 0.13474
0 0.84668 0.035714 0.84668 0.10714 0.88965 0.10714 0.88965 0.035714
0 0.85547 0.47078 0.85547 0.51299 0.88672 0.51299 0.88672 0.47078
