0 0.21875 0.24121 0.21875 0.28516 0.27604 0.28516 0.27604 0.24121
0 0.21745 0.18848 0.21745 0.23242 0.27604 0.23242 0.27604 0.18848
0 0.21875 0.36914 0.21875 0.41309 0.27604 0.41309 0.27604 0.36914
0 0.22005 0.42285 0.22005 0.4668 0.27734 0.4668 0.27734 0.42285
0 0.36068 0.18945 0.36068 0.23438 0.41797 0.23438 0.41797 0.18945
0 0.36068 0.24219 0.36068 0.28613 0.41797 0.28613 0.41797 0.24219
0 0.36068 0.37012 0.36068 0.41406 0.41797 0.41406 0.41797 0.37012
0 0.36068 0.42188 0.36068 0.46582 0.41797 0.46582 0.41797 0.42188
0 0.21745 0.057617 0.21745 0.10254 0.27474 0.10254 0.27474 0.057617
0 0.48568 0.19043 0.48568 0.23535 0.54297 0.23535 0.54297 0.19043
0 0.48568 0.24219 0.48568 0.28711 0.54297 0.28711 0.54297 0.24219
0 0.48438 0.37012 0.48438 0.41504 0.54167 0.41504 0.54167 0.37012
0 0.48568 0.42285 0.48568 0.4668 0.54427 0.4668 0.54427 0.42285
0 0.21875 0.5498 0.21875 0.59473 0.27604 0.59473 0.27604 0.5498
0 0.21875 0.60254 0.21875 0.64746 0.27604 0.64746 0.27604 0.60254
0 0.21875 0.72656 0.21875 0.77148 0.27604 0.77148 0.27604 0.72656
0 0.22005 0.7793 0.22005 0.82422 0.27734 0.82422 0.27734 0.7793
0 0.36198 0.7793 0.36198 0.82227 0.41927 0.82227 0.41927 0.7793
0 0.36198 0.72559 0.36198 0.76953 0.41927 0.76953 0.41927 0.72559
0 0.36068 0.60449 0.36068 0.64746 0.41797 0.64746 0.41797 0.60449
0 0.36198 0.55176 0.36198 0.59473 0.42057 0.59473 0.42057 0.55176
0 0.60938 0.42383 0.60938 0.46875 0.66667 0.46875 0.66667 0.42383
0 0.60677 0.37109 0.60677 0.41504 0.66797 0.41504 0.66797 0.37109
0 0.60677 0.55176 0.60677 0.5957 0.66927 0.5957 0.66927 0.55176
0 0.60677 0.60449 0.60677 0.64844 0.66797 0.64844 0.66797 0.60449
0 0.48307 0.55176 0.48307 0.5957 0.54427 0.5957 0.54427 0.55176
0 0.48307 0.60449 0.48307 0.64844 0.54427 0.64844 0.54427 0.60449
0 0.48307 0.72656 0.48307 0.77051 0.54557 0.77051 0.54557 0.72656
0 0.48307 0.7793 0.48307 0.82324 0.54427 0.82324 0.54427 0.7793
0 0.60677 0.72656 0.60677 0.77051 0.66797 0.77051 0.66797 0.72656
0 0.60677 0.78027 0.60677 0.82324 0.66797 0.82324 0.66797 0.78027
0 0.50911 0.91211 0.50911 0.94336 0.56771 0.94336 0.56771 0.91211
0 0.38802 0.91211 0.38802 0.94336 0.44661 0.94336 0.44661 0.91211
0 0.22005 0.91992 0.22005 0.9541 0.27604 0.9541 0.27604 0.91992
0 0.60677 0.24512 0.60677 0.28711 0.66797 0.28711 0.66797 0.24512
0 0.60677 0.19336 0.60677 0.23535 0.66797 0.23535 0.66797 0.19336
0 0.75911 0.42578 0.75911 0.46777 0.84635 0.46777 0.84635 0.42578
0 0.75911 0.37402 0.75911 0.41699 0.84635 0.41699 0.84635 0.37402
0 0.75911 0.55273 0.75911 0.5957 0.84635 0.5957 0.84635 0.55273
0 0.75911 0.60547 0.75911 0.64844 0.84635 0.64844 0.84635 0.60547
0 0.75911 0.24512 0.75911 0.28809 0.84635 0.28809 0.84635 0.24512
0 0.76042 0.19238 0.76042 0.23535 0.84766 0.23535 0.84766 0.19238
0 0.76042 0.72754 0.76042 0.77051 0.84635 0.77051 0.84635 0.72754
0 0.76042 0.78027 0.76042 0.82227 0.84635 0.82227 0.84635 0.78027
