0 0.21897 0.11914 0.21897 0.16309 0.31939 0.16309 0.31939 0.11914
0 0.22455 0.26855 0.22455 0.30273 0.32218 0.30273 0.32218 0.26855
0 0.21897 0.33398 0.21897 0.36719 0.32357 0.36719 0.32357 0.33398
0 0.22315 0.39844 0.22315 0.43359 0.32357 0.43359 0.32357 0.39844
0 0.22315 0.46387 0.22315 0.49805 0.32357 0.49805 0.32357 0.46387
0 0.22315 0.54688 0.22315 0.58789 0.32078 0.58789 0.32078 0.54688
0 0.22455 0.62598 0.22455 0.66699 0.32218 0.66699 0.32218 0.62598
0 0.22455 0.7041 0.22455 0.74707 0.32078 0.74707 0.32078 0.7041
0 0.22176 0.7959 0.22176 0.83105 0.32218 0.83105 0.32218 0.7959
0 0.22315 0.8623 0.22315 0.89551 0.32078 0.89551 0.32078 0.8623
0 0.22176 0.92676 0.22176 0.96094 0.32078 0.96094 0.32078 0.92676
0 0.4198 0.12012 0.4198 0.16309 0.52162 0.16309 0.52162 0.12012
0 0.42678 0.26855 0.42678 0.30273 0.52441 0.30273 0.52441 0.26855
0 0.42538 0.33398 0.42538 0.36816 0.52301 0.36816 0.52301 0.33398
0 0.42538 0.39844 0.42538 0.43262 0.52301 0.43262 0.52301 0.39844
0 0.42538 0.46387 0.42538 0.49707 0.52301 0.49707 0.52301 0.46387
0 0.42259 0.5459 0.42259 0.58887 0.52301 0.58887 0.52301 0.5459
0 0.42259 0.62598 0.42259 0.66895 0.52301 0.66895 0.52301 0.62598
0 0.42259 0.70508 0.42259 0.74707 0.52162 0.74707 0.52162 0.70508
0 0.42399 0.7959 0.42399 0.83008 0.52441 0.83008 0.52441 0.7959
0 0.42399 0.8623 0.42399 0.89746 0.52301 0.89746 0.52301 0.8623
0 0.42399 0.92773 0.42399 0.96094 0.52301 0.96094 0.52301 0.92773
0 0.62064 0.12012 0.62064 0.16309 0.72385 0.16309 0.72385 0.12012
0 0.61925 0.26953 0.61925 0.30371 0.72524 0.30371 0.72524 0.26953
0 0.62064 0.33496 0.62064 0.36914 0.72385 0.36914 0.72385 0.33496
0 0.61925 0.39844 0.61925 0.43359 0.72385 0.43359 0.72385 0.39844
0 0.61925 0.46484 0.61925 0.49902 0.72385 0.49902 0.72385 0.46484
0 0.62343 0.54688 0.62343 0.58984 0.72664 0.58984 0.72664 0.54688
0 0.62064 0.62793 0.62064 0.66699 0.72803 0.66699 0.72803 0.62793
0 0.62064 0.70605 0.62064 0.74707 0.72385 0.74707 0.72385 0.70605
0 0.62064 0.79785 0.62064 0.83301 0.72245 0.83301 0.72245 0.79785
0 0.62064 0.86621 0.62064 0.89941 0.72385 0.89941 0.72385 0.86621
0 0.81869 0.12012 0.81869 0.16113 0.9219 0.16113 0.9219 0.12012
0 0.82566 0.26855 0.82566 0.30273 0.92748 0.30273 0.92748 0.26855
0 0.82566 0.33398 0.82566 0.36816 0.92608 0.36816 0.92608 0.33398
0 0.82427 0.39941 0.82427 0.43262 0.92748 0.43262 0.92748 0.39941
0 0.82427 0.46484 0.82427 0.49805 0.92608 0.49805 0.92608 0.46484
0 0.84379 0.55566 0.84379 0.58301 0.92748 0.58301 0.92748 0.55566
0 0.84379 0.71387 0.84379 0.74316 0.92608 0.74316 0.92608 0.71387
0 0.82566 0.7959 0.82566 0.83203 0.92608 0.83203 0.92608 0.7959
1 0.83264 0.62207 0.83264 0.67871 0.99303 0.67871 0.99303 0.62207
