0 0.12988 0.14083 0.12988 0.18863 0.20996 0.18863 0.20996 0.14083
0 0.13086 0.20543 0.13086 0.25323 0.20996 0.25323 0.20996 0.20543
0 0.13086 0.37468 0.13086 0.42119 0.20996 0.42119 0.20996 0.37468
0 0.13086 0.43928 0.13086 0.48579 0.20996 0.48579 0.20996 0.43928
0 0.13281 0.60724 0.13281 0.65245 0.21191 0.65245 0.21191 0.60724
0 0.13281 0.67442 0.13281 0.72093 0.21289 0.72093 0.21289 0.67442
0 0.29102 0.60594 0.29102 0.65504 0.36816 0.65504 0.36816 0.60594
0 0.29297 0.37339 0.29297 0.42248 0.36914 0.42248 0.36914 0.37339
0 0.29102 0.20672 0.29102 0.25711 0.36914 0.25711 0.36914 0.20672
0 0.29102 0.14083 0.29102 0.19251 0.37012 0.19251 0.37012 0.14083
0 0.29199 0.43798 0.29199 0.48708 0.36914 0.48708 0.36914 0.43798
0 0.29199 0.67054 0.29199 0.71964 0.36914 0.71964 0.36914 0.67054
0 0.45312 0.14083 0.45312 0.18863 0.53418 0.18863 0.53418 0.14083
0 0.4541 0.20672 0.4541 0.25194 0.53418 0.25194 0.53418 0.20672
0 0.4541 0.37339 0.4541 0.42119 0.53418 0.42119 0.53418 0.37339
0 0.45312 0.43669 0.45312 0.48708 0.53418 0.48708 0.53418 0.43669
0 0.45312 0.60465 0.45312 0.65375 0.53418 0.65375 0.53418 0.60465
0 0.45312 0.67054 0.45312 0.72093 0.53418 0.72093 0.53418 0.67054
0 0.78125 0.20543 0.78125 0.25194 0.8623 0.25194 0.8623 0.20543
0 0.78223 0.14083 0.78223 0.18863 0.86328 0.18863 0.86328 0.14083
0 0.11133 0.86822 0.11133 0.93282 0.18555 0.93282 0.18555 0.86822
0 0.26172 0.86822 0.26172 0.93411 0.34277 0.93411 0.34277 0.86822
0 0.42285 0.86693 0.42285 0.93152 0.50586 0.93152 0.50586 0.86693
0 0.58008 0.86434 0.58008 0.93023 0.66504 0.93023 0.66504 0.86434
0 0.77637 0.66925 0.77637 0.71705 0.85547 0.71705 0.85547 0.66925
0 0.77637 0.60336 0.77637 0.65116 0.85645 0.65116 0.85645 0.60336
0 0.79199 0.40439 0.79199 0.43282 0.84082 0.43282 0.84082 0.40439
0 0.79688 0.37855 0.79688 0.39535 0.84082 0.39535 0.84082 0.37855
0 0.79492 0.44186 0.79492 0.45995 0.8418 0.45995 0.8418 0.44186
0 0.62012 0.1447 0.62012 0.24677 0.70117 0.24677 0.70117 0.1447
0 0.62012 0.37468 0.62012 0.47804 0.7002 0.47804 0.7002 0.37468
0 0.61914 0.60724 0.61914 0.70801 0.69922 0.70801 0.69922 0.60724
1 0.86621 0.37855 0.86621 0.46253 0.99121 0.46253 0.99121 0.37855
