0 0.11816 0.14638 0.11816 0.25732 0.21387 0.25732 0.21387 0.14638
0 0.12109 0.38983 0.12109 0.50231 0.21387 0.50231 0.21387 0.38983
0 0.12305 0.64253 0.12305 0.75039 0.21387 0.75039 0.21387 0.64253
0 0.12305 0.86903 0.12305 0.97535 0.21582 0.97535 0.21582 0.86903
0 0.33594 0.14638 0.33594 0.25732 0.43848 0.25732 0.43848 0.14638
0 0.33789 0.64099 0.33789 0.75347 0.43848 0.75347 0.43848 0.64099
0 0.33594 0.86441 0.33594 0.97227 0.43652 0.97227 0.43652 0.86441
0 0.57031 0.13405 0.57031 0.26502 0.70898 0.26502 0.70898 0.13405
0 0.57129 0.37904 0.57129 0.50693 0.71094 0.50693 0.71094 0.37904
0 0.57227 0.62712 0.57227 0.76117 0.70801 0.76117 0.70801 0.62712
0 0.57227 0.849 0.57227 0.97072 0.70801 0.97072 0.70801 0.849
0 0.82129 0.14946 0.82129 0.24961 0.91895 0.24961 0.91895 0.14946
0 0.82031 0.39445 0.82031 0.49307 0.91895 0.49307 0.91895 0.39445
0 0.82031 0.64253 0.82031 0.7396 0.91797 0.7396 0.91797 0.64253
0 0.81934 0.87365 0.81934 0.97072 0.91895 0.97072 0.91895 0.87365
0 0.33398 0.39137 0.33398 0.50231 0.43652 0.50231 0.43652 0.39137
