0 0.11097 0.68262 0.11097 0.70117 0.15666 0.70117 0.15666 0.68262
0 0.11097 0.61719 0.11097 0.63477 0.15666 0.63477 0.15666 0.61719
0 0.11227 0.59473 0.11227 0.6123 0.15796 0.6123 0.15796 0.59473
0 0.11358 0.52051 0.11358 0.53809 0.15927 0.53809 0.15927 0.52051
0 0.11358 0.49902 0.11358 0.5166 0.15927 0.5166 0.15927 0.49902
0 0.11488 0.41992 0.11488 0.4375 0.15796 0.4375 0.15796 0.41992
0 0.11358 0.39844 0.11358 0.41602 0.15666 0.41602 0.15666 0.39844
0 0.11488 0.32422 0.11488 0.3418 0.15796 0.3418 0.15796 0.32422
0 0.11488 0.30273 0.11488 0.32031 0.15796 0.32031 0.15796 0.30273
0 0.11488 0.2373 0.11488 0.25488 0.15796 0.25488 0.15796 0.2373
0 0.22193 0.23145 0.22193 0.25879 0.2859 0.25879 0.2859 0.23145
0 0.22063 0.28711 0.22063 0.31543 0.2846 0.31543 0.2846 0.28711
0 0.22063 0.32812 0.22063 0.35547 0.2846 0.35547 0.2846 0.32812
0 0.21932 0.38379 0.21932 0.41211 0.28329 0.41211 0.28329 0.38379
0 0.21932 0.42578 0.21932 0.45312 0.28329 0.45312 0.28329 0.42578
0 0.21932 0.4834 0.21932 0.51074 0.28329 0.51074 0.28329 0.4834
0 0.21932 0.52344 0.21932 0.55176 0.28329 0.55176 0.28329 0.52344
0 0.21802 0.58008 0.21802 0.6084 0.28198 0.6084 0.28198 0.58008
0 0.21802 0.62109 0.21802 0.64941 0.28198 0.64941 0.28198 0.62109
0 0.21671 0.67871 0.21671 0.70605 0.28198 0.70605 0.28198 0.67871
0 0.34726 0.67676 0.34726 0.70898 0.42167 0.70898 0.42167 0.67676
0 0.34856 0.61914 0.34856 0.65137 0.42298 0.65137 0.42298 0.61914
0 0.34856 0.5791 0.34856 0.61133 0.42298 0.61133 0.42298 0.5791
0 0.34856 0.52148 0.34856 0.55469 0.42428 0.55469 0.42428 0.52148
0 0.34856 0.48242 0.34856 0.51465 0.42298 0.51465 0.42298 0.48242
0 0.34856 0.4248 0.34856 0.45703 0.42298 0.45703 0.42298 0.4248
0 0.34856 0.38477 0.34856 0.41699 0.42298 0.41699 0.42298 0.38477
0 0.34987 0.32715 0.34987 0.36035 0.42428 0.36035 0.42428 0.32715
0 0.34987 0.28613 0.34987 0.32031 0.42559 0.32031 0.42559 0.28613
0 0.35117 0.23047 0.35117 0.2627 0.42559 0.2627 0.42559 0.23047
0 0.46736 0.67676 0.46736 0.70996 0.55614 0.70996 0.55614 0.67676
0 0.46867 0.62012 0.46867 0.65234 0.55744 0.65234 0.55744 0.62012
0 0.46736 0.58008 0.46736 0.6123 0.5718 0.6123 0.5718 0.58008
0 0.46736 0.52246 0.46736 0.55469 0.55614 0.55469 0.55614 0.52246
0 0.46867 0.48242 0.46867 0.51465 0.55483 0.51465 0.55483 0.48242
0 0.46867 0.4248 0.46867 0.45703 0.55352 0.45703 0.55352 0.4248
0 0.46997 0.38477 0.46997 0.41699 0.55614 0.41699 0.55614 0.38477
0 0.46997 0.32812 0.46997 0.36035 0.57572 0.36035 0.57572 0.32812
0 0.46997 0.28711 0.46997 0.31934 0.55352 0.31934 0.55352 0.28711
0 0.47128 0.23047 0.47128 0.2627 0.55483 0.2627 0.55483 0.23047
0 0.61619 0.22852 0.61619 0.26074 0.69191 0.26074 0.69191 0.22852
0 0.61619 0.28613 0.61619 0.31836 0.6906 0.31836 0.6906 0.28613
0 0.61488 0.32617 0.61488 0.35938 0.6906 0.35938 0.6906 0.32617
0 0.61488 0.38281 0.61488 0.41504 0.6906 0.41504 0.6906 0.38281
0 0.61488 0.42383 0.61488 0.45703 0.6893 0.45703 0.6893 0.42383
0 0.61488 0.48145 0.61488 0.51367 0.6893 0.51367 0.6893 0.48145
0 0.61358 0.52246 0.61358 0.55469 0.6906 0.55469 0.6906 0.52246
0 0.61358 0.5791 0.61358 0.61035 0.6906 0.61035 0.6906 0.5791
0 0.61488 0.62109 0.61488 0.65234 0.69191 0.65234 0.69191 0.62109
0 0.61488 0.67773 0.61488 0.70996 0.69191 0.70996 0.69191 0.67773
0 0.36292 0.7627 0.36292 0.78613 0.43734 0.78613 0.43734 0.7627
0 0.48042 0.76367 0.48042 0.79004 0.57441 0.79004 0.57441 0.76367
0 0.62141 0.76953 0.62141 0.79004 0.69713 0.79004 0.69713 0.76953
0 0.2376 0.76758 0.2376 0.78906 0.29112 0.78906 0.29112 0.76758
0 0.24804 0.79102 0.24804 0.80371 0.30287 0.80371 0.30287 0.79102
