1 0.71549 0.24609 0.71549 0.33203 0.98485 0.33203 0.98485 0.24609
0 0.13636 0.50098 0.13636 0.54199 0.22559 0.54199 0.22559 0.50098
0 0.13805 0.27148 0.13805 0.30859 0.22559 0.30859 0.22559 0.27148
0 0.14141 0.039062 0.14141 0.076172 0.22896 0.076172 0.22896 0.039062
0 0.12626 0.86914 0.12626 0.88477 0.20034 0.88477 0.20034 0.86914
0 0.12626 0.80176 0.12626 0.81836 0.20202 0.81836 0.20202 0.80176
0 0.082492 0.83301 0.082492 0.85156 0.19865 0.85156 0.19865 0.83301
0 0.7037 0.85352 0.7037 0.89648 0.86027 0.89648 0.86027 0.85352
0 0.70539 0.79297 0.70539 0.83691 0.86195 0.83691 0.86195 0.79297
0 0.71212 0.62891 0.71212 0.66992 0.86364 0.66992 0.86364 0.62891
0 0.71044 0.50977 0.71044 0.55176 0.86195 0.55176 0.86195 0.50977
0 0.71044 0.38867 0.71044 0.43262 0.86027 0.43262 0.86027 0.38867
0 0.71549 0.15234 0.71549 0.19434 0.86532 0.19434 0.86532 0.15234
0 0.71549 0.032227 0.71549 0.076172 0.86532 0.076172 0.86532 0.032227
0 0.39394 0.85352 0.39394 0.89062 0.56061 0.89062 0.56061 0.85352
0 0.39562 0.79297 0.39562 0.83105 0.56229 0.83105 0.56229 0.79297
0 0.40909 0.62402 0.40909 0.66895 0.57071 0.66895 0.57071 0.62402
0 0.41077 0.50684 0.41077 0.55078 0.57071 0.55078 0.57071 0.50684
0 0.41077 0.38672 0.41077 0.43359 0.57407 0.43359 0.57407 0.38672
0 0.41246 0.26953 0.41246 0.31641 0.57744 0.31641 0.57744 0.26953
0 0.41077 0.15234 0.41077 0.19824 0.57744 0.19824 0.57744 0.15234
0 0.41246 0.033203 0.41246 0.080078 0.57744 0.080078 0.57744 0.033203
