0 0.15364 0.38968 0.15364 0.46132 0.26146 0.46132 0.26146 0.38968
0 0.15094 0.55587 0.15094 0.62751 0.25876 0.62751 0.25876 0.55587
0 0.37736 0.1404 0.37736 0.21203 0.48518 0.21203 0.48518 0.1404
0 0.36119 0.38682 0.36119 0.46418 0.47439 0.46418 0.47439 0.38682
0 0.36119 0.55874 0.36119 0.63324 0.47439 0.63324 0.47439 0.55874
0 0.37197 0.76791 0.37197 0.84527 0.48518 0.84527 0.48518 0.76791
0 0.57951 0.14327 0.57951 0.2149 0.69003 0.2149 0.69003 0.14327
0 0.57951 0.77364 0.57951 0.851 0.68733 0.851 0.68733 0.77364
0 0.56873 0.5616 0.56873 0.63037 0.72237 0.63037 0.72237 0.5616
0 0.57412 0.39828 0.57412 0.46705 0.72507 0.46705 0.72507 0.39828
0 0.78976 0.14613 0.78976 0.2149 0.90566 0.2149 0.90566 0.14613
0 0.78976 0.39542 0.78976 0.46991 0.90836 0.46991 0.90836 0.39542
0 0.78706 0.5616 0.78706 0.63324 0.90566 0.63324 0.90566 0.5616
0 0.78976 0.77364 0.78976 0.84527 0.90836 0.84527 0.90836 0.77364
