0 0.19434 0.095528 0.19434 0.17175 0.27539 0.17175 0.27539 0.095528
0 0.19629 0.36077 0.19629 0.43699 0.27734 0.43699 0.27734 0.36077
0 0.19824 0.56504 0.19824 0.64126 0.2793 0.64126 0.2793 0.56504
0 0.20117 0.82622 0.20117 0.90244 0.28223 0.90244 0.28223 0.82622
0 0.33105 0.8252 0.33105 0.90549 0.41406 0.90549 0.41406 0.8252
0 0.32812 0.56402 0.32812 0.65041 0.41309 0.65041 0.41309 0.56402
0 0.32715 0.35366 0.32715 0.44004 0.41211 0.44004 0.41211 0.35366
0 0.32617 0.086382 0.32617 0.17276 0.41113 0.17276 0.41113 0.086382
0 0.46777 0.085366 0.46777 0.17276 0.57715 0.17276 0.57715 0.085366
0 0.46582 0.35264 0.46582 0.43902 0.57617 0.43902 0.57617 0.35264
0 0.46777 0.56301 0.46777 0.64939 0.57715 0.64939 0.57715 0.56301
0 0.46777 0.82622 0.46777 0.9126 0.57715 0.9126 0.57715 0.82622
0 0.62598 0.82317 0.62598 0.91057 0.75 0.91057 0.75 0.82317
0 0.62598 0.55894 0.62598 0.65244 0.75098 0.65244 0.75098 0.55894
0 0.62793 0.35163 0.62793 0.44411 0.75195 0.44411 0.75195 0.35163
0 0.62695 0.083333 0.62695 0.17581 0.75098 0.17581 0.75098 0.083333
0 0.14453 0.11382 0.14453 0.15752 0.16113 0.15752 0.16113 0.11382
0 0.14355 0.375 0.14355 0.41565 0.16113 0.41565 0.16113 0.375
0 0.14453 0.5813 0.14453 0.62703 0.16211 0.62703 0.16211 0.5813
0 0.14746 0.83943 0.14746 0.88516 0.16602 0.88516 0.16602 0.83943
