0 0.26855 0.17417 0.26855 0.24763 0.36719 0.24763 0.36719 0.17417
0 0.26855 0.34716 0.26855 0.4218 0.36719 0.4218 0.36719 0.34716
0 0.26758 0.4846 0.26758 0.55924 0.36719 0.55924 0.36719 0.4846
0 0.2666 0.62441 0.2666 0.70142 0.36523 0.70142 0.36523 0.62441
0 0.26758 0.76303 0.26758 0.84123 0.36719 0.84123 0.36719 0.76303
0 0.26465 0.91588 0.26465 0.96209 0.36426 0.96209 0.36426 0.91588
0 0.46387 0.16825 0.46387 0.24645 0.56348 0.24645 0.56348 0.16825
0 0.46387 0.34479 0.46387 0.4218 0.56348 0.4218 0.56348 0.34479
0 0.4668 0.48223 0.4668 0.56043 0.56543 0.56043 0.56543 0.48223
0 0.46582 0.62559 0.46582 0.70379 0.56445 0.70379 0.56445 0.62559
0 0.46484 0.91825 0.46484 0.96445 0.56445 0.96445 0.56445 0.91825
0 0.66113 0.91943 0.66113 0.96327 0.76074 0.96327 0.76074 0.91943
0 0.85352 0.92417 0.85352 0.96209 0.93066 0.96209 0.93066 0.92417
0 0.46484 0.76777 0.46484 0.84479 0.56348 0.84479 0.56348 0.76777
0 0.66211 0.77014 0.66211 0.84834 0.76074 0.84834 0.76074 0.77014
0 0.66211 0.62441 0.66211 0.70142 0.76074 0.70142 0.76074 0.62441
0 0.66211 0.48341 0.66211 0.56043 0.76172 0.56043 0.76172 0.48341
0 0.66211 0.34242 0.66211 0.42062 0.76074 0.42062 0.76074 0.34242
0 0.66113 0.16351 0.66113 0.24171 0.75977 0.24171 0.75977 0.16351
0 0.8584 0.17062 0.8584 0.24171 0.93359 0.24171 0.93359 0.17062
0 0.8584 0.34834 0.8584 0.41943 0.93359 0.41943 0.93359 0.34834
0 0.8584 0.48697 0.8584 0.55806 0.93359 0.55806 0.93359 0.48697
0 0.85547 0.77488 0.85547 0.84597 0.93164 0.84597 0.93164 0.77488
0 0.12891 0.83175 0.12891 0.87441 0.15918 0.87441 0.15918 0.83175
0 0.12598 0.34123 0.12598 0.38389 0.15918 0.38389 0.15918 0.34123
0 0.12988 0.55924 0.12988 0.6019 0.14941 0.6019 0.14941 0.55924
1 0.85449 0.62322 0.85449 0.70853 0.97852 0.70853 0.97852 0.62322
