0 0.043478 0.23473 0.043478 0.29962 0.12846 0.29962 0.12846 0.23473
0 0.051383 0.48664 0.051383 0.55153 0.12253 0.55153 0.12253 0.48664
0 0.25494 0.45611 0.25494 0.54198 0.3913 0.54198 0.3913 0.45611
0 0.25494 0.19656 0.25494 0.28053 0.38735 0.28053 0.38735 0.19656
0 0.49209 0.45611 0.49209 0.53817 0.62648 0.53817 0.62648 0.45611
0 0.49209 0.19466 0.49209 0.27863 0.62648 0.27863 0.62648 0.19466
0 0.72727 0.19084 0.72727 0.2729 0.87549 0.2729 0.87549 0.19084
0 0.73518 0.4542 0.73518 0.53626 0.8834 0.53626 0.8834 0.4542
0 0.72925 0.81489 0.72925 0.89885 0.87747 0.89885 0.87747 0.81489
0 0.2747 0.81107 0.2747 0.89313 0.42885 0.89313 0.42885 0.81107
0 0.50395 0.81107 0.50395 0.89504 0.66996 0.89504 0.66996 0.81107
0 0.083004 0.81107 0.083004 0.89504 0.18577 0.89504 0.18577 0.81107
