0 0.12072 0.033203 0.12072 0.068359 0.21622 0.068359 0.21622 0.033203
0 0.12072 0.14551 0.12072 0.18262 0.22162 0.18262 0.22162 0.14551
0 0.12252 0.25977 0.12252 0.2959 0.21982 0.2959 0.21982 0.25977
0 0.33694 0.033203 0.33694 0.069336 0.47027 0.069336 0.47027 0.033203
0 0.33874 0.14648 0.33874 0.18262 0.47027 0.18262 0.47027 0.14648
0 0.33874 0.25977 0.33874 0.29492 0.46847 0.29492 0.46847 0.25977
0 0.12252 0.37402 0.12252 0.4082 0.21982 0.4082 0.21982 0.37402
0 0.12252 0.48535 0.12252 0.52148 0.21982 0.52148 0.21982 0.48535
0 0.12252 0.59863 0.12252 0.63281 0.21982 0.63281 0.21982 0.59863
0 0.33874 0.37305 0.33874 0.4082 0.46667 0.4082 0.46667 0.37305
0 0.33874 0.48633 0.33874 0.52148 0.46667 0.52148 0.46667 0.48633
0 0.33874 0.59863 0.33874 0.63184 0.46667 0.63184 0.46667 0.59863
0 0.12252 0.70996 0.12252 0.74316 0.21982 0.74316 0.21982 0.70996
0 0.12252 0.82227 0.12252 0.85547 0.21982 0.85547 0.21982 0.82227
0 0.12252 0.93359 0.12252 0.9668 0.21802 0.9668 0.21802 0.93359
0 0.33874 0.70898 0.33874 0.74219 0.46667 0.74219 0.46667 0.70898
0 0.33874 0.82031 0.33874 0.85352 0.46667 0.85352 0.46667 0.82031
0 0.33874 0.93164 0.33874 0.96484 0.46847 0.96484 0.46847 0.93164
0 0.56937 0.029297 0.56937 0.073242 0.74054 0.073242 0.74054 0.029297
0 0.56937 0.14355 0.56937 0.1875 0.74054 0.1875 0.74054 0.14355
0 0.56937 0.25488 0.56937 0.2998 0.73874 0.2998 0.73874 0.25488
0 0.81261 0.26074 0.81261 0.2959 0.91712 0.2959 0.91712 0.26074
0 0.57117 0.36914 0.57117 0.41406 0.74054 0.41406 0.74054 0.36914
0 0.57117 0.48242 0.57117 0.52539 0.74234 0.52539 0.74234 0.48242
0 0.57117 0.59375 0.57117 0.63672 0.74054 0.63672 0.74054 0.59375
0 0.81441 0.375 0.81441 0.4082 0.91712 0.4082 0.91712 0.375
0 0.81261 0.48633 0.81261 0.52051 0.91712 0.52051 0.91712 0.48633
0 0.81261 0.59668 0.81261 0.63281 0.91712 0.63281 0.91712 0.59668
0 0.57117 0.7041 0.57117 0.74707 0.73874 0.74707 0.73874 0.7041
0 0.57117 0.81445 0.57117 0.8584 0.74234 0.8584 0.74234 0.81445
0 0.57117 0.92578 0.57117 0.96777 0.73874 0.96777 0.73874 0.92578
0 0.81261 0.70801 0.81261 0.74219 0.91532 0.74219 0.91532 0.70801
0 0.81081 0.81934 0.81081 0.85352 0.91712 0.85352 0.91712 0.81934
1 0.81261 0.92969 0.81261 0.96289 0.98919 0.96289 0.98919 0.92969
1 0.80541 0.03125 0.80541 0.076172 0.98559 0.076172 0.98559 0.03125
1 0.80541 0.14355 0.80541 0.18848 0.98378 0.18848 0.98378 0.14355
