0 0.10235 0.42871 0.10235 0.4707 0.1951 0.4707 0.1951 0.42871
0 0.10235 0.51953 0.10235 0.56152 0.19616 0.56152 0.19616 0.51953
0 0.10128 0.63086 0.10128 0.67383 0.1951 0.67383 0.1951 0.63086
0 0.10235 0.72168 0.10235 0.76562 0.19616 0.76562 0.19616 0.72168
0 0.28252 0.43066 0.28252 0.47168 0.3774 0.47168 0.3774 0.43066
0 0.28145 0.52051 0.28145 0.56348 0.3742 0.56348 0.3742 0.52051
0 0.28252 0.63379 0.28252 0.67676 0.37313 0.67676 0.37313 0.63379
0 0.28252 0.72461 0.28252 0.76855 0.3742 0.76855 0.3742 0.72461
0 0.46162 0.43066 0.46162 0.47363 0.55117 0.47363 0.55117 0.43066
0 0.46269 0.52344 0.46269 0.56641 0.5533 0.56641 0.5533 0.52344
0 0.46162 0.63477 0.46162 0.67676 0.55544 0.67676 0.55544 0.63477
0 0.46162 0.72559 0.46162 0.76855 0.5533 0.76855 0.5533 0.72559
0 0.63966 0.43066 0.63966 0.47168 0.73881 0.47168 0.73881 0.43066
0 0.64179 0.52051 0.64179 0.5625 0.73987 0.5625 0.73987 0.52051
0 0.64286 0.63281 0.64286 0.6748 0.73987 0.6748 0.73987 0.63281
0 0.63966 0.72559 0.63966 0.7666 0.73987 0.7666 0.73987 0.72559
0 0.82516 0.63379 0.82516 0.67773 0.93177 0.67773 0.93177 0.63379
0 0.82516 0.52051 0.82516 0.56543 0.93177 0.56543 0.93177 0.52051
0 0.82516 0.42773 0.82516 0.47363 0.92964 0.47363 0.92964 0.42773
0 0.82623 0.27832 0.82623 0.35645 0.9339 0.35645 0.9339 0.27832
0 0.64392 0.85449 0.64392 0.88281 0.74094 0.88281 0.74094 0.85449
0 0.64392 0.89258 0.64392 0.91992 0.742 0.91992 0.742 0.89258
0 0.46375 0.89258 0.46375 0.92383 0.55757 0.92383 0.55757 0.89258
0 0.46269 0.85254 0.46269 0.88281 0.5565 0.88281 0.5565 0.85254
0 0.28678 0.89258 0.28678 0.9248 0.37846 0.9248 0.37846 0.89258
0 0.28571 0.85352 0.28571 0.88477 0.3774 0.88477 0.3774 0.85352
0 0.28571 0.32227 0.28571 0.35352 0.3774 0.35352 0.3774 0.32227
0 0.28571 0.28418 0.28571 0.31543 0.3774 0.31543 0.3774 0.28418
0 0.46269 0.31934 0.46269 0.35352 0.5565 0.35352 0.5565 0.31934
0 0.46375 0.28223 0.46375 0.31348 0.5565 0.31348 0.5565 0.28223
0 0.64392 0.32129 0.64392 0.34863 0.74094 0.34863 0.74094 0.32129
0 0.64392 0.28516 0.64392 0.31055 0.74094 0.31055 0.74094 0.28516
0 0.11834 0.088867 0.11834 0.1582 0.20896 0.1582 0.20896 0.088867
0 0.30171 0.10449 0.30171 0.17188 0.39765 0.17188 0.39765 0.10449
0 0.47974 0.10547 0.47974 0.17383 0.5693 0.17383 0.5693 0.10547
0 0.65139 0.10449 0.65139 0.17285 0.74094 0.17285 0.74094 0.10449
0 0.82729 0.1084 0.82729 0.17383 0.91684 0.17383 0.91684 0.1084
1 0.82623 0.72168 0.82623 0.76758 0.96802 0.76758 0.96802 0.72168
1 0.82729 0.83789 0.82729 0.93164 0.97335 0.93164 0.97335 0.83789
