0 0.16309 0.16766 0.16309 0.21916 0.29297 0.21916 0.29297 0.16766
0 0.16211 0.050299 0.16211 0.1018 0.29199 0.1018 0.29199 0.050299
0 0.16211 0.29102 0.16211 0.34251 0.29199 0.34251 0.29199 0.29102
0 0.16113 0.41198 0.16113 0.46467 0.29004 0.46467 0.29004 0.41198
0 0.16016 0.53653 0.16016 0.58802 0.28906 0.58802 0.28906 0.53653
0 0.16016 0.65988 0.16016 0.71138 0.29004 0.71138 0.29004 0.65988
0 0.16016 0.78323 0.16016 0.83473 0.29004 0.83473 0.29004 0.78323
0 0.16016 0.90419 0.16016 0.95569 0.29004 0.95569 0.29004 0.90419
0 0.3584 0.8994 0.3584 0.95449 0.49414 0.95449 0.49414 0.8994
0 0.3584 0.77844 0.3584 0.83353 0.49414 0.83353 0.49414 0.77844
0 0.35938 0.65509 0.35938 0.71018 0.49512 0.71018 0.49512 0.65509
0 0.3584 0.53533 0.3584 0.58922 0.49414 0.58922 0.49414 0.53533
0 0.36035 0.41078 0.36035 0.46587 0.49609 0.46587 0.49609 0.41078
0 0.35938 0.28623 0.35938 0.34132 0.49609 0.34132 0.49609 0.28623
0 0.35938 0.16766 0.35938 0.22156 0.49512 0.22156 0.49512 0.16766
0 0.55566 0.28982 0.55566 0.34491 0.69238 0.34491 0.69238 0.28982
0 0.55469 0.41078 0.55469 0.46467 0.69043 0.46467 0.69043 0.41078
0 0.55371 0.16647 0.55371 0.22156 0.68945 0.22156 0.68945 0.16647
0 0.55371 0.53293 0.55371 0.58683 0.68945 0.58683 0.68945 0.53293
0 0.55469 0.65749 0.55469 0.71138 0.69043 0.71138 0.69043 0.65749
0 0.55469 0.77964 0.55469 0.83353 0.69043 0.83353 0.69043 0.77964
0 0.55566 0.9018 0.55566 0.95689 0.69238 0.95689 0.69238 0.9018
0 0.36035 0.049102 0.36035 0.1006 0.48535 0.1006 0.48535 0.049102
0 0.55469 0.049102 0.55469 0.1018 0.67969 0.1018 0.67969 0.049102
0 0.77246 0.75569 0.77246 0.97006 0.98438 0.97006 0.98438 0.75569
0 0.77441 0.51138 0.77441 0.73174 0.98145 0.73174 0.98145 0.51138
