0 0.15183 0.032227 0.15183 0.067383 0.25131 0.067383 0.25131 0.032227
0 0.15183 0.12012 0.15183 0.15723 0.24817 0.15723 0.24817 0.12012
0 0.14974 0.2041 0.14974 0.24121 0.24607 0.24121 0.24607 0.2041
0 0.31099 0.032227 0.31099 0.06543 0.41257 0.06543 0.41257 0.032227
0 0.30995 0.12012 0.30995 0.15332 0.41152 0.15332 0.41152 0.12012
0 0.31414 0.20703 0.31414 0.24023 0.41675 0.24023 0.41675 0.20703
0 0.48482 0.032227 0.48482 0.068359 0.59162 0.068359 0.59162 0.032227
0 0.48377 0.12012 0.48377 0.15527 0.59058 0.15527 0.59058 0.12012
0 0.48586 0.20508 0.48586 0.24121 0.59267 0.24121 0.59267 0.20508
0 0.65654 0.20703 0.65654 0.24609 0.77382 0.24609 0.77382 0.20703
0 0.65759 0.11914 0.65759 0.15527 0.77592 0.15527 0.77592 0.11914
0 0.6555 0.035156 0.6555 0.071289 0.77487 0.071289 0.77487 0.035156
0 0.1466 0.30566 0.1466 0.35156 0.24293 0.35156 0.24293 0.30566
0 0.1466 0.39355 0.1466 0.44043 0.24817 0.44043 0.24817 0.39355
0 0.14555 0.48438 0.14555 0.53027 0.24607 0.53027 0.24607 0.48438
0 0.1466 0.57617 0.1466 0.62109 0.24921 0.62109 0.24921 0.57617
0 0.14764 0.67969 0.14764 0.72559 0.25026 0.72559 0.25026 0.67969
0 0.14764 0.76855 0.14764 0.81348 0.24921 0.81348 0.24921 0.76855
0 0.14974 0.8584 0.14974 0.90332 0.25236 0.90332 0.25236 0.8584
0 0.15393 0.94434 0.15393 0.98926 0.2555 0.98926 0.2555 0.94434
0 0.31309 0.93945 0.31309 0.98438 0.41571 0.98438 0.41571 0.93945
0 0.31309 0.85742 0.31309 0.90234 0.41571 0.90234 0.41571 0.85742
0 0.31099 0.76953 0.31099 0.81445 0.41361 0.81445 0.41361 0.76953
0 0.30785 0.68262 0.30785 0.72656 0.41675 0.72656 0.41675 0.68262
0 0.30785 0.57812 0.30785 0.62207 0.41675 0.62207 0.41675 0.57812
0 0.30681 0.4873 0.30681 0.53125 0.41571 0.53125 0.41571 0.4873
0 0.30785 0.39746 0.30785 0.44141 0.41675 0.44141 0.41675 0.39746
0 0.30576 0.30566 0.30576 0.34961 0.41466 0.34961 0.41466 0.30566
0 0.48586 0.30469 0.48586 0.34863 0.59372 0.34863 0.59372 0.30469
0 0.48586 0.39746 0.48586 0.44141 0.59895 0.44141 0.59895 0.39746
0 0.48482 0.48828 0.48482 0.53418 0.59686 0.53418 0.59686 0.48828
0 0.48482 0.5752 0.48482 0.62012 0.59686 0.62012 0.59686 0.5752
0 0.48586 0.67969 0.48586 0.72559 0.59791 0.72559 0.59791 0.67969
0 0.48586 0.93848 0.48586 0.98438 0.59895 0.98438 0.59895 0.93848
0 0.48586 0.85547 0.48586 0.90039 0.59791 0.90039 0.59791 0.85547
0 0.48377 0.76953 0.48377 0.81445 0.59686 0.81445 0.59686 0.76953
0 0.65445 0.93848 0.65445 0.97656 0.76335 0.97656 0.76335 0.93848
0 0.6555 0.85449 0.6555 0.89258 0.7644 0.89258 0.7644 0.85449
0 0.6555 0.76953 0.6555 0.80859 0.7644 0.80859 0.7644 0.76953
0 0.6555 0.68262 0.6555 0.72559 0.76545 0.72559 0.76545 0.68262
0 0.6555 0.5791 0.6555 0.62207 0.76545 0.62207 0.76545 0.5791
0 0.65759 0.49023 0.65759 0.53223 0.76754 0.53223 0.76754 0.49023
0 0.66178 0.39941 0.66178 0.44238 0.77173 0.44238 0.77173 0.39941
0 0.65654 0.30859 0.65654 0.35059 0.76649 0.35059 0.76649 0.30859
0 0.8534 0.097656 0.8534 0.18848 0.95497 0.18848 0.95497 0.097656
1 0.84921 0.017578 0.84921 0.079102 0.98639 0.079102 0.98639 0.017578
1 0.87958 0.21777 0.87958 0.26465 0.99476 0.26465 0.99476 0.21777
