0 0.19434 0.083233 0.19434 0.13269 0.27344 0.13269 0.27344 0.083233
0 0.19434 0.1918 0.19434 0.24246 0.27344 0.24246 0.27344 0.1918
0 0.19434 0.29916 0.19434 0.34982 0.27539 0.34982 0.27539 0.29916
0 0.19434 0.40531 0.19434 0.45838 0.27441 0.45838 0.27441 0.40531
0 0.19434 0.51508 0.19434 0.56695 0.27441 0.56695 0.27441 0.51508
0 0.19531 0.62364 0.19531 0.6731 0.27441 0.6731 0.27441 0.62364
0 0.18945 0.79252 0.18945 0.83353 0.26855 0.83353 0.26855 0.79252
0 0.18945 0.84318 0.18945 0.8854 0.26953 0.8854 0.26953 0.84318
0 0.34863 0.083233 0.34863 0.13148 0.43066 0.13148 0.43066 0.083233
0 0.34863 0.19059 0.34863 0.24125 0.43066 0.24125 0.43066 0.19059
0 0.34863 0.30036 0.34863 0.34982 0.43066 0.34982 0.43066 0.30036
0 0.34863 0.40651 0.34863 0.45718 0.43066 0.45718 0.43066 0.40651
0 0.34863 0.51508 0.34863 0.56574 0.43164 0.56574 0.43164 0.51508
0 0.34863 0.62244 0.34863 0.67189 0.43066 0.67189 0.43066 0.62244
0 0.34277 0.84318 0.34277 0.88661 0.4209 0.88661 0.4209 0.84318
0 0.34277 0.79131 0.34277 0.83112 0.41895 0.83112 0.41895 0.79131
0 0.50586 0.083233 0.50586 0.13269 0.58984 0.13269 0.58984 0.083233
0 0.50586 0.1918 0.50586 0.23884 0.58887 0.23884 0.58887 0.1918
0 0.50586 0.29916 0.50586 0.34982 0.58789 0.34982 0.58789 0.29916
0 0.50586 0.40651 0.50586 0.45718 0.58887 0.45718 0.58887 0.40651
0 0.50586 0.51508 0.50586 0.56574 0.58887 0.56574 0.58887 0.51508
0 0.50586 0.62244 0.50586 0.67431 0.58789 0.67431 0.58789 0.62244
0 0.67383 0.083233 0.67383 0.13269 0.75781 0.13269 0.75781 0.083233
0 0.67285 0.1918 0.67285 0.24125 0.75684 0.24125 0.75684 0.1918
0 0.67285 0.30036 0.67285 0.34982 0.75684 0.34982 0.75684 0.30036
0 0.67383 0.40531 0.67383 0.45838 0.75684 0.45838 0.75684 0.40531
0 0.67285 0.51628 0.67285 0.56695 0.75586 0.56695 0.75586 0.51628
0 0.67285 0.62485 0.67285 0.67551 0.75586 0.67551 0.75586 0.62485
0 0.6709 0.79252 0.6709 0.83233 0.75488 0.83233 0.75488 0.79252
0 0.67188 0.84198 0.67188 0.88782 0.75488 0.88782 0.75488 0.84198
0 0.50098 0.8468 0.50098 0.89023 0.58691 0.89023 0.58691 0.8468
0 0.50098 0.79131 0.50098 0.83353 0.58691 0.83353 0.58691 0.79131
1 0.82617 0.39204 0.82617 0.46924 0.97754 0.46924 0.97754 0.39204
