0 0.56738 0.86026 0.56738 0.9345 0.70996 0.9345 0.70996 0.86026
0 0.56934 0.70015 0.56934 0.77438 0.71094 0.77438 0.71094 0.70015
0 0.56543 0.52693 0.56543 0.60844 0.70703 0.60844 0.70703 0.52693
0 0.56738 0.36099 0.56738 0.44396 0.70898 0.44396 0.70898 0.36099
0 0.56738 0.19505 0.56738 0.27365 0.69629 0.27365 0.69629 0.19505
0 0.56641 0.030568 0.56641 0.1048 0.69531 0.1048 0.69531 0.030568
0 0.33887 0.86317 0.33887 0.94323 0.46973 0.94323 0.46973 0.86317
0 0.33691 0.69869 0.33691 0.77875 0.46777 0.77875 0.46777 0.69869
0 0.33789 0.52547 0.33789 0.60844 0.43359 0.60844 0.43359 0.52547
0 0.33496 0.35953 0.33496 0.43959 0.4375 0.43959 0.4375 0.35953
0 0.33594 0.18923 0.33594 0.26783 0.46582 0.26783 0.46582 0.18923
0 0.34082 0.021834 0.34082 0.10044 0.4707 0.10044 0.4707 0.021834
0 0.11719 0.024745 0.11719 0.093159 0.23926 0.093159 0.23926 0.024745
0 0.11621 0.19214 0.11621 0.26492 0.23633 0.26492 0.23633 0.19214
0 0.11328 0.36099 0.11328 0.43377 0.2334 0.43377 0.2334 0.36099
0 0.11133 0.5313 0.11133 0.60408 0.23242 0.60408 0.23242 0.5313
0 0.11133 0.70015 0.11133 0.77438 0.23535 0.77438 0.23535 0.70015
0 0.11523 0.869 0.11523 0.94178 0.23828 0.94178 0.23828 0.869
1 0.86621 0.027656 0.86621 0.12955 0.98535 0.12955 0.98535 0.027656
0 0.81055 0.18777 0.81055 0.29403 0.85742 0.29403 0.85742 0.18777
0 0.80762 0.024745 0.80762 0.131 0.85547 0.131 0.85547 0.024745
0 0.80664 0.83552 0.80664 0.93595 0.84961 0.93595 0.84961 0.83552
0 0.80859 0.67831 0.80859 0.77729 0.85059 0.77729 0.85059 0.67831
