0 0.70495 0.24819 0.70495 0.27717 0.78604 0.27717 0.78604 0.24819
0 0.52703 0.24638 0.52703 0.27536 0.60811 0.27536 0.60811 0.24638
0 0.3491 0.24819 0.3491 0.27717 0.42568 0.27717 0.42568 0.24819
0 0.16892 0.25 0.16892 0.27899 0.2455 0.27899 0.2455 0.25
0 0.16667 0.55616 0.16667 0.58514 0.24324 0.58514 0.24324 0.55616
0 0.16441 0.50362 0.16441 0.5471 0.23874 0.5471 0.23874 0.50362
0 0.34459 0.50362 0.34459 0.5471 0.42793 0.5471 0.42793 0.50362
0 0.52027 0.50725 0.52027 0.54891 0.61036 0.54891 0.61036 0.50725
0 0.6982 0.50906 0.6982 0.55435 0.7973 0.55435 0.7973 0.50906
0 0.70045 0.55978 0.70045 0.58877 0.77928 0.58877 0.77928 0.55978
0 0.52252 0.56159 0.52252 0.58877 0.5991 0.58877 0.5991 0.56159
0 0.34009 0.55978 0.34009 0.58514 0.42117 0.58514 0.42117 0.55978
0 0.16441 0.66123 0.16441 0.73188 0.2545 0.73188 0.2545 0.66123
0 0.32883 0.77355 0.32883 0.84601 0.42568 0.84601 0.42568 0.77355
0 0.50676 0.77536 0.50676 0.84783 0.60586 0.84783 0.60586 0.77536
0 0.68468 0.77717 0.68468 0.84964 0.78378 0.84964 0.78378 0.77717
0 0.68694 0.86957 0.68694 0.92754 0.78829 0.92754 0.78829 0.86957
0 0.50676 0.86594 0.50676 0.9221 0.61261 0.9221 0.61261 0.86594
0 0.33108 0.86594 0.33108 0.92029 0.44144 0.92029 0.44144 0.86594
0 0.35586 0.93659 0.35586 0.96014 0.46622 0.96014 0.46622 0.93659
0 0.52027 0.93478 0.52027 0.96196 0.63288 0.96196 0.63288 0.93478
0 0.69595 0.93841 0.69595 0.96377 0.7973 0.96377 0.7973 0.93841
0 0.70495 0.12138 0.70495 0.15036 0.81081 0.15036 0.81081 0.12138
0 0.52703 0.12319 0.52703 0.15217 0.61937 0.15217 0.61937 0.12319
0 0.3491 0.12138 0.3491 0.15217 0.43243 0.15217 0.43243 0.12138
0 0.16892 0.11775 0.16892 0.14312 0.24099 0.14312 0.24099 0.11775
0 0.16216 0.059783 0.16216 0.10326 0.23874 0.10326 0.23874 0.059783
0 0.70495 0.023551 0.70495 0.054348 0.81081 0.054348 0.81081 0.023551
0 0.61261 0.32971 0.61261 0.42754 0.72973 0.42754 0.72973 0.32971
0 0.43018 0.32971 0.43018 0.42754 0.56306 0.42754 0.56306 0.32971
0 0.34459 0.3279 0.34459 0.42391 0.38964 0.42391 0.38964 0.3279
0 0.15766 0.31703 0.15766 0.42391 0.25676 0.42391 0.25676 0.31703
0 0.37613 0.60507 0.37613 0.63768 0.42342 0.63768 0.42342 0.60507
0 0.55405 0.60507 0.55405 0.63768 0.60135 0.63768 0.60135 0.60507
0 0.20045 0.60326 0.20045 0.63587 0.24775 0.63587 0.24775 0.60326
0 0.73198 0.61051 0.73198 0.64312 0.77928 0.64312 0.77928 0.61051
0 0.32883 0.60507 0.32883 0.63768 0.36261 0.63768 0.36261 0.60507
0 0.16216 0.60326 0.16216 0.63406 0.18468 0.63406 0.18468 0.60326
0 0.50676 0.61051 0.50676 0.63949 0.53829 0.63949 0.53829 0.61051
0 0.68468 0.61413 0.68468 0.64312 0.71396 0.64312 0.71396 0.61413
0 0.081081 0.66486 0.081081 0.69565 0.10135 0.69565 0.10135 0.66486
