0 0.1465 0.086914 0.1465 0.13867 0.28025 0.13867 0.28025 0.086914
0 0.14809 0.24219 0.14809 0.29395 0.28185 0.29395 0.28185 0.24219
0 0.14809 0.39551 0.14809 0.44727 0.28185 0.44727 0.28185 0.39551
0 0.47452 0.085938 0.47452 0.1377 0.61943 0.1377 0.61943 0.085938
0 0.47611 0.24023 0.47611 0.29297 0.62102 0.29297 0.62102 0.24023
0 0.47452 0.39551 0.47452 0.44727 0.62102 0.44727 0.62102 0.39551
0 0.15127 0.5498 0.15127 0.60059 0.28344 0.60059 0.28344 0.5498
0 0.15287 0.70215 0.15287 0.75293 0.28344 0.75293 0.28344 0.70215
0 0.1465 0.88965 0.1465 0.94629 0.28662 0.94629 0.28662 0.88965
0 0.47771 0.54883 0.47771 0.60059 0.62102 0.60059 0.62102 0.54883
0 0.47771 0.70312 0.47771 0.75488 0.62102 0.75488 0.62102 0.70312
0 0.47771 0.89062 0.47771 0.94531 0.6242 0.94531 0.6242 0.89062
0 0.77548 0.39355 0.77548 0.44727 0.88057 0.44727 0.88057 0.39355
0 0.77707 0.54688 0.77707 0.59961 0.88057 0.59961 0.88057 0.54688
0 0.77389 0.70117 0.77389 0.75293 0.87898 0.75293 0.87898 0.70117
0 0.77389 0.89062 0.77389 0.94727 0.88217 0.94727 0.88217 0.89062
1 0.73567 0.20508 0.73567 0.32422 0.98089 0.32422 0.98089 0.20508
