0 0.048218 0.032227 0.048218 0.09082 0.1457 0.09082 0.1457 0.032227
0 0.2327 0.030273 0.2327 0.088867 0.32704 0.088867 0.32704 0.030273
0 0.42872 0.027344 0.42872 0.086914 0.51782 0.086914 0.51782 0.027344
0 0.61006 0.029297 0.61006 0.091797 0.71488 0.091797 0.71488 0.029297
0 0.054507 0.29688 0.054507 0.3584 0.11635 0.3584 0.11635 0.29688
0 0.22851 0.2959 0.22851 0.3584 0.30084 0.3584 0.30084 0.2959
0 0.42558 0.29785 0.42558 0.36035 0.50629 0.36035 0.50629 0.29785
0 0.61111 0.30078 0.61111 0.36133 0.70964 0.36133 0.70964 0.30078
0 0.054507 0.5459 0.054507 0.60156 0.1195 0.60156 0.1195 0.5459
0 0.20545 0.57324 0.20545 0.63184 0.30608 0.63184 0.30608 0.57324
0 0.4109 0.57812 0.4109 0.63379 0.50314 0.63379 0.50314 0.57812
0 0.59958 0.5791 0.59958 0.6377 0.7065 0.6377 0.7065 0.5791
0 0.61006 0.6875 0.61006 0.74512 0.71698 0.74512 0.71698 0.6875
0 0.42558 0.6875 0.42558 0.74512 0.51677 0.74512 0.51677 0.6875
0 0.2327 0.68164 0.2327 0.74512 0.32704 0.74512 0.32704 0.68164
0 0.0587 0.67676 0.0587 0.74023 0.14465 0.74023 0.14465 0.67676
0 0.06499 0.89453 0.06499 0.94922 0.15094 0.94922 0.15094 0.89453
0 0.2348 0.90039 0.2348 0.96289 0.32914 0.96289 0.32914 0.90039
0 0.42872 0.90137 0.42872 0.96289 0.51572 0.96289 0.51572 0.90137
0 0.60901 0.90527 0.60901 0.96191 0.71488 0.96191 0.71488 0.90527
0 0.057652 0.17871 0.057652 0.20801 0.14361 0.20801 0.14361 0.17871
0 0.23061 0.17676 0.23061 0.20703 0.32285 0.20703 0.32285 0.17676
0 0.42453 0.17676 0.42453 0.20898 0.51887 0.20898 0.51887 0.17676
0 0.61216 0.17773 0.61216 0.21191 0.71698 0.21191 0.71698 0.17773
0 0.61006 0.45312 0.61006 0.4873 0.71593 0.4873 0.71593 0.45312
0 0.60797 0.80957 0.60797 0.84082 0.71279 0.84082 0.71279 0.80957
0 0.42767 0.80859 0.42767 0.84082 0.51677 0.84082 0.51677 0.80859
0 0.42662 0.45312 0.42662 0.48828 0.51677 0.48828 0.51677 0.45312
0 0.22746 0.44824 0.22746 0.4834 0.32495 0.4834 0.32495 0.44824
0 0.23585 0.80762 0.23585 0.84082 0.32809 0.84082 0.32809 0.80762
0 0.061845 0.80176 0.061845 0.83398 0.14675 0.83398 0.14675 0.80176
0 0.053459 0.44531 0.053459 0.47559 0.14256 0.47559 0.14256 0.44531
0 0.81342 0.45703 0.81342 0.4873 0.92034 0.4873 0.92034 0.45703
