0 0.12305 0.081988 0.12305 0.13913 0.1709 0.13913 0.1709 0.081988
0 0.12891 0.15031 0.12891 0.17764 0.16797 0.17764 0.16797 0.15031
0 0.13086 0.043478 0.13086 0.07205 0.1709 0.07205 0.1709 0.043478
0 0.12793 0.23478 0.12793 0.26335 0.16797 0.26335 0.16797 0.23478
0 0.12891 0.34534 0.12891 0.37391 0.16895 0.37391 0.16895 0.34534
0 0.12598 0.42857 0.12598 0.46335 0.16797 0.46335 0.16797 0.42857
0 0.12598 0.53665 0.12598 0.57143 0.16895 0.57143 0.16895 0.53665
0 0.13281 0.9205 0.13281 0.95652 0.1748 0.95652 0.1748 0.9205
0 0.12988 0.81491 0.12988 0.84969 0.17188 0.84969 0.17188 0.81491
0 0.12695 0.73168 0.12695 0.76646 0.16895 0.76646 0.16895 0.73168
0 0.125 0.62112 0.125 0.65714 0.16797 0.65714 0.16797 0.62112
0 0.11816 0.27329 0.11816 0.33168 0.16699 0.33168 0.16699 0.27329
0 0.11719 0.46957 0.11719 0.53416 0.16699 0.53416 0.16699 0.46957
0 0.12305 0.85217 0.12305 0.91677 0.17383 0.91677 0.17383 0.85217
0 0.11816 0.66087 0.11816 0.72547 0.16895 0.72547 0.16895 0.66087
0 0.20117 0.037267 0.20117 0.17888 0.25293 0.17888 0.25293 0.037267
0 0.2832 0.038509 0.2832 0.18137 0.33594 0.18137 0.33594 0.038509
0 0.2002 0.23106 0.2002 0.37888 0.25 0.37888 0.25 0.23106
0 0.2832 0.23106 0.2832 0.37764 0.33398 0.37764 0.33398 0.23106
0 0.2002 0.42857 0.2002 0.57516 0.25098 0.57516 0.25098 0.42857
0 0.20117 0.62484 0.20117 0.77143 0.25195 0.77143 0.25195 0.62484
0 0.20508 0.81739 0.20508 0.96522 0.25586 0.96522 0.25586 0.81739
0 0.28223 0.42981 0.28223 0.5764 0.33301 0.5764 0.33301 0.42981
0 0.28516 0.62609 0.28516 0.77267 0.33594 0.77267 0.33594 0.62609
0 0.28809 0.8236 0.28809 0.97143 0.33887 0.97143 0.33887 0.8236
0 0.37012 0.82236 0.37012 0.96646 0.42285 0.96646 0.42285 0.82236
0 0.36816 0.62857 0.36816 0.77267 0.42188 0.77267 0.42188 0.62857
0 0.36719 0.42981 0.36719 0.57888 0.41895 0.57888 0.41895 0.42981
0 0.36816 0.22857 0.36816 0.3764 0.41992 0.3764 0.41992 0.22857
0 0.37012 0.032298 0.37012 0.18137 0.42188 0.18137 0.42188 0.032298
0 0.45312 0.032298 0.45312 0.18137 0.50488 0.18137 0.50488 0.032298
0 0.53809 0.031056 0.53809 0.18012 0.58984 0.18012 0.58984 0.031056
0 0.62402 0.034783 0.62402 0.18261 0.67578 0.18261 0.67578 0.034783
0 0.70801 0.036025 0.70801 0.18385 0.75977 0.18385 0.75977 0.036025
0 0.45312 0.22857 0.45312 0.37764 0.50488 0.37764 0.50488 0.22857
0 0.53809 0.22857 0.53809 0.37764 0.58984 0.37764 0.58984 0.22857
0 0.625 0.23354 0.625 0.38261 0.67676 0.38261 0.67676 0.23354
0 0.70996 0.2323 0.70996 0.38137 0.76172 0.38137 0.76172 0.2323
0 0.71094 0.42857 0.71094 0.57764 0.7627 0.57764 0.7627 0.42857
0 0.62598 0.42857 0.62598 0.57764 0.67773 0.57764 0.67773 0.42857
0 0.53711 0.4323 0.53711 0.58012 0.58984 0.58012 0.58984 0.4323
0 0.45312 0.42981 0.45312 0.57888 0.50488 0.57888 0.50488 0.42981
0 0.4541 0.62484 0.4541 0.77391 0.50586 0.77391 0.50586 0.62484
0 0.45703 0.82112 0.45703 0.96894 0.50879 0.96894 0.50879 0.82112
0 0.54004 0.8236 0.54004 0.97267 0.5918 0.97267 0.5918 0.8236
0 0.54004 0.62857 0.54004 0.7764 0.5918 0.7764 0.5918 0.62857
0 0.625 0.62981 0.625 0.77888 0.67676 0.77888 0.67676 0.62981
0 0.62695 0.82112 0.62695 0.96894 0.67871 0.96894 0.67871 0.82112
0 0.71094 0.81615 0.71094 0.96522 0.76367 0.96522 0.76367 0.81615
0 0.71094 0.62857 0.71094 0.77764 0.7627 0.77764 0.7627 0.62857
0 0.79785 0.23478 0.79785 0.38137 0.85938 0.38137 0.85938 0.23478
0 0.7998 0.63478 0.7998 0.78137 0.86133 0.78137 0.86133 0.63478
0 0.79785 0.42484 0.79785 0.58758 0.85449 0.58758 0.85449 0.42484
