0 0.22122 0.44349 0.22122 0.52568 0.34532 0.52568 0.34532 0.44349
0 0.22482 0.19178 0.22482 0.26541 0.34353 0.26541 0.34353 0.19178
0 0.22842 0.72432 0.22842 0.79966 0.34892 0.79966 0.34892 0.72432
0 0.43885 0.18322 0.43885 0.26199 0.56835 0.26199 0.56835 0.18322
0 0.43885 0.44007 0.43885 0.52055 0.56655 0.52055 0.56655 0.44007
0 0.44424 0.71918 0.44424 0.79966 0.57374 0.79966 0.57374 0.71918
0 0.66547 0.18664 0.66547 0.26199 0.79137 0.26199 0.79137 0.18664
0 0.66547 0.44349 0.66547 0.52055 0.79137 0.52055 0.79137 0.44349
0 0.66727 0.7226 0.66727 0.79966 0.79317 0.79966 0.79317 0.7226
0 0.014388 0.45719 0.014388 0.52397 0.11871 0.52397 0.11871 0.45719
0 0.0053957 0.71747 0.0053957 0.80993 0.073741 0.80993 0.073741 0.71747
0 0.0053957 0.17466 0.0053957 0.26712 0.071942 0.26712 0.071942 0.17466
