0 0.20996 0.83431 0.20996 0.88367 0.26074 0.88367 0.26074 0.83431
0 0.20996 0.64865 0.20996 0.698 0.26074 0.698 0.26074 0.64865
0 0.20996 0.45358 0.20996 0.50294 0.26074 0.50294 0.26074 0.45358
0 0.21387 0.26087 0.21387 0.31022 0.26465 0.31022 0.26465 0.26087
0 0.21973 0.078731 0.21973 0.12808 0.27051 0.12808 0.27051 0.078731
0 0.32227 0.84019 0.32227 0.88602 0.40234 0.88602 0.40234 0.84019
0 0.32031 0.65217 0.32031 0.69683 0.40039 0.69683 0.40039 0.65217
0 0.32227 0.45593 0.32227 0.50059 0.40234 0.50059 0.40234 0.45593
0 0.3252 0.26204 0.3252 0.3067 0.40527 0.3067 0.40527 0.26204
0 0.3291 0.077556 0.3291 0.12221 0.40918 0.12221 0.40918 0.077556
0 0.46973 0.25969 0.46973 0.3067 0.54492 0.3067 0.54492 0.25969
0 0.46777 0.45241 0.46777 0.49941 0.54297 0.49941 0.54297 0.45241
0 0.47266 0.074031 0.47266 0.12221 0.54785 0.12221 0.54785 0.074031
0 0.46875 0.65217 0.46875 0.70035 0.54102 0.70035 0.54102 0.65217
0 0.4668 0.83784 0.4668 0.88602 0.54199 0.88602 0.54199 0.83784
0 0.6084 0.64512 0.6084 0.70153 0.70117 0.70153 0.70117 0.64512
0 0.6084 0.83666 0.6084 0.89424 0.70215 0.89424 0.70215 0.83666
0 0.61035 0.25382 0.61035 0.3114 0.7041 0.3114 0.7041 0.25382
0 0.58789 0.43478 0.58789 0.51351 0.68359 0.51351 0.68359 0.43478
0 0.77539 0.25852 0.77539 0.30787 0.84277 0.30787 0.84277 0.25852
1 0.9043 0.42656 0.9043 0.52174 0.99512 0.52174 0.99512 0.42656
0 0.061523 0.64395 0.061523 0.698 0.095703 0.698 0.095703 0.64395
0 0.061523 0.82961 0.061523 0.88367 0.095703 0.88367 0.095703 0.82961
0 0.064453 0.45476 0.064453 0.50881 0.098633 0.50881 0.098633 0.45476
0 0.069336 0.26204 0.069336 0.3161 0.10352 0.3161 0.10352 0.26204
0 0.075195 0.079906 0.075195 0.13514 0.10938 0.13514 0.10938 0.079906
0 0.77734 0.45006 0.77734 0.50059 0.8457 0.50059 0.8457 0.45006
0 0.77637 0.64982 0.77637 0.69918 0.84375 0.69918 0.84375 0.64982
