0 0.11453 0.073242 0.11453 0.14746 0.25862 0.14746 0.25862 0.073242
0 0.11453 0.31152 0.11453 0.38672 0.25862 0.38672 0.25862 0.31152
0 0.1133 0.48828 0.1133 0.5625 0.25616 0.5625 0.25616 0.48828
0 0.11946 0.6875 0.11946 0.76172 0.26232 0.76172 0.26232 0.6875
0 0.117 0.85352 0.117 0.92773 0.26108 0.92773 0.26108 0.85352
0 0.39901 0.85254 0.39901 0.92676 0.54187 0.92676 0.54187 0.85254
0 0.39532 0.48828 0.39532 0.5625 0.53941 0.5625 0.53941 0.48828
0 0.39286 0.30469 0.39286 0.37891 0.53571 0.37891 0.53571 0.30469
0 0.38916 0.063477 0.38916 0.1377 0.5468 0.1377 0.5468 0.063477
1 0.6798 0.29492 0.6798 0.38379 0.96675 0.38379 0.96675 0.29492
