0 0.071661 0.44588 0.071661 0.52827 0.17427 0.52827 0.17427 0.44588
0 0.071661 0.25848 0.071661 0.34087 0.17427 0.34087 0.17427 0.25848
0 0.070033 0.63813 0.070033 0.7189 0.17264 0.7189 0.17264 0.63813
0 0.28176 0.40872 0.28176 0.48465 0.38925 0.48465 0.38925 0.40872
0 0.4886 0.40065 0.4886 0.47173 0.59935 0.47173 0.59935 0.40065
0 0.69707 0.40065 0.69707 0.47173 0.80782 0.47173 0.80782 0.40065
0 0.45603 0.63813 0.45603 0.70921 0.57818 0.70921 0.57818 0.63813
0 0.69381 0.17932 0.69381 0.24071 0.80782 0.24071 0.80782 0.17932
0 0.2785 0.69305 0.2785 0.76414 0.41368 0.76414 0.41368 0.69305
0 0.28013 0.1874 0.28013 0.24556 0.4202 0.24556 0.4202 0.1874
0 0.48534 0.18417 0.48534 0.24556 0.64658 0.24556 0.64658 0.18417
0 0.69544 0.72698 0.69544 0.76737 0.83876 0.76737 0.83876 0.72698
0 0.2785 0.13893 0.2785 0.17124 0.38762 0.17124 0.38762 0.13893
0 0.28176 0.26171 0.28176 0.29402 0.39251 0.29402 0.39251 0.26171
0 0.49023 0.13732 0.49023 0.16963 0.59935 0.16963 0.59935 0.13732
0 0.48697 0.25848 0.48697 0.29241 0.59772 0.29241 0.59772 0.25848
0 0.6987 0.13086 0.6987 0.16317 0.80945 0.16317 0.80945 0.13086
0 0.69707 0.25363 0.69707 0.28756 0.80782 0.28756 0.80782 0.25363
0 0.4544 0.57997 0.4544 0.62197 0.5798 0.62197 0.5798 0.57997
0 0.45603 0.72213 0.45603 0.76575 0.58143 0.76575 0.58143 0.72213
0 0.46906 0.80291 0.46906 0.82714 0.59609 0.82714 0.59609 0.80291
0 0.27687 0.77544 0.27687 0.81583 0.39577 0.81583 0.39577 0.77544
0 0.27687 0.63974 0.27687 0.68336 0.39088 0.68336 0.39088 0.63974
0 0.69381 0.65105 0.69381 0.68336 0.80945 0.68336 0.80945 0.65105
0 0.69544 0.79968 0.69544 0.82229 0.81107 0.82229 0.81107 0.79968
