0 0.2412 0.15039 0.2412 0.20117 0.35463 0.20117 0.35463 0.15039
0 0.2399 0.3125 0.2399 0.36328 0.35463 0.36328 0.35463 0.3125
0 0.2399 0.48926 0.2399 0.54004 0.35463 0.54004 0.35463 0.48926
0 0.24381 0.66113 0.24381 0.71191 0.35854 0.71191 0.35854 0.66113
0 0.24902 0.82812 0.24902 0.87891 0.36375 0.87891 0.36375 0.82812
0 0.47979 0.15039 0.47979 0.20117 0.59452 0.20117 0.59452 0.15039
0 0.4837 0.3125 0.4837 0.36328 0.59844 0.36328 0.59844 0.3125
0 0.4837 0.48926 0.4837 0.54004 0.59844 0.54004 0.59844 0.48926
0 0.48631 0.66211 0.48631 0.71289 0.60104 0.71289 0.60104 0.66211
0 0.48892 0.82715 0.48892 0.87793 0.60235 0.87793 0.60235 0.82715
0 0.78488 0.15332 0.78488 0.2041 0.89961 0.2041 0.89961 0.15332
0 0.78618 0.31445 0.78618 0.36523 0.89961 0.36523 0.89961 0.31445
0 0.78748 0.66113 0.78748 0.71191 0.90222 0.71191 0.90222 0.66113
0 0.78618 0.82617 0.78618 0.87695 0.90091 0.87695 0.90091 0.82617
1 0.73142 0.45312 0.73142 0.58105 0.95698 0.58105 0.95698 0.45312
