0 0.18701 0.073242 0.18701 0.16797 0.45844 0.16797 0.45844 0.073242
0 0.18961 0.26562 0.18961 0.35645 0.45584 0.35645 0.45584 0.26562
0 0.19091 0.45508 0.19091 0.54688 0.45714 0.54688 0.45714 0.45508
0 0.19091 0.63965 0.19091 0.73047 0.45714 0.73047 0.45714 0.63965
0 0.18961 0.83301 0.18961 0.92383 0.45584 0.92383 0.45584 0.83301
0 0.62338 0.2666 0.62338 0.36133 0.87403 0.36133 0.87403 0.2666
0 0.62727 0.079102 0.62727 0.17383 0.87922 0.17383 0.87922 0.079102
0 0.62338 0.63184 0.62338 0.73242 0.87532 0.73242 0.87532 0.63184
0 0.62078 0.8252 0.62078 0.92578 0.87273 0.92578 0.87273 0.8252
1 0.67792 0.45215 0.67792 0.5498 0.97922 0.5498 0.97922 0.45215
0 0.60779 0.44824 0.60779 0.54883 0.66494 0.54883 0.66494 0.44824
