0 0.80859 0.4974 0.80859 0.51432 0.8457 0.51432 0.8457 0.4974
0 0.80664 0.46484 0.80664 0.48828 0.8457 0.48828 0.8457 0.46484
0 0.80859 0.44141 0.80859 0.45703 0.8457 0.45703 0.8457 0.44141
0 0.24512 0.040365 0.24512 0.083333 0.31152 0.083333 0.31152 0.040365
0 0.22559 0.22526 0.22559 0.26693 0.2959 0.26693 0.2959 0.22526
0 0.22656 0.28255 0.22656 0.32422 0.2959 0.32422 0.2959 0.28255
0 0.22461 0.43099 0.22461 0.47135 0.29395 0.47135 0.29395 0.43099
0 0.22461 0.48828 0.22461 0.52995 0.29395 0.52995 0.29395 0.48828
0 0.22363 0.63542 0.22363 0.67708 0.29395 0.67708 0.29395 0.63542
0 0.22363 0.69661 0.22363 0.73698 0.29297 0.73698 0.29297 0.69661
0 0.36328 0.69401 0.36328 0.73568 0.42969 0.73568 0.42969 0.69401
0 0.3623 0.63802 0.3623 0.67969 0.42773 0.67969 0.42773 0.63802
0 0.36719 0.28255 0.36719 0.32422 0.43262 0.32422 0.43262 0.28255
0 0.36621 0.22656 0.36621 0.26823 0.43262 0.26823 0.43262 0.22656
0 0.36621 0.43099 0.36621 0.47266 0.43262 0.47266 0.43262 0.43099
0 0.36523 0.48568 0.36523 0.52734 0.43164 0.52734 0.43164 0.48568
0 0.20508 0.86979 0.20508 0.92839 0.27051 0.92839 0.27051 0.86979
0 0.33398 0.87109 0.33398 0.92969 0.40625 0.92969 0.40625 0.87109
0 0.50488 0.69531 0.50488 0.73958 0.57617 0.73958 0.57617 0.69531
0 0.47754 0.8724 0.47754 0.93099 0.54883 0.93099 0.54883 0.8724
0 0.50488 0.63542 0.50488 0.68099 0.57617 0.68099 0.57617 0.63542
0 0.50391 0.48438 0.50391 0.52995 0.57422 0.52995 0.57422 0.48438
0 0.50586 0.42969 0.50586 0.47396 0.57715 0.47396 0.57715 0.42969
0 0.50586 0.22266 0.50586 0.26693 0.57617 0.26693 0.57617 0.22266
0 0.50586 0.27995 0.50586 0.32422 0.57617 0.32422 0.57617 0.27995
0 0.38184 0.040365 0.38184 0.082031 0.44922 0.082031 0.44922 0.040365
0 0.79492 0.28385 0.79492 0.32552 0.86621 0.32552 0.86621 0.28385
0 0.79297 0.22656 0.79297 0.26823 0.86426 0.26823 0.86426 0.22656
0 0.79004 0.69792 0.79004 0.73958 0.86133 0.73958 0.86133 0.69792
0 0.79004 0.64062 0.79004 0.68229 0.86133 0.68229 0.86133 0.64062
0 0.65234 0.23177 0.65234 0.32292 0.72559 0.32292 0.72559 0.23177
0 0.65039 0.4362 0.65039 0.52734 0.72363 0.52734 0.72363 0.4362
0 0.65039 0.63802 0.65039 0.72786 0.72461 0.72786 0.72461 0.63802
1 0.87012 0.44141 0.87012 0.51172 0.97656 0.51172 0.97656 0.44141
1 0.89941 0.22656 0.89941 0.32031 0.99707 0.32031 0.99707 0.22656
1 0.89941 0.64583 0.89941 0.73958 0.99707 0.73958 0.99707 0.64583
