0 0.49609 0.077451 0.49609 0.15098 0.58496 0.15098 0.58496 0.077451
0 0.49902 0.26961 0.49902 0.34314 0.58887 0.34314 0.58887 0.26961
0 0.49902 0.46176 0.49902 0.53529 0.58887 0.53529 0.58887 0.46176
0 0.49707 0.65098 0.49707 0.72549 0.58594 0.72549 0.58594 0.65098
0 0.49805 0.84706 0.49805 0.92059 0.58789 0.92059 0.58789 0.84706
0 0.65527 0.46275 0.65527 0.53627 0.74512 0.53627 0.74512 0.46275
0 0.65625 0.27549 0.65625 0.34902 0.74609 0.34902 0.74609 0.27549
0 0.65527 0.076471 0.65527 0.15 0.74512 0.15 0.74512 0.076471
0 0.65332 0.65686 0.65332 0.73039 0.74219 0.73039 0.74219 0.65686
0 0.65234 0.85 0.65234 0.92353 0.74121 0.92353 0.74121 0.85
0 0.32812 0.84608 0.32812 0.91275 0.38184 0.91275 0.38184 0.84608
0 0.32812 0.65294 0.32812 0.71961 0.38281 0.71961 0.38281 0.65294
0 0.33105 0.46569 0.33105 0.53235 0.38477 0.53235 0.38477 0.46569
0 0.33301 0.27647 0.33301 0.34314 0.3877 0.34314 0.3877 0.27647
0 0.33301 0.085294 0.33301 0.15196 0.38672 0.15196 0.38672 0.085294
0 0.85742 0.26667 0.85742 0.34804 0.95898 0.34804 0.95898 0.26667
0 0.85352 0.64902 0.85352 0.73039 0.95801 0.73039 0.95801 0.64902
0 0.85352 0.8451 0.85352 0.92647 0.95605 0.92647 0.95605 0.8451
0 0.8623 0.46176 0.8623 0.5402 0.94922 0.5402 0.94922 0.46176
0 0.8584 0.07451 0.8584 0.15196 0.95996 0.15196 0.95996 0.07451
0 0.077148 0.083333 0.077148 0.19314 0.10938 0.19314 0.10938 0.083333
0 0.19922 0.079412 0.19922 0.19314 0.23926 0.19314 0.23926 0.079412
0 0.19824 0.32255 0.19824 0.43627 0.23828 0.43627 0.23828 0.32255
0 0.19629 0.80882 0.19629 0.92255 0.23633 0.92255 0.23633 0.80882
0 0.076172 0.32255 0.076172 0.43725 0.1084 0.43725 0.1084 0.32255
0 0.075195 0.80392 0.075195 0.91961 0.10645 0.91961 0.10645 0.80392
0 0.076172 0.58039 0.076172 0.69608 0.1084 0.69608 0.1084 0.58039
0 0.19727 0.56471 0.19727 0.67843 0.2373 0.67843 0.2373 0.56471
