0 0.42773 0.1875 0.42773 0.27083 0.51953 0.27083 0.51953 0.1875
0 0.42871 0.3763 0.42871 0.46094 0.51953 0.46094 0.51953 0.3763
0 0.61035 0.18359 0.61035 0.27734 0.72168 0.27734 0.72168 0.18359
0 0.61035 0.3724 0.61035 0.46875 0.72168 0.46875 0.72168 0.3724
0 0.61035 0.5638 0.61035 0.66016 0.72168 0.66016 0.72168 0.5638
0 0.61035 0.75651 0.61035 0.85156 0.72168 0.85156 0.72168 0.75651
0 0.42676 0.75651 0.42676 0.84115 0.51855 0.84115 0.51855 0.75651
0 0.42871 0.56641 0.42871 0.65104 0.51855 0.65104 0.51855 0.56641
1 0.83887 0.5638 0.83887 0.67057 0.97266 0.67057 0.97266 0.5638
1 0.8291 0.1888 0.8291 0.27344 0.96484 0.27344 0.96484 0.1888
0 0.83301 0.36849 0.83301 0.48438 0.93945 0.48438 0.93945 0.36849
0 0.83496 0.7513 0.83496 0.8724 0.93945 0.8724 0.93945 0.7513
0 0.42871 0.0026042 0.42871 0.082031 0.52051 0.082031 0.52051 0.0026042
