0 0.037077 0.044922 0.037077 0.094727 0.11559 0.094727 0.11559 0.044922
0 0.034896 0.1416 0.034896 0.19336 0.11341 0.19336 0.11341 0.1416
0 0.030534 0.24219 0.030534 0.29395 0.11014 0.29395 0.11014 0.24219
0 0.029444 0.3457 0.029444 0.39746 0.10796 0.39746 0.10796 0.3457
0 0.027263 0.44043 0.027263 0.49219 0.10578 0.49219 0.10578 0.44043
0 0.028353 0.54883 0.028353 0.60059 0.10796 0.60059 0.10796 0.54883
0 0.031625 0.63574 0.031625 0.6875 0.11014 0.6875 0.11014 0.63574
0 0.032715 0.72754 0.032715 0.78027 0.11232 0.78027 0.11232 0.72754
0 0.039258 0.86328 0.039258 0.91504 0.11887 0.91504 0.11887 0.86328
0 0.1843 0.87109 0.1843 0.92188 0.26936 0.92188 0.26936 0.87109
0 0.17884 0.7334 0.17884 0.78418 0.2639 0.78418 0.2639 0.7334
0 0.17775 0.64062 0.17775 0.69531 0.26281 0.69531 0.26281 0.64062
0 0.17448 0.55078 0.17448 0.60449 0.25954 0.60449 0.25954 0.55078
0 0.1723 0.44238 0.1723 0.49707 0.25736 0.49707 0.25736 0.44238
0 0.1723 0.34766 0.1723 0.40234 0.25736 0.40234 0.25736 0.34766
0 0.17448 0.24121 0.17448 0.29492 0.25954 0.29492 0.25954 0.24121
0 0.17557 0.13965 0.17557 0.19434 0.26063 0.19434 0.26063 0.13965
0 0.17884 0.040039 0.17884 0.094727 0.2639 0.094727 0.2639 0.040039
0 0.32497 0.040039 0.32497 0.094727 0.41003 0.094727 0.41003 0.040039
0 0.32497 0.13867 0.32497 0.19336 0.41003 0.19336 0.41003 0.13867
0 0.32061 0.24121 0.32061 0.29688 0.41221 0.29688 0.41221 0.24121
0 0.32388 0.34863 0.32388 0.40332 0.41439 0.40332 0.41439 0.34863
0 0.3217 0.44434 0.3217 0.5 0.4133 0.5 0.4133 0.44434
0 0.32388 0.55273 0.32388 0.6084 0.41549 0.6084 0.41549 0.55273
0 0.32606 0.6416 0.32606 0.69727 0.41767 0.69727 0.41767 0.6416
0 0.32933 0.72949 0.32933 0.78516 0.42094 0.78516 0.42094 0.72949
0 0.3337 0.87012 0.3337 0.92578 0.4253 0.92578 0.4253 0.87012
0 0.48637 0.87305 0.48637 0.92773 0.57688 0.92773 0.57688 0.87305
0 0.48419 0.73535 0.48419 0.79102 0.5747 0.79102 0.5747 0.73535
0 0.48201 0.64453 0.48201 0.69922 0.57361 0.69922 0.57361 0.64453
0 0.47874 0.55664 0.47874 0.6123 0.57034 0.6123 0.57034 0.55664
0 0.47655 0.44824 0.47655 0.50293 0.56816 0.50293 0.56816 0.44824
0 0.47764 0.34961 0.47764 0.40527 0.56925 0.40527 0.56925 0.34961
0 0.47437 0.24316 0.47437 0.29883 0.56598 0.29883 0.56598 0.24316
0 0.47328 0.13965 0.47328 0.19531 0.56379 0.19531 0.56379 0.13965
0 0.47219 0.041992 0.47219 0.094727 0.56379 0.094727 0.56379 0.041992
0 0.62159 0.044922 0.62159 0.094727 0.7132 0.094727 0.7132 0.044922
0 0.62486 0.14258 0.62486 0.19336 0.71647 0.19336 0.71647 0.14258
0 0.62814 0.24707 0.62814 0.29688 0.71865 0.29688 0.71865 0.24707
0 0.62814 0.35059 0.62814 0.40625 0.72083 0.40625 0.72083 0.35059
0 0.63032 0.44727 0.63032 0.50293 0.72301 0.50293 0.72301 0.44727
0 0.63032 0.55664 0.63032 0.61133 0.72846 0.61133 0.72846 0.55664
0 0.63032 0.64551 0.63032 0.7002 0.72846 0.7002 0.72846 0.64551
0 0.6325 0.73438 0.6325 0.79004 0.73064 0.79004 0.73064 0.73438
0 0.6325 0.87109 0.6325 0.92676 0.73064 0.92676 0.73064 0.87109
0 0.77535 0.037109 0.77535 0.15918 0.86696 0.15918 0.86696 0.037109
0 0.7819 0.17285 0.7819 0.31641 0.87459 0.31641 0.87459 0.17285
0 0.78735 0.37012 0.78735 0.4834 0.88004 0.4834 0.88004 0.37012
1 0.91058 0.36914 0.91058 0.48047 0.99673 0.48047 0.99673 0.36914
1 0.88332 0.039062 0.88332 0.1582 0.99673 0.1582 0.99673 0.039062
0 0.88659 0.1709 0.88659 0.31836 0.99346 0.31836 0.99346 0.1709
0 0.89749 0.5459 0.89749 0.67188 0.99782 0.67188 0.99782 0.5459
0 0.8964 0.68652 0.8964 0.83105 0.99782 0.83105 0.99782 0.68652
0 0.89422 0.84473 0.89422 0.97363 0.99891 0.97363 0.99891 0.84473
