0 0.2747 0.076596 0.2747 0.12979 0.3759 0.12979 0.3759 0.076596
0 0.26988 0.19574 0.26988 0.24894 0.37108 0.24894 0.37108 0.19574
0 0.26747 0.31064 0.26747 0.36596 0.36867 0.36596 0.36867 0.31064
0 0.26747 0.45532 0.26747 0.50851 0.36867 0.50851 0.36867 0.45532
0 0.26265 0.60213 0.26265 0.65532 0.36386 0.65532 0.36386 0.60213
0 0.26265 0.71277 0.26265 0.76596 0.36386 0.76596 0.36386 0.71277
0 0.25542 0.82553 0.25542 0.88085 0.35663 0.88085 0.35663 0.82553
0 0.45542 0.078723 0.45542 0.13191 0.55663 0.13191 0.55663 0.078723
0 0.44819 0.2 0.44819 0.25532 0.5494 0.25532 0.5494 0.2
0 0.4506 0.30426 0.4506 0.35745 0.55181 0.35745 0.55181 0.30426
0 0.4506 0.45957 0.4506 0.51277 0.55181 0.51277 0.55181 0.45957
0 0.44337 0.60213 0.44337 0.65532 0.54458 0.65532 0.54458 0.60213
0 0.44337 0.71489 0.44337 0.76809 0.54458 0.76809 0.54458 0.71489
0 0.44096 0.82766 0.44096 0.88085 0.54217 0.88085 0.54217 0.82766
0 0.62169 0.8234 0.62169 0.88085 0.72771 0.88085 0.72771 0.8234
0 0.6241 0.70851 0.6241 0.76596 0.72771 0.76596 0.72771 0.70851
0 0.6241 0.59787 0.6241 0.65532 0.72771 0.65532 0.72771 0.59787
0 0.62892 0.45745 0.62892 0.51489 0.72771 0.51489 0.72771 0.45745
0 0.62892 0.31064 0.62892 0.36809 0.73012 0.36809 0.73012 0.31064
0 0.62651 0.2 0.62651 0.25532 0.73012 0.25532 0.73012 0.2
0 0.6241 0.076596 0.6241 0.13404 0.73253 0.13404 0.73253 0.076596
0 0.8 0.076596 0.8 0.13404 0.91084 0.13404 0.91084 0.076596
0 0.80482 0.2 0.80482 0.25532 0.91566 0.25532 0.91566 0.2
0 0.80482 0.31489 0.80482 0.37234 0.91807 0.37234 0.91807 0.31489
0 0.80482 0.45745 0.80482 0.51277 0.91807 0.51277 0.91807 0.45745
0 0.80723 0.6 0.80723 0.65532 0.92048 0.65532 0.92048 0.6
0 0.80723 0.71277 0.80723 0.76809 0.91807 0.76809 0.91807 0.71277
0 0.80964 0.82766 0.80964 0.88511 0.92048 0.88511 0.92048 0.82766
0 0.091566 0.57021 0.091566 0.61489 0.18072 0.61489 0.18072 0.57021
0 0.086747 0.62553 0.086747 0.67021 0.18072 0.67021 0.18072 0.62553
