0 0.42871 0.25 0.42871 0.29036 0.48145 0.29036 0.48145 0.25
0 0.53027 0.2513 0.53027 0.29036 0.58301 0.29036 0.58301 0.2513
0 0.43359 0.40234 0.43359 0.44271 0.48535 0.44271 0.48535 0.40234
0 0.53418 0.40365 0.53418 0.44271 0.58496 0.44271 0.58496 0.40365
0 0.43457 0.52214 0.43457 0.55469 0.48633 0.55469 0.48633 0.52214
0 0.43457 0.57292 0.43457 0.60677 0.48633 0.60677 0.48633 0.57292
0 0.53516 0.53516 0.53516 0.59766 0.58691 0.59766 0.58691 0.53516
0 0.53516 0.70182 0.53516 0.76432 0.58691 0.76432 0.58691 0.70182
0 0.43457 0.6888 0.43457 0.72266 0.48633 0.72266 0.48633 0.6888
0 0.43457 0.73828 0.43457 0.77344 0.48633 0.77344 0.48633 0.73828
0 0.63477 0.6875 0.63477 0.72266 0.69434 0.72266 0.69434 0.6875
0 0.63477 0.7513 0.63477 0.78646 0.69434 0.78646 0.69434 0.7513
0 0.74121 0.6901 0.74121 0.72656 0.79883 0.72656 0.79883 0.6901
0 0.74121 0.75391 0.74121 0.79167 0.79883 0.79167 0.79883 0.75391
0 0.63477 0.52083 0.63477 0.55599 0.69336 0.55599 0.69336 0.52083
0 0.63477 0.58464 0.63477 0.61979 0.69336 0.61979 0.69336 0.58464
0 0.74023 0.52344 0.74023 0.5599 0.79883 0.5599 0.79883 0.52344
0 0.74121 0.58594 0.74121 0.6224 0.79883 0.6224 0.79883 0.58594
0 0.63477 0.40755 0.63477 0.44792 0.69238 0.44792 0.69238 0.40755
0 0.74121 0.40755 0.74121 0.44922 0.79785 0.44922 0.79785 0.40755
0 0.62891 0.25521 0.62891 0.29557 0.6875 0.29557 0.6875 0.25521
0 0.7373 0.23568 0.7373 0.27344 0.7959 0.27344 0.7959 0.23568
0 0.73828 0.28385 0.73828 0.32031 0.7959 0.32031 0.7959 0.28385
0 0.84961 0.25651 0.84961 0.29818 0.90234 0.29818 0.90234 0.25651
0 0.85059 0.41146 0.85059 0.45182 0.90234 0.45182 0.90234 0.41146
0 0.85059 0.52734 0.85059 0.5599 0.90234 0.5599 0.90234 0.52734
0 0.85059 0.58984 0.85059 0.625 0.90234 0.625 0.90234 0.58984
0 0.85059 0.6901 0.85059 0.72786 0.90234 0.72786 0.90234 0.6901
0 0.85059 0.75781 0.85059 0.79167 0.90234 0.79167 0.90234 0.75781
0 0.43359 0.85156 0.43359 0.89193 0.48633 0.89193 0.48633 0.85156
0 0.5332 0.85677 0.5332 0.89583 0.58594 0.89583 0.58594 0.85677
0 0.94922 0.26302 0.94922 0.29948 0.99219 0.29948 0.99219 0.26302
1 0.94141 0.41276 0.94141 0.46224 0.99414 0.46224 0.99414 0.41276
0 0.9502 0.59635 0.9502 0.62891 0.99609 0.62891 0.99609 0.59635
