0 0.21228 0.19145 0.21228 0.30085 0.32992 0.30085 0.32992 0.19145
0 0.43734 0.18803 0.43734 0.29744 0.55499 0.29744 0.55499 0.18803
0 0.66752 0.19316 0.66752 0.29915 0.78517 0.29915 0.78517 0.19316
0 0.063939 0.37607 0.063939 0.4735 0.15857 0.4735 0.15857 0.37607
0 0.063939 0.52821 0.063939 0.62564 0.15857 0.62564 0.15857 0.52821
0 0.26087 0.37607 0.26087 0.47521 0.36829 0.47521 0.36829 0.37607
0 0.26087 0.52821 0.26087 0.62906 0.36829 0.62906 0.36829 0.52821
0 0.47059 0.37436 0.47059 0.4735 0.57801 0.4735 0.57801 0.37436
0 0.47315 0.52821 0.47315 0.62906 0.58056 0.62906 0.58056 0.52821
0 0.68798 0.37607 0.68798 0.4735 0.78261 0.4735 0.78261 0.37607
0 0.68286 0.53162 0.68286 0.62906 0.77749 0.62906 0.77749 0.53162
0 0.21228 0.6906 0.21228 0.79487 0.32737 0.79487 0.32737 0.6906
0 0.43734 0.69231 0.43734 0.79829 0.55243 0.79829 0.55243 0.69231
0 0.65985 0.6906 0.65985 0.79658 0.77494 0.79658 0.77494 0.6906
0 0.061381 0.68034 0.061381 0.77949 0.10486 0.77949 0.10486 0.68034
0 0.25831 0.078632 0.25831 0.1265 0.32737 0.1265 0.32737 0.078632
0 0.47315 0.075214 0.47315 0.12479 0.55499 0.12479 0.55499 0.075214
0 0.68286 0.076923 0.68286 0.12821 0.77494 0.12821 0.77494 0.076923
0 0.47059 0.88205 0.47059 0.92991 0.54731 0.92991 0.54731 0.88205
0 0.68031 0.88376 0.68031 0.92991 0.77238 0.92991 0.77238 0.88376
0 0.25831 0.88205 0.25831 0.92991 0.32737 0.92991 0.32737 0.88205
0 0.063939 0.21538 0.063939 0.31453 0.10742 0.31453 0.10742 0.21538
