0 0.027415 0.52083 0.027415 0.59077 0.11749 0.59077 0.11749 0.52083
0 0.02611 0.38988 0.02611 0.45982 0.11619 0.45982 0.11619 0.38988
0 0.43995 0.14435 0.43995 0.24256 0.55614 0.24256 0.55614 0.14435
0 0.43995 0.69643 0.43995 0.79464 0.55614 0.79464 0.55614 0.69643
0 0.65535 0.6994 0.65535 0.79315 0.78721 0.79315 0.78721 0.6994
0 0.64752 0.14435 0.64752 0.23958 0.77937 0.23958 0.77937 0.14435
0 0.64883 0.43452 0.64883 0.50744 0.82637 0.50744 0.82637 0.43452
0 0.43995 0.41518 0.43995 0.50744 0.59399 0.50744 0.59399 0.41518
0 0.22846 0.41815 0.22846 0.51339 0.34726 0.51339 0.34726 0.41815
0 0.23107 0.15179 0.23107 0.24405 0.34987 0.24405 0.34987 0.15179
0 0.22846 0.70089 0.22846 0.79315 0.34726 0.79315 0.34726 0.70089
0 0.023499 0.46577 0.023499 0.50595 0.11619 0.50595 0.11619 0.46577
1 0.87859 0.41667 0.87859 0.51042 0.99347 0.51042 0.99347 0.41667
