0 0.30952 0.60938 0.30952 0.68608 0.41877 0.68608 0.41877 0.60938
0 0.30672 0.83381 0.30672 0.91051 0.41457 0.91051 0.41457 0.83381
0 0.5 0.60938 0.5 0.68608 0.61905 0.68608 0.61905 0.60938
0 0.4986 0.83523 0.4986 0.91193 0.61765 0.91193 0.61765 0.83523
0 0.70168 0.6108 0.70168 0.68324 0.82493 0.68324 0.82493 0.6108
0 0.70028 0.84091 0.70028 0.91335 0.82213 0.91335 0.82213 0.84091
0 0.69888 0.28835 0.69888 0.36222 0.82633 0.36222 0.82633 0.28835
0 0.11485 0.61932 0.11485 0.68182 0.20448 0.68182 0.20448 0.61932
0 0.11204 0.83807 0.11204 0.90057 0.20168 0.90057 0.20168 0.83807
0 0.13305 0.29688 0.13305 0.37216 0.2395 0.37216 0.2395 0.29688
0 0.30392 0.29545 0.30392 0.3679 0.43978 0.3679 0.43978 0.29545
0 0.493 0.28693 0.493 0.36648 0.64846 0.36648 0.64846 0.28693
