0 0.09082 0.21969 0.09082 0.28959 0.1582 0.28959 0.1582 0.21969
0 0.089844 0.10556 0.089844 0.17689 0.15723 0.17689 0.15723 0.10556
0 0.09375 0.33381 0.09375 0.40514 0.16113 0.40514 0.16113 0.33381
0 0.23828 0.36662 0.23828 0.43652 0.29395 0.43652 0.29395 0.36662
0 0.375 0.36519 0.375 0.43937 0.44629 0.43937 0.44629 0.36519
0 0.23242 0.1398 0.23242 0.23395 0.32617 0.23395 0.32617 0.1398
0 0.36816 0.1398 0.36816 0.24822 0.47266 0.24822 0.47266 0.1398
0 0.51172 0.36091 0.51172 0.44508 0.59375 0.44508 0.59375 0.36091
0 0.51562 0.13695 0.51562 0.25107 0.62402 0.25107 0.62402 0.13695
0 0.6709 0.35378 0.6709 0.44365 0.76172 0.44365 0.76172 0.35378
0 0.67188 0.12981 0.67188 0.25107 0.79883 0.25107 0.79883 0.12981
0 0.1123 0.57489 0.1123 0.66476 0.17969 0.66476 0.17969 0.57489
0 0.11328 0.8174 0.11328 0.90728 0.18066 0.90728 0.18066 0.8174
0 0.24707 0.82168 0.24707 0.91298 0.31641 0.91298 0.31641 0.82168
0 0.24512 0.57347 0.24512 0.66334 0.31543 0.66334 0.31543 0.57347
0 0.38184 0.8331 0.38184 0.91726 0.46777 0.91726 0.46777 0.8331
0 0.38086 0.58203 0.38086 0.66619 0.4668 0.66619 0.4668 0.58203
0 0.52734 0.58345 0.52734 0.67475 0.62109 0.67475 0.62109 0.58345
0 0.52637 0.82596 0.52637 0.91726 0.62109 0.91726 0.62109 0.82596
0 0.69141 0.82168 0.69141 0.9087 0.79688 0.9087 0.79688 0.82168
0 0.69238 0.58773 0.69238 0.6719 0.80078 0.6719 0.80078 0.58773
0 0.84375 0.3709 0.84375 0.44793 0.8877 0.44793 0.8877 0.3709
