0 0.18164 0.17515 0.18164 0.27337 0.29297 0.27337 0.29297 0.17515
0 0.18066 0.3574 0.18066 0.45444 0.29199 0.45444 0.29199 0.3574
0 0.17285 0.6284 0.17285 0.72663 0.28418 0.72663 0.28418 0.6284
0 0.18262 0.0071006 0.18262 0.091124 0.29492 0.091124 0.29492 0.0071006
0 0.16895 0.87219 0.16895 0.96568 0.28516 0.96568 0.28516 0.87219
0 0.43066 0.3574 0.43066 0.45562 0.58789 0.45562 0.58789 0.3574
0 0.43066 0.17041 0.43066 0.26864 0.58789 0.26864 0.58789 0.17041
0 0.43359 0.0059172 0.43359 0.089941 0.59082 0.089941 0.59082 0.0059172
0 0.42383 0.62485 0.42383 0.72426 0.58105 0.72426 0.58105 0.62485
0 0.42676 0.87101 0.42676 0.97041 0.58496 0.97041 0.58496 0.87101
0 0.69922 0.35385 0.69922 0.45917 0.82422 0.45917 0.82422 0.35385
0 0.69922 0.17278 0.69922 0.27811 0.82422 0.27811 0.82422 0.17278
0 0.69922 0.0059172 0.69922 0.094675 0.82422 0.094675 0.82422 0.0059172
0 0.69629 0.8568 0.69629 0.96331 0.82129 0.96331 0.82129 0.8568
1 0.68066 0.57041 0.68066 0.7929 0.91211 0.7929 0.91211 0.57041
