0 0.20472 0.19727 0.20472 0.22949 0.27559 0.22949 0.27559 0.19727
0 0.34383 0.19629 0.34383 0.22949 0.4252 0.22949 0.4252 0.19629
0 0.48163 0.19922 0.48163 0.23242 0.57218 0.23242 0.57218 0.19922
0 0.64042 0.19922 0.64042 0.23145 0.72966 0.23145 0.72966 0.19922
0 0.80709 0.19434 0.80709 0.22949 0.9042 0.22949 0.9042 0.19434
0 0.44619 0.80176 0.44619 0.83691 0.54987 0.83691 0.54987 0.80176
0 0.63648 0.80078 0.63648 0.83691 0.73885 0.83691 0.73885 0.80078
0 0.8189 0.79883 0.8189 0.84375 0.92782 0.84375 0.92782 0.79883
0 0.25591 0.79492 0.25591 0.83203 0.32808 0.83203 0.32808 0.79492
0 0.47244 0.10547 0.47244 0.13379 0.55643 0.13379 0.55643 0.10547
0 0.35171 0.087891 0.35171 0.11426 0.41995 0.11426 0.41995 0.087891
0 0.069554 0.077148 0.069554 0.10645 0.13123 0.10645 0.13123 0.077148
0 0.22047 0.0625 0.22047 0.10352 0.29003 0.10352 0.29003 0.0625
0 0.62861 0.10645 0.62861 0.12598 0.65354 0.12598 0.65354 0.10645
0 0.66142 0.10742 0.66142 0.12695 0.72441 0.12695 0.72441 0.10742
0 0.35039 0.053711 0.35039 0.079102 0.41995 0.079102 0.41995 0.053711
0 0.47244 0.072266 0.47244 0.10156 0.55774 0.10156 0.55774 0.072266
0 0.6273 0.082031 0.6273 0.10156 0.65354 0.10156 0.65354 0.082031
0 0.66142 0.082031 0.66142 0.10156 0.72441 0.10156 0.72441 0.082031
0 0.80709 0.076172 0.80709 0.11133 0.90289 0.11133 0.90289 0.076172
0 0.80709 0.2627 0.80709 0.29883 0.90289 0.29883 0.90289 0.2627
0 0.80709 0.33203 0.80709 0.36719 0.90289 0.36719 0.90289 0.33203
0 0.8084 0.40039 0.8084 0.43555 0.9042 0.43555 0.9042 0.40039
0 0.80577 0.46777 0.80577 0.50293 0.90289 0.50293 0.90289 0.46777
0 0.80709 0.53711 0.80709 0.57227 0.90289 0.57227 0.90289 0.53711
0 0.80577 0.60645 0.80577 0.6416 0.90289 0.6416 0.90289 0.60645
0 0.8084 0.67383 0.8084 0.70898 0.9042 0.70898 0.9042 0.67383
0 0.63911 0.25781 0.63911 0.29102 0.72835 0.29102 0.72835 0.25781
0 0.64042 0.33496 0.64042 0.36816 0.72966 0.36816 0.72966 0.33496
0 0.64042 0.39648 0.64042 0.42969 0.73097 0.42969 0.73097 0.39648
0 0.64042 0.47266 0.64042 0.50488 0.73097 0.50488 0.73097 0.47266
0 0.64173 0.5332 0.64173 0.56641 0.73097 0.56641 0.73097 0.5332
0 0.64173 0.61035 0.64173 0.64355 0.73097 0.64355 0.73097 0.61035
0 0.64173 0.66992 0.64173 0.70312 0.73097 0.70312 0.73097 0.66992
0 0.48294 0.25879 0.48294 0.29199 0.57349 0.29199 0.57349 0.25879
0 0.48294 0.33594 0.48294 0.37012 0.57349 0.37012 0.57349 0.33594
0 0.48294 0.39648 0.48294 0.42969 0.57349 0.42969 0.57349 0.39648
0 0.48425 0.47363 0.48425 0.50781 0.57218 0.50781 0.57218 0.47363
0 0.48163 0.53418 0.48163 0.56738 0.57218 0.56738 0.57218 0.53418
0 0.48294 0.61133 0.48294 0.64453 0.5748 0.64453 0.5748 0.61133
0 0.48425 0.66992 0.48425 0.70312 0.5748 0.70312 0.5748 0.66992
0 0.34252 0.25684 0.34252 0.29004 0.4252 0.29004 0.4252 0.25684
0 0.34383 0.33398 0.34383 0.36621 0.4252 0.36621 0.4252 0.33398
0 0.34383 0.39258 0.34383 0.42578 0.4252 0.42578 0.4252 0.39258
0 0.34514 0.46973 0.34514 0.50195 0.42388 0.50195 0.42388 0.46973
0 0.34383 0.53223 0.34383 0.5625 0.42651 0.5625 0.42651 0.53223
0 0.34383 0.60742 0.34383 0.63867 0.42651 0.63867 0.42651 0.60742
0 0.34514 0.66602 0.34514 0.69727 0.42651 0.69727 0.42651 0.66602
0 0.20472 0.25684 0.20472 0.28906 0.2769 0.28906 0.2769 0.25684
0 0.20472 0.33398 0.20472 0.36523 0.2769 0.36523 0.2769 0.33398
0 0.20472 0.39355 0.20472 0.42578 0.2769 0.42578 0.2769 0.39355
0 0.20604 0.4707 0.20604 0.50293 0.27822 0.50293 0.27822 0.4707
0 0.20604 0.53027 0.20604 0.5625 0.27822 0.5625 0.27822 0.53027
0 0.20735 0.6084 0.20735 0.63965 0.27822 0.63965 0.27822 0.6084
0 0.20735 0.66699 0.20735 0.69922 0.27822 0.69922 0.27822 0.66699
0 0.25591 0.86719 0.25591 0.90234 0.32808 0.90234 0.32808 0.86719
0 0.25591 0.93848 0.25591 0.97559 0.32808 0.97559 0.32808 0.93848
0 0.44619 0.87305 0.44619 0.9082 0.54987 0.9082 0.54987 0.87305
0 0.44751 0.94336 0.44751 0.97852 0.55118 0.97852 0.55118 0.94336
0 0.63648 0.87207 0.63648 0.90918 0.73885 0.90918 0.73885 0.87207
0 0.63648 0.94336 0.63648 0.97949 0.73885 0.97949 0.73885 0.94336
0 0.81759 0.87012 0.81759 0.91504 0.9252 0.91504 0.9252 0.87012
0 0.8189 0.94043 0.8189 0.98633 0.92782 0.98633 0.92782 0.94043
