0 0.15824 0.21094 0.15824 0.27832 0.33982 0.27832 0.33982 0.21094
0 0.15694 0.34668 0.15694 0.41406 0.33852 0.41406 0.33852 0.34668
0 0.15045 0.47949 0.15045 0.57324 0.3489 0.57324 0.3489 0.47949
0 0.16083 0.63867 0.16083 0.71777 0.35149 0.71777 0.35149 0.63867
0 0.16472 0.7793 0.16472 0.85449 0.35409 0.85449 0.35409 0.7793
0 0.44358 0.063477 0.44358 0.14258 0.6511 0.14258 0.6511 0.063477
0 0.43709 0.20996 0.43709 0.27832 0.64981 0.27832 0.64981 0.20996
0 0.43969 0.34473 0.43969 0.41406 0.6524 0.41406 0.6524 0.34473
0 0.43061 0.49609 0.43061 0.57422 0.67315 0.57422 0.67315 0.49609
0 0.42931 0.64062 0.42931 0.71875 0.67185 0.71875 0.67185 0.64062
0 0.43191 0.78125 0.43191 0.85645 0.66667 0.85645 0.66667 0.78125
0 0.76783 0.48926 0.76783 0.56348 0.99351 0.56348 0.99351 0.48926
0 0.76394 0.63867 0.76394 0.71387 0.99351 0.71387 0.99351 0.63867
0 0.76783 0.34277 0.76783 0.41309 0.99351 0.41309 0.99351 0.34277
0 0.76783 0.20703 0.76783 0.27734 0.99222 0.27734 0.99222 0.20703
1 0.78599 0.076172 0.78599 0.14355 0.99481 0.14355 0.99481 0.076172
0 0.76135 0.78027 0.76135 0.85449 0.99222 0.85449 0.99222 0.78027
0 0.1738 0.91602 0.1738 0.99219 0.35279 0.99219 0.35279 0.91602
