0 0.17188 0.095703 0.17188 0.13867 0.27841 0.13867 0.27841 0.095703
0 0.16761 0.19922 0.16761 0.24219 0.27415 0.24219 0.27415 0.19922
0 0.16619 0.30566 0.16619 0.34863 0.27273 0.34863 0.27273 0.30566
0 0.16051 0.41895 0.16051 0.46191 0.26705 0.46191 0.26705 0.41895
0 0.15483 0.59668 0.15483 0.64453 0.26136 0.64453 0.26136 0.59668
0 0.16903 0.76855 0.16903 0.81152 0.27557 0.81152 0.27557 0.76855
0 0.17898 0.87402 0.17898 0.91699 0.28409 0.91699 0.28409 0.87402
0 0.35227 0.09668 0.35227 0.1377 0.48011 0.1377 0.48011 0.09668
0 0.35085 0.19922 0.35085 0.24023 0.47869 0.24023 0.47869 0.19922
0 0.35227 0.30664 0.35227 0.34766 0.48011 0.34766 0.48011 0.30664
0 0.34375 0.41992 0.34375 0.46387 0.47869 0.46387 0.47869 0.41992
0 0.34517 0.59766 0.34517 0.64746 0.47443 0.64746 0.47443 0.59766
0 0.35369 0.77344 0.35369 0.81348 0.48153 0.81348 0.48153 0.77344
0 0.35938 0.875 0.35938 0.91504 0.48722 0.91504 0.48722 0.875
0 0.5554 0.10059 0.5554 0.14258 0.64631 0.14258 0.64631 0.10059
0 0.55682 0.20117 0.55682 0.24316 0.64773 0.24316 0.64773 0.20117
0 0.55966 0.30566 0.55966 0.34863 0.64915 0.34863 0.64915 0.30566
0 0.55682 0.42188 0.55682 0.46387 0.64773 0.46387 0.64773 0.42188
0 0.55824 0.77051 0.55824 0.81348 0.64773 0.81348 0.64773 0.77051
0 0.56108 0.87402 0.56108 0.91602 0.65057 0.91602 0.65057 0.87402
1 0.7358 0.21191 0.7358 0.24512 0.85511 0.24512 0.85511 0.21191
0 0.71875 0.74512 0.71875 0.83691 0.83949 0.83691 0.83949 0.74512
